 # Frequency[cm^-1] DOS PDOS
 -1.9219139211E-05  0.0000000000E+00  0.0000E+00  0.0000E+00
  9.9998078086E-01  1.7005020810E-07  8.5025E-08  8.5025E-08
  1.9999807809E+00  6.8020105696E-07  3.4010E-07  3.4010E-07
  2.9999807809E+00  1.5304525466E-06  7.6523E-07  7.6523E-07
  3.9999807809E+00  2.7208046770E-06  1.3604E-06  1.3604E-06
  4.9999807809E+00  4.2512574481E-06  2.1256E-06  2.1256E-06
  5.9999807809E+00  6.1218108600E-06  3.0609E-06  3.0609E-06
  6.9999807809E+00  8.3324649127E-06  4.1662E-06  4.1662E-06
  7.9999807809E+00  1.0883219606E-05  5.4416E-06  5.4416E-06
  8.9999807809E+00  1.3774074940E-05  6.8870E-06  6.8870E-06
  9.9999807809E+00  1.7005030915E-05  8.5025E-06  8.5025E-06
  1.0999980781E+01  2.0576087531E-05  1.0288E-05  1.0288E-05
  1.1999980781E+01  2.4487244787E-05  1.2244E-05  1.2244E-05
  1.2999980781E+01  2.8738502685E-05  1.4369E-05  1.4369E-05
  1.3999980781E+01  3.3329861223E-05  1.6665E-05  1.6665E-05
  1.4999980781E+01  3.8261320401E-05  1.9131E-05  1.9131E-05
  1.5999980781E+01  4.3532880221E-05  2.1766E-05  2.1766E-05
  1.6999980781E+01  4.9144540681E-05  2.4572E-05  2.4572E-05
  1.7999980781E+01  5.5096301782E-05  2.7548E-05  2.7548E-05
  1.8999980781E+01  6.1388163524E-05  3.0694E-05  3.0694E-05
  1.9999980781E+01  6.8020125906E-05  3.4010E-05  3.4010E-05
  2.0999980781E+01  7.4992188930E-05  3.7496E-05  3.7496E-05
  2.1999980781E+01  8.2304352594E-05  4.1152E-05  4.1152E-05
  2.2999980781E+01  8.9956616899E-05  4.4978E-05  4.4978E-05
  2.3999980781E+01  9.7948981844E-05  4.8974E-05  4.8974E-05
  2.4999980781E+01  1.0628144743E-04  5.3141E-05  5.3141E-05
  2.5999980781E+01  1.1495401366E-04  5.7477E-05  5.7477E-05
  2.6999980781E+01  1.2396668053E-04  6.1983E-05  6.1983E-05
  2.7999980781E+01  1.3331944803E-04  6.6660E-05  6.6660E-05
  2.8999980781E+01  1.4301231618E-04  7.1506E-05  7.1506E-05
  2.9999980781E+01  1.5304528497E-04  7.6523E-05  7.6523E-05
  3.0999980781E+01  1.6341835440E-04  8.1709E-05  8.1709E-05
  3.1999980781E+01  1.7413152448E-04  8.7066E-05  8.7066E-05
  3.2999980781E+01  1.8518479519E-04  9.2592E-05  9.2592E-05
  3.3999980781E+01  1.9657816654E-04  9.8289E-05  9.8289E-05
  3.4999980781E+01  2.0831163854E-04  1.0416E-04  1.0416E-04
  3.5999980781E+01  2.2038521117E-04  1.1019E-04  1.1019E-04
  3.6999980781E+01  2.3279888445E-04  1.1640E-04  1.1640E-04
  3.7999980781E+01  2.4555265836E-04  1.2278E-04  1.2278E-04
  3.8999980781E+01  2.5864653292E-04  1.2932E-04  1.2932E-04
  3.9999980781E+01  2.7208050812E-04  1.3604E-04  1.3604E-04
  4.0999980781E+01  2.8585458396E-04  1.4293E-04  1.4293E-04
  4.1999980781E+01  2.9996876043E-04  1.4998E-04  1.4998E-04
  4.2999980781E+01  3.1442303755E-04  1.5721E-04  1.5721E-04
  4.3999980781E+01  3.2921741532E-04  1.6461E-04  1.6461E-04
  4.4999980781E+01  3.4435189372E-04  1.7218E-04  1.7218E-04
  4.5999980781E+01  3.5982647276E-04  1.7991E-04  1.7991E-04
  4.6999980781E+01  3.7564115244E-04  1.8782E-04  1.8782E-04
  4.7999980781E+01  3.9179593277E-04  1.9590E-04  1.9590E-04
  4.8999980781E+01  4.0829081373E-04  2.0415E-04  2.0415E-04
  4.9999980781E+01  4.2512579534E-04  2.1256E-04  2.1256E-04
  5.0999980781E+01  4.4230087758E-04  2.2115E-04  2.2115E-04
  5.1999980781E+01  4.5981606047E-04  2.2991E-04  2.2991E-04
  5.2999980781E+01  4.7767134400E-04  2.3884E-04  2.3884E-04
  5.3999980781E+01  4.9586672817E-04  2.4793E-04  2.4793E-04
  5.4999980781E+01  5.1440221297E-04  2.5720E-04  2.5720E-04
  5.5999980781E+01  5.3327779842E-04  2.6664E-04  2.6664E-04
  5.6999980781E+01  5.5249348451E-04  2.7625E-04  2.7625E-04
  5.7999980781E+01  5.7204927125E-04  2.8602E-04  2.8602E-04
  5.8999980781E+01  5.9194515862E-04  2.9597E-04  2.9597E-04
  5.9999980781E+01  6.1218114663E-04  3.0609E-04  3.0609E-04
  6.0999980781E+01  6.3275723529E-04  3.1638E-04  3.1638E-04
  6.1999980781E+01  6.5367342458E-04  3.2684E-04  3.2684E-04
  6.2999980781E+01  6.7492971451E-04  3.3746E-04  3.3746E-04
  6.3999980781E+01  6.9652610509E-04  3.4826E-04  3.4826E-04
  6.4999980781E+01  7.1846259631E-04  3.5923E-04  3.5923E-04
  6.5999980781E+01  7.4073918817E-04  3.7037E-04  3.7037E-04
  6.6999980781E+01  7.6335588066E-04  3.8168E-04  3.8168E-04
  6.7999980781E+01  7.8631267380E-04  3.9316E-04  3.9316E-04
  6.8999980781E+01  8.0960956758E-04  4.0480E-04  4.0480E-04
  6.9999980781E+01  8.6471966533E-04  4.3236E-04  4.3236E-04
  7.0999980781E+01  1.0946510209E-03  5.4733E-04  5.4733E-04
  7.1999980781E+01  1.3188469202E-03  6.5942E-04  6.5942E-04
  7.2999980781E+01  1.5373073632E-03  7.6865E-04  7.6865E-04
  7.3999980781E+01  1.7500323499E-03  8.7502E-04  8.7502E-04
  7.4999980781E+01  1.9570218803E-03  9.7851E-04  9.7851E-04
  7.5999980781E+01  2.1582759544E-03  1.0791E-03  1.0791E-03
  7.6999980781E+01  2.3537945722E-03  1.1769E-03  1.1769E-03
  7.7999980781E+01  2.5435777338E-03  1.2718E-03  1.2718E-03
  7.8999980781E+01  2.7276254390E-03  1.3638E-03  1.3638E-03
  7.9999980781E+01  2.9059376880E-03  1.4530E-03  1.4530E-03
  8.0999980781E+01  3.0785144806E-03  1.5393E-03  1.5393E-03
  8.1999980781E+01  3.2453558170E-03  1.6227E-03  1.6227E-03
  8.2999980781E+01  3.4064616971E-03  1.7032E-03  1.7032E-03
  8.3999980781E+01  3.5618321209E-03  1.7809E-03  1.7809E-03
  8.4999980781E+01  3.7114670883E-03  1.8557E-03  1.8557E-03
  8.5999980781E+01  3.8553665995E-03  1.9277E-03  1.9277E-03
  8.6999980781E+01  3.9935306545E-03  1.9968E-03  1.9968E-03
  8.7999980781E+01  4.1259592531E-03  2.0630E-03  2.0630E-03
  8.8999980781E+01  4.2526523954E-03  2.1263E-03  2.1263E-03
  8.9999980781E+01  4.3736100814E-03  2.1868E-03  2.1868E-03
  9.0999980781E+01  4.4888323112E-03  2.2444E-03  2.2444E-03
  9.1999980781E+01  4.5983190846E-03  2.2992E-03  2.2992E-03
  9.2999980781E+01  4.7364649113E-03  2.3682E-03  2.3682E-03
  9.3999980781E+01  4.8960343424E-03  2.4480E-03  2.4480E-03
  9.4999980781E+01  5.0609091471E-03  2.5305E-03  2.5305E-03
  9.5999980781E+01  5.2310893254E-03  2.6155E-03  2.6155E-03
  9.6999980781E+01  5.4065748773E-03  2.7033E-03  2.7033E-03
  9.7999980781E+01  5.5873658028E-03  2.7937E-03  2.7937E-03
  9.8999980781E+01  5.7734621019E-03  2.8867E-03  2.8867E-03
  9.9999980781E+01  5.9648637746E-03  2.9824E-03  2.9824E-03
  1.0099998078E+02  6.1615708209E-03  3.0808E-03  3.0808E-03
  1.0199998078E+02  6.7503182004E-03  3.3752E-03  3.3752E-03
  1.0299998078E+02  7.6485460518E-03  3.8243E-03  3.8243E-03
  1.0399998078E+02  8.4140145214E-03  4.2070E-03  4.2070E-03
  1.0499998078E+02  9.1443045837E-03  4.5722E-03  4.5722E-03
  1.0599998078E+02  9.8580950801E-03  4.9290E-03  4.9290E-03
  1.0699998078E+02  1.0555386011E-02  5.2777E-03  5.2777E-03
  1.0799998078E+02  1.1236177375E-02  5.6181E-03  5.6181E-03
  1.0899998078E+02  1.1900469174E-02  5.9502E-03  5.9502E-03
  1.0999998078E+02  1.2548261407E-02  6.2741E-03  6.2741E-03
  1.1099998078E+02  1.3179554074E-02  6.5898E-03  6.5898E-03
  1.1199998078E+02  1.3794347175E-02  6.8972E-03  6.8972E-03
  1.1299998078E+02  1.4392640710E-02  7.1963E-03  7.1963E-03
  1.1399998078E+02  1.4974434680E-02  7.4872E-03  7.4872E-03
  1.1499998078E+02  1.5539729083E-02  7.7699E-03  7.7699E-03
  1.1599998078E+02  1.6088523921E-02  8.0443E-03  8.0443E-03
  1.1699998078E+02  1.6439258576E-02  8.2196E-03  8.2196E-03
  1.1799998078E+02  1.6669567421E-02  8.3348E-03  8.3348E-03
  1.1899998078E+02  1.6959781874E-02  8.4799E-03  8.4799E-03
  1.1999998078E+02  1.7309901935E-02  8.6550E-03  8.6550E-03
  1.2099998078E+02  1.7719927605E-02  8.8600E-03  8.8600E-03
  1.2199998078E+02  2.0301066640E-02  1.0151E-02  1.0151E-02
  1.2299998078E+02  2.1690723816E-02  1.0845E-02  1.0845E-02
  1.2399998078E+02  2.1628780325E-02  1.0814E-02  1.0814E-02
  1.2499998078E+02  2.0115236167E-02  1.0058E-02  1.0058E-02
  1.2599998078E+02  1.8249276839E-02  9.1246E-03  9.1246E-03
  1.2699998078E+02  1.8433307676E-02  9.2167E-03  9.2167E-03
  1.2799998078E+02  1.8613512566E-02  9.3068E-03  9.3068E-03
  1.2899998078E+02  1.8789891510E-02  9.3949E-03  9.3949E-03
  1.2999998078E+02  1.8962444508E-02  9.4812E-03  9.4812E-03
  1.3099998078E+02  1.9131171559E-02  9.5656E-03  9.5656E-03
  1.3199998078E+02  1.9296072663E-02  9.6480E-03  9.6480E-03
  1.3299998078E+02  1.9457147821E-02  9.7286E-03  9.7286E-03
  1.3399998078E+02  1.9614397033E-02  9.8072E-03  9.8072E-03
  1.3499998078E+02  1.9825822504E-02  9.9129E-03  9.9129E-03
  1.3599998078E+02  2.0535901822E-02  1.0268E-02  1.0268E-02
  1.3699998078E+02  2.1565594801E-02  1.0783E-02  1.0783E-02
  1.3799998078E+02  2.2637906705E-02  1.1319E-02  1.1319E-02
  1.3899998078E+02  2.3752831631E-02  1.1876E-02  1.1876E-02
  1.3999998078E+02  2.4793959186E-02  1.2397E-02  1.2397E-02
  1.4099998078E+02  2.5035781529E-02  1.2518E-02  1.2518E-02
  1.4199998078E+02  2.5325321614E-02  1.2663E-02  1.2663E-02
  1.4299998078E+02  2.5662579441E-02  1.2831E-02  1.2831E-02
  1.4399998078E+02  2.6047555011E-02  1.3024E-02  1.3024E-02
  1.4499998078E+02  2.7191581104E-02  1.3596E-02  1.3596E-02
  1.4599998078E+02  2.9063890813E-02  1.4532E-02  1.4532E-02
  1.4699998078E+02  2.9229673792E-02  1.4615E-02  1.4615E-02
  1.4799998078E+02  2.7688930041E-02  1.3844E-02  1.3844E-02
  1.4899998078E+02  2.6500261551E-02  1.3250E-02  1.3250E-02
  1.4999998078E+02  2.6368899255E-02  1.3184E-02  1.3184E-02
  1.5099998078E+02  2.6223066314E-02  1.3112E-02  1.3112E-02
  1.5199998078E+02  2.6062762728E-02  1.3031E-02  1.3031E-02
  1.5299998078E+02  2.5887988498E-02  1.2944E-02  1.2944E-02
  1.5399998078E+02  2.5698743624E-02  1.2849E-02  1.2849E-02
  1.5499998078E+02  2.5495028105E-02  1.2747E-02  1.2748E-02
  1.5599998078E+02  2.5276841942E-02  1.2638E-02  1.2638E-02
  1.5699998078E+02  2.5044185134E-02  1.2522E-02  1.2522E-02
  1.5799998078E+02  2.4797057682E-02  1.2399E-02  1.2399E-02
  1.5899998078E+02  2.4518643908E-02  1.2259E-02  1.2259E-02
  1.5999998078E+02  2.4158931962E-02  1.2079E-02  1.2079E-02
  1.6099998078E+02  2.4087371443E-02  1.2044E-02  1.2044E-02
  1.6199998078E+02  2.3958967037E-02  1.1979E-02  1.1980E-02
  1.6299998078E+02  2.3773718745E-02  1.1887E-02  1.1887E-02
  1.6399998078E+02  2.3531626565E-02  1.1766E-02  1.1766E-02
  1.6499998078E+02  2.6368110199E-02  1.3184E-02  1.3184E-02
  1.6599998078E+02  2.8938515121E-02  1.4469E-02  1.4469E-02
  1.6699998078E+02  2.9042555465E-02  1.4521E-02  1.4521E-02
  1.6799998078E+02  2.6536438702E-02  1.3268E-02  1.3268E-02
  1.6899998078E+02  2.4626601309E-02  1.2313E-02  1.2313E-02
  1.6999998078E+02  2.3866684285E-02  1.1933E-02  1.1933E-02
  1.7099998078E+02  2.3172638128E-02  1.1586E-02  1.1586E-02
  1.7199998078E+02  2.2712944536E-02  1.1356E-02  1.1356E-02
  1.7299998078E+02  2.2299171149E-02  1.1150E-02  1.1150E-02
  1.7399998078E+02  2.1931317967E-02  1.0966E-02  1.0966E-02
  1.7499998078E+02  2.1609384989E-02  1.0805E-02  1.0805E-02
  1.7599998078E+02  2.1333372216E-02  1.0667E-02  1.0667E-02
  1.7699998078E+02  2.8385131016E-02  1.4193E-02  1.4193E-02
  1.7799998078E+02  2.2997286994E-02  1.1499E-02  1.1499E-02
  1.7899998078E+02  2.2095324406E-02  1.1048E-02  1.1048E-02
  1.7999998078E+02  1.9504561574E-02  9.7523E-03  9.7522E-03
  1.8099998078E+02  1.8311002528E-02  9.1555E-03  9.1555E-03
  1.8199998078E+02  1.7705829828E-02  8.8530E-03  8.8529E-03
  1.8299998078E+02  1.7100442814E-02  8.5503E-03  8.5502E-03
  1.8399998078E+02  1.6494841484E-02  8.2475E-03  8.2474E-03
  1.8499998078E+02  1.5889025840E-02  7.9445E-03  7.9445E-03
  1.8599998078E+02  1.5282995881E-02  7.6415E-03  7.6415E-03
  1.8699998078E+02  1.4676751608E-02  7.3384E-03  7.3383E-03
  1.8799998078E+02  1.4070293020E-02  7.0352E-03  7.0351E-03
  1.8899998078E+02  1.3463620117E-02  6.7318E-03  6.7318E-03
  1.8999998078E+02  1.2856732899E-02  6.4284E-03  6.4283E-03
  1.9099998078E+02  1.2249631367E-02  6.1248E-03  6.1248E-03
  1.9199998078E+02  1.1642315520E-02  5.8212E-03  5.8211E-03
  1.9299998078E+02  1.1034785358E-02  5.5174E-03  5.5174E-03
  1.9399998078E+02  1.0427040882E-02  5.2135E-03  5.2135E-03
  1.9499998078E+02  9.8190820908E-03  4.9096E-03  4.9095E-03
  1.9599998078E+02  9.2109089851E-03  4.6055E-03  4.6054E-03
  1.9699998078E+02  8.6025215646E-03  4.3013E-03  4.3013E-03
  1.9799998078E+02  7.9939198294E-03  3.9970E-03  3.9970E-03
  1.9899998078E+02  7.3851037795E-03  3.6926E-03  3.6925E-03
  1.9999998078E+02  6.6653085136E-03  3.3327E-03  3.3327E-03
  2.0099998078E+02  5.6788827906E-03  2.8394E-03  2.8394E-03
  2.0199998078E+02  4.7928835931E-03  2.3964E-03  2.3964E-03
  2.0299998078E+02  4.0073109210E-03  2.0037E-03  2.0037E-03
  2.0399998078E+02  3.3221647743E-03  1.6611E-03  1.6611E-03
  2.0499998078E+02  2.7374451531E-03  1.3687E-03  1.3687E-03
  2.0599998078E+02  2.2531520573E-03  1.1266E-03  1.1266E-03
  2.0699998078E+02  1.8692854870E-03  9.3464E-04  9.3464E-04
  2.0799998078E+02  1.5858454422E-03  7.9292E-04  7.9292E-04
  2.0899998078E+02  1.4028319228E-03  7.0142E-04  7.0142E-04
  2.0999998078E+02  1.3202449288E-03  6.6012E-04  6.6012E-04
  2.1099998078E+02  1.3255532480E-03  6.6278E-04  6.6278E-04
  2.1199998078E+02  1.3435105992E-03  6.7176E-04  6.7176E-04
  2.1299998078E+02  1.3615660959E-03  6.8078E-04  6.8078E-04
  2.1399998078E+02  1.3797197383E-03  6.8986E-04  6.8986E-04
  2.1499998078E+02  1.3979715262E-03  6.9899E-04  6.9899E-04
  2.1599998078E+02  1.4163214596E-03  7.0816E-04  7.0816E-04
  2.1699998078E+02  1.4347695387E-03  7.1738E-04  7.1738E-04
  2.1799998078E+02  1.4533157633E-03  7.2666E-04  7.2666E-04
  2.1899998078E+02  1.4719601334E-03  7.3598E-04  7.3598E-04
  2.1999998078E+02  1.4907026492E-03  7.4535E-04  7.4535E-04
  2.2099998078E+02  1.5095433105E-03  7.5477E-04  7.5477E-04
  2.2199998078E+02  1.5284821174E-03  7.6424E-04  7.6424E-04
  2.2299998078E+02  1.5539939269E-03  7.7700E-04  7.7700E-04
  2.2399998078E+02  1.5827466836E-03  7.9137E-04  7.9137E-04
  2.2499998078E+02  1.6115162704E-03  8.0576E-04  8.0576E-04
  2.2599998078E+02  1.6403026873E-03  8.2015E-04  8.2015E-04
  2.2699998078E+02  1.6691059342E-03  8.3455E-04  8.3455E-04
  2.2799998078E+02  1.6979260112E-03  8.4896E-04  8.4896E-04
  2.2899998078E+02  1.7267629183E-03  8.6338E-04  8.6338E-04
  2.2999998078E+02  1.7556166554E-03  8.7781E-04  8.7781E-04
  2.3099998078E+02  1.7844872225E-03  8.9224E-04  8.9224E-04
  2.3199998078E+02  1.8133746198E-03  9.0669E-04  9.0669E-04
  2.3299998078E+02  1.8422788471E-03  9.2114E-04  9.2114E-04
  2.3399998078E+02  1.8711999044E-03  9.3560E-04  9.3560E-04
  2.3499998078E+02  1.9001377918E-03  9.5007E-04  9.5007E-04
  2.3599998078E+02  1.9290925093E-03  9.6455E-04  9.6455E-04
  2.3699998078E+02  1.9580640568E-03  9.7903E-04  9.7903E-04
  2.3799998078E+02  1.9870524344E-03  9.9353E-04  9.9353E-04
  2.3899998078E+02  2.0160576421E-03  1.0080E-03  1.0080E-03
  2.3999998078E+02  2.0450796798E-03  1.0225E-03  1.0225E-03
  2.4099998078E+02  2.0741185476E-03  1.0371E-03  1.0371E-03
  2.4199998078E+02  2.1031742454E-03  1.0516E-03  1.0516E-03
  2.4299998078E+02  2.1322467733E-03  1.0661E-03  1.0661E-03
  2.4399998078E+02  2.1613361313E-03  1.0807E-03  1.0807E-03
  2.4499998078E+02  2.1904423193E-03  1.0952E-03  1.0952E-03
  2.4599998078E+02  2.2195653374E-03  1.1098E-03  1.1098E-03
  2.4699998078E+02  2.2487051856E-03  1.1244E-03  1.1244E-03
  2.4799998078E+02  2.2778618638E-03  1.1389E-03  1.1389E-03
  2.4899998078E+02  2.3070353720E-03  1.1535E-03  1.1535E-03
  2.4999998078E+02  2.3362257104E-03  1.1681E-03  1.1681E-03
  2.5099998078E+02  2.3654328788E-03  1.1827E-03  1.1827E-03
  2.5199998078E+02  2.3946568772E-03  1.1973E-03  1.1973E-03
  2.5299998078E+02  2.4238977057E-03  1.2119E-03  1.2119E-03
  2.5399998078E+02  2.4531553643E-03  1.2266E-03  1.2266E-03
  2.5499998078E+02  2.4824298529E-03  1.2412E-03  1.2412E-03
  2.5599998078E+02  2.5117211716E-03  1.2559E-03  1.2559E-03
  2.5699998078E+02  2.5410293204E-03  1.2705E-03  1.2705E-03
  2.5799998078E+02  2.5703542992E-03  1.2852E-03  1.2852E-03
  2.5899998078E+02  2.5996961081E-03  1.2998E-03  1.2998E-03
  2.5999998078E+02  2.6349999950E-03  1.3175E-03  1.3175E-03
  2.6099998078E+02  2.6795604044E-03  1.3398E-03  1.3398E-03
  2.6199998078E+02  2.7257026086E-03  1.3629E-03  1.3629E-03
  2.6299998078E+02  2.7734266077E-03  1.3867E-03  1.3867E-03
  2.6399998078E+02  2.8227324016E-03  1.4114E-03  1.4114E-03
  2.6499998078E+02  2.8736199904E-03  1.4368E-03  1.4368E-03
  2.6599998078E+02  2.9260893741E-03  1.4630E-03  1.4630E-03
  2.6699998078E+02  2.9801405527E-03  1.4901E-03  1.4901E-03
  2.6799998078E+02  3.0357735261E-03  1.5179E-03  1.5179E-03
  2.6899998078E+02  3.0929882944E-03  1.5465E-03  1.5465E-03
  2.6999998078E+02  3.1517848576E-03  1.5759E-03  1.5759E-03
  2.7099998078E+02  3.2121632156E-03  1.6061E-03  1.6061E-03
  2.7199998078E+02  3.2741233685E-03  1.6371E-03  1.6371E-03
  2.7299998078E+02  3.3376653163E-03  1.6688E-03  1.6688E-03
  2.7399998078E+02  3.4027890589E-03  1.7014E-03  1.7014E-03
  2.7499998078E+02  3.4694945965E-03  1.7347E-03  1.7347E-03
  2.7599998078E+02  3.5377819288E-03  1.7689E-03  1.7689E-03
  2.7699998078E+02  3.6076510561E-03  1.8038E-03  1.8038E-03
  2.7799998078E+02  3.6791019782E-03  1.8395E-03  1.8396E-03
  2.7899998078E+02  3.7521346952E-03  1.8761E-03  1.8761E-03
  2.7999998078E+02  3.8267492070E-03  1.9134E-03  1.9134E-03
  2.8099998078E+02  3.9029455137E-03  1.9515E-03  1.9515E-03
  2.8199998078E+02  3.9807236153E-03  1.9904E-03  1.9904E-03
  2.8299998078E+02  4.0600835118E-03  2.0300E-03  2.0300E-03
  2.8399998078E+02  4.1410252031E-03  2.0705E-03  2.0705E-03
  2.8499998078E+02  4.2235486893E-03  2.1118E-03  2.1118E-03
  2.8599998078E+02  4.3076539704E-03  2.1538E-03  2.1538E-03
  2.8699998078E+02  4.3933410463E-03  2.1967E-03  2.1967E-03
  2.8799998078E+02  4.4806099171E-03  2.2403E-03  2.2403E-03
  2.8899998078E+02  4.5694605828E-03  2.2847E-03  2.2847E-03
  2.8999998078E+02  4.6598930433E-03  2.3299E-03  2.3300E-03
  2.9099998078E+02  4.7519072987E-03  2.3759E-03  2.3760E-03
  2.9199998078E+02  4.8455033490E-03  2.4227E-03  2.4228E-03
  2.9299998078E+02  4.9406811941E-03  2.4703E-03  2.4704E-03
  2.9399998078E+02  5.0374408341E-03  2.5187E-03  2.5187E-03
  2.9499998078E+02  5.1357822690E-03  2.5679E-03  2.5679E-03
  2.9599998078E+02  5.2357054987E-03  2.6178E-03  2.6179E-03
  2.9699998078E+02  5.3372105233E-03  2.6686E-03  2.6686E-03
  2.9799998078E+02  5.4402973428E-03  2.7201E-03  2.7202E-03
  2.9899998078E+02  5.5479653890E-03  2.7740E-03  2.7740E-03
  2.9999998078E+02  5.6930282529E-03  2.8465E-03  2.8465E-03
  3.0099998078E+02  5.8841019497E-03  2.9420E-03  2.9421E-03
  3.0199998078E+02  6.0987757944E-03  3.0494E-03  3.0494E-03
  3.0299998078E+02  6.3248817126E-03  3.1624E-03  3.1625E-03
  3.0399998078E+02  6.5624197041E-03  3.2812E-03  3.2812E-03
  3.0499998078E+02  6.8113897691E-03  3.4057E-03  3.4057E-03
  3.0599998078E+02  7.0717919076E-03  3.5358E-03  3.5359E-03
  3.0699998078E+02  7.3436261194E-03  3.6718E-03  3.6719E-03
  3.0799998078E+02  7.6268924047E-03  3.8134E-03  3.8135E-03
  3.0899998078E+02  7.9215907634E-03  3.9607E-03  3.9609E-03
  3.0999998078E+02  8.2277211955E-03  4.1138E-03  4.1139E-03
  3.1099998078E+02  8.5452837010E-03  4.2726E-03  4.2727E-03
  3.1199998078E+02  8.8742782800E-03  4.4371E-03  4.4372E-03
  3.1299998078E+02  9.2149813220E-03  4.6074E-03  4.6076E-03
  3.1399998078E+02  9.5683977936E-03  4.7841E-03  4.7843E-03
  3.1499998078E+02  9.9346194111E-03  4.9672E-03  4.9674E-03
  3.1599998078E+02  1.0269102466E-02  5.1344E-03  5.1347E-03
  3.1699998078E+02  1.0590180331E-02  5.2950E-03  5.2952E-03
  3.1799998078E+02  1.0902122622E-02  5.4509E-03  5.4512E-03
  3.1899998078E+02  1.1204929342E-02  5.6023E-03  5.6026E-03
  3.1999998078E+02  1.1498600489E-02  5.7491E-03  5.7495E-03
  3.2099998078E+02  1.1783136063E-02  5.8914E-03  5.8917E-03
  3.2199998078E+02  1.2058536066E-02  6.0291E-03  6.0295E-03
  3.2299998078E+02  1.2324800495E-02  6.1622E-03  6.1626E-03
  3.2399998078E+02  1.2581929353E-02  6.2907E-03  6.2912E-03
  3.2499998078E+02  1.2829922638E-02  6.4147E-03  6.4152E-03
  3.2599998078E+02  1.3068780350E-02  6.5341E-03  6.5347E-03
  3.2699998078E+02  1.3298502491E-02  6.6490E-03  6.6495E-03
  3.2799998078E+02  1.3519089058E-02  6.7592E-03  6.7599E-03
  3.2899998078E+02  1.3730540054E-02  6.8649E-03  6.8656E-03
  3.2999998078E+02  1.3932855477E-02  6.9660E-03  6.9668E-03
  3.3099998078E+02  1.4126035327E-02  7.0626E-03  7.0634E-03
  3.3199998078E+02  1.4310079606E-02  7.1546E-03  7.1555E-03
  3.3299998078E+02  1.4484988311E-02  7.2420E-03  7.2430E-03
  3.3399998078E+02  1.4650761445E-02  7.3249E-03  7.3259E-03
  3.3499998078E+02  1.4807399006E-02  7.4031E-03  7.4043E-03
  3.3599998078E+02  1.4954900995E-02  7.4768E-03  7.4781E-03
  3.3699998078E+02  1.9746875285E-02  9.8728E-03  9.8741E-03
  3.3799998078E+02  1.7552154797E-02  8.7754E-03  8.7768E-03
  3.3899998078E+02  1.6449494471E-02  8.2239E-03  8.2256E-03
  3.3999998078E+02  1.5416507031E-02  7.7073E-03  7.7092E-03
  3.4099998078E+02  1.4453192478E-02  7.2256E-03  7.2276E-03
  3.4199998078E+02  1.3559550811E-02  6.7786E-03  6.7809E-03
  3.4299998078E+02  1.2735461724E-02  6.3665E-03  6.3690E-03
  3.4399998078E+02  1.1980688089E-02  5.9890E-03  5.9917E-03
  3.4499998078E+02  1.1295223564E-02  5.6461E-03  5.6491E-03
  3.4599998078E+02  1.0679068149E-02  5.3379E-03  5.3411E-03
  3.4699998078E+02  1.0132221845E-02  5.0644E-03  5.0678E-03
  3.4799998078E+02  9.6546846505E-03  4.8255E-03  4.8292E-03
  3.4899998078E+02  9.2464565668E-03  4.6213E-03  4.6252E-03
  3.4999998078E+02  8.9075375934E-03  4.4517E-03  4.4558E-03
  3.5099998078E+02  8.4650653781E-03  4.2304E-03  4.2347E-03
  3.5199998078E+02  8.0173354980E-03  4.0065E-03  4.0109E-03
  3.5299998078E+02  7.5812262027E-03  3.7883E-03  3.7929E-03
  3.5399998078E+02  7.1567374922E-03  3.5761E-03  3.5807E-03
  3.5499998078E+02  6.7438693666E-03  3.3696E-03  3.3743E-03
  3.5599998078E+02  6.3426218257E-03  3.1690E-03  3.1737E-03
  3.5699998078E+02  5.9529948696E-03  2.9741E-03  2.9789E-03
  3.5799998078E+02  5.5749884984E-03  2.7852E-03  2.7898E-03
  3.5899998078E+02  5.2086027119E-03  2.6020E-03  2.6066E-03
  3.5999998078E+02  4.8538375103E-03  2.4246E-03  2.4292E-03
  3.6099998078E+02  4.5106928934E-03  2.2531E-03  2.2576E-03
  3.6199998078E+02  4.1791688614E-03  2.0874E-03  2.0918E-03
  3.6299998078E+02  3.8592654141E-03  1.9275E-03  1.9317E-03
  3.6399998078E+02  3.5509825517E-03  1.7735E-03  1.7775E-03
  3.6499998078E+02  3.2543202741E-03  1.6252E-03  1.6291E-03
  3.6599998078E+02  2.9692785812E-03  1.4828E-03  1.4865E-03
  3.6699998078E+02  2.6958574732E-03  1.3462E-03  1.3497E-03
  3.6799998078E+02  2.4340569500E-03  1.2154E-03  1.2186E-03
  3.6899998078E+02  2.1838770115E-03  1.0904E-03  1.0934E-03
  3.6999998078E+02  1.9453176579E-03  9.7129E-04  9.7402E-04
  3.7099998078E+02  1.7183788891E-03  8.5796E-04  8.6042E-04
  3.7199998078E+02  1.5030607051E-03  7.5044E-04  7.5263E-04
  3.7299998078E+02  1.2993631059E-03  6.4873E-04  6.5063E-04
  3.7399998078E+02  1.1072860915E-03  5.5284E-04  5.5445E-04
  3.7499998078E+02  9.2682966185E-04  4.6276E-04  4.6407E-04
  3.7599998078E+02  7.5795228817E-04  3.7847E-04  3.7948E-04
  3.7699998078E+02  8.2467687768E-04  4.1203E-04  4.1264E-04
  3.7799998078E+02  1.0993719408E-03  5.4969E-04  5.4968E-04
  3.7899998078E+02  1.5173147341E-03  7.5904E-04  7.5827E-04
  3.7999998078E+02  2.0785052575E-03  1.0400E-03  1.0385E-03
  3.8099998078E+02  2.7829435110E-03  1.3926E-03  1.3903E-03
  3.8199998078E+02  3.6306294947E-03  1.8168E-03  1.8138E-03
  3.8299998078E+02  4.6028618805E-03  2.3031E-03  2.2997E-03
  3.8399998078E+02  5.4503965844E-03  2.7270E-03  2.7234E-03
  3.8499998078E+02  6.0953493615E-03  3.0495E-03  3.0459E-03
  3.8599998078E+02  6.5377202119E-03  3.2706E-03  3.2671E-03
  3.8699998078E+02  6.7775091355E-03  3.3904E-03  3.3871E-03
  3.8799998078E+02  6.8147161324E-03  3.4090E-03  3.4058E-03
  3.8899998078E+02  6.9299243049E-03  3.4666E-03  3.4634E-03
  3.8999998078E+02  7.1808905898E-03  3.5921E-03  3.5888E-03
  3.9099998078E+02  7.4257920538E-03  3.7145E-03  3.7113E-03
  3.9199998078E+02  7.6646286971E-03  3.8339E-03  3.8307E-03
  3.9299998078E+02  7.8974005196E-03  3.9503E-03  3.9471E-03
  3.9399998078E+02  8.1241075213E-03  4.0637E-03  4.0604E-03
  3.9499998078E+02  8.3447497022E-03  4.1740E-03  4.1708E-03
  3.9599998078E+02  8.5593270623E-03  4.2813E-03  4.2781E-03
  3.9699998078E+02  8.7678396016E-03  4.3855E-03  4.3823E-03
  3.9799998078E+02  8.9702873202E-03  4.4867E-03  4.4836E-03
  3.9899998078E+02  9.1666702179E-03  4.5849E-03  4.5818E-03
  3.9999998078E+02  9.3569882948E-03  4.6801E-03  4.6769E-03
  4.0099998078E+02  9.5412415509E-03  4.7722E-03  4.7691E-03
  4.0199998078E+02  9.7194299863E-03  4.8613E-03  4.8582E-03
  4.0299998078E+02  9.8915536008E-03  4.9473E-03  4.9442E-03
  4.0399998078E+02  1.0057612395E-02  5.0303E-03  5.0273E-03
  4.0499998078E+02  1.0217606368E-02  5.1103E-03  5.1073E-03
  4.0599998078E+02  1.0371535520E-02  5.1872E-03  5.1843E-03
  4.0699998078E+02  1.0519399851E-02  5.2612E-03  5.2582E-03
  4.0799998078E+02  1.0661199362E-02  5.3320E-03  5.3292E-03
  4.0899998078E+02  1.0796934051E-02  5.3999E-03  5.3971E-03
  4.0999998078E+02  1.0926603920E-02  5.4647E-03  5.4619E-03
  4.1099998078E+02  1.1050208969E-02  5.5264E-03  5.5238E-03
  4.1199998078E+02  1.1167749196E-02  5.5852E-03  5.5826E-03
  4.1299998078E+02  1.1279224603E-02  5.6409E-03  5.6383E-03
  4.1399998078E+02  1.1384635188E-02  5.6936E-03  5.6911E-03
  4.1499998078E+02  1.1483980953E-02  5.7432E-03  5.7408E-03
  4.1599998078E+02  1.1577261898E-02  5.7898E-03  5.7875E-03
  4.1699998078E+02  1.1670896604E-02  5.8366E-03  5.8343E-03
  4.1799998078E+02  1.1782563648E-02  5.8924E-03  5.8902E-03
  4.1899998078E+02  1.1913283890E-02  5.9578E-03  5.9555E-03
  4.1999998078E+02  1.2063057332E-02  6.0327E-03  6.0304E-03
  4.2099998078E+02  1.2231883973E-02  6.1171E-03  6.1148E-03
  4.2199998078E+02  1.2419763812E-02  6.2110E-03  6.2087E-03
  4.2299998078E+02  1.4563790595E-02  7.2830E-03  7.2808E-03
  4.2399998078E+02  1.7048043701E-02  8.5251E-03  8.5229E-03
  4.2499998078E+02  1.8642482894E-02  9.3223E-03  9.3202E-03
  4.2599998078E+02  1.9524738155E-02  9.7633E-03  9.7615E-03
  4.2699998078E+02  2.0107994551E-02  1.0055E-02  1.0053E-02
  4.2799998078E+02  1.9962801372E-02  9.9820E-03  9.9808E-03
  4.2899998078E+02  1.9190946594E-02  9.5959E-03  9.5950E-03
  4.2999998078E+02  1.7968767302E-02  8.9848E-03  8.9840E-03
  4.3099998078E+02  1.5707285042E-02  7.8540E-03  7.8533E-03
  4.3199998078E+02  1.1886455187E-02  5.9435E-03  5.9429E-03
  4.3299998078E+02  9.6680003939E-03  4.8343E-03  4.8337E-03
  4.3399998078E+02  9.5245034800E-03  4.7625E-03  4.7620E-03
  4.3499998078E+02  9.3824088002E-03  4.6915E-03  4.6910E-03
  4.3599998078E+02  9.2417163545E-03  4.6211E-03  4.6206E-03
  4.3699998078E+02  9.1024261429E-03  4.5514E-03  4.5510E-03
  4.3799998078E+02  8.9645381654E-03  4.4825E-03  4.4821E-03
  4.3899998078E+02  8.8280524220E-03  4.4142E-03  4.4138E-03
  4.3999998078E+02  8.6929689127E-03  4.3467E-03  4.3463E-03
  4.4099998078E+02  8.5592876375E-03  4.2798E-03  4.2795E-03
  4.4199998078E+02  8.4270085964E-03  4.2137E-03  4.2133E-03
  4.4299998078E+02  8.2961317894E-03  4.1482E-03  4.1479E-03
  4.4399998078E+02  8.1666572165E-03  4.0835E-03  4.0832E-03
  4.4499998078E+02  8.0385848777E-03  4.0194E-03  4.0192E-03
  4.4599998078E+02  7.9119147731E-03  3.9561E-03  3.9558E-03
  4.4699998078E+02  7.7866469025E-03  3.8934E-03  3.8932E-03
  4.4799998078E+02  7.6627812660E-03  3.8315E-03  3.8313E-03
  4.4899998078E+02  7.5403178636E-03  3.7703E-03  3.7701E-03
  4.4999998078E+02  7.4192566954E-03  3.7097E-03  3.7095E-03
  4.5099998078E+02  7.2995977612E-03  3.6499E-03  3.6497E-03
  4.5199998078E+02  7.1813410611E-03  3.5907E-03  3.5906E-03
  4.5299998078E+02  7.0644865952E-03  3.5323E-03  3.5322E-03
  4.5399998078E+02  6.9490343633E-03  3.4746E-03  3.4745E-03
  4.5499998078E+02  6.8349843656E-03  3.4175E-03  3.4174E-03
  4.5599998078E+02  6.7223366019E-03  3.3612E-03  3.3611E-03
  4.5699998078E+02  6.6110910724E-03  3.3056E-03  3.3055E-03
  4.5799998078E+02  6.5012477769E-03  3.2507E-03  3.2506E-03
  4.5899998078E+02  6.3928067156E-03  3.1964E-03  3.1964E-03
  4.5999998078E+02  6.2857678884E-03  3.1429E-03  3.1429E-03
  4.6099998078E+02  6.1801312952E-03  3.0901E-03  3.0900E-03
  4.6199998078E+02  6.0758969362E-03  3.0380E-03  3.0379E-03
  4.6299998078E+02  5.9730648113E-03  2.9866E-03  2.9865E-03
  4.6399998078E+02  5.8716349204E-03  2.9358E-03  2.9358E-03
  4.6499998078E+02  5.7716072637E-03  2.8858E-03  2.8858E-03
  4.6599998078E+02  5.6729818411E-03  2.8365E-03  2.8365E-03
  4.6699998078E+02  5.5757586526E-03  2.7879E-03  2.7879E-03
  4.6799998078E+02  5.4799376982E-03  2.7400E-03  2.7400E-03
  4.6899998078E+02  5.3855189778E-03  2.6928E-03  2.6928E-03
  4.6999998078E+02  5.2925024916E-03  2.6463E-03  2.6462E-03
  4.7099998078E+02  5.2051457302E-03  2.6026E-03  2.6026E-03
  4.7199998078E+02  5.1676170589E-03  2.5838E-03  2.5838E-03
  4.7299998078E+02  9.0576631025E-03  4.5288E-03  4.5288E-03
  4.7399998078E+02  3.1401123138E-02  1.5701E-02  1.5700E-02
  4.7499998078E+02  3.8274869164E-02  1.9138E-02  1.9137E-02
  4.7599998078E+02  4.8164444209E-02  2.4083E-02  2.4081E-02
  4.7699998078E+02  5.6139949334E-02  2.8072E-02  2.8068E-02
  4.7799998078E+02  6.3200635897E-02  3.1602E-02  3.1598E-02
  4.7899998078E+02  6.2516229523E-02  3.1259E-02  3.1257E-02
  4.7999998078E+02  6.2789771010E-02  3.1395E-02  3.1395E-02
  4.8099998078E+02  6.5159325411E-02  3.2579E-02  3.2580E-02
  4.8199998078E+02  6.7838997914E-02  3.3919E-02  3.3920E-02
  4.8299998078E+02  6.9688656056E-02  3.4844E-02  3.4845E-02
  4.8399998078E+02  7.0520665364E-02  3.5260E-02  3.5261E-02
  4.8499998078E+02  7.1616920561E-02  3.5808E-02  3.5809E-02
  4.8599998078E+02  7.3784774752E-02  3.6892E-02  3.6893E-02
  4.8699998078E+02  7.5956924925E-02  3.7978E-02  3.7979E-02
  4.8799998078E+02  7.8133371081E-02  3.9066E-02  3.9067E-02
  4.8899998078E+02  9.5955978970E-02  4.7977E-02  4.7979E-02
  4.8999998078E+02  7.8898399721E-02  3.9449E-02  3.9450E-02
  4.9099998078E+02  8.2477317909E-02  4.1238E-02  4.1239E-02
  4.9199998078E+02  7.9777679508E-02  3.9889E-02  3.9889E-02
  4.9299998078E+02  7.7464792531E-02  3.8732E-02  3.8733E-02
  4.9399998078E+02  7.5538656980E-02  3.7769E-02  3.7769E-02
  4.9499998078E+02  7.3999272854E-02  3.7000E-02  3.7000E-02
  4.9599998078E+02  7.2846640153E-02  3.6423E-02  3.6423E-02
  4.9699998078E+02  7.1832301292E-02  3.5916E-02  3.5916E-02
  4.9799998078E+02  8.6022160849E-02  4.3011E-02  4.3011E-02
  4.9899998078E+02  8.7930259621E-02  4.3965E-02  4.3965E-02
  4.9999998078E+02  7.3129931489E-02  3.6565E-02  3.6565E-02
  5.0099998078E+02  4.0334864983E-02  2.0167E-02  2.0167E-02
  5.0199998078E+02  2.5553754462E-02  1.2777E-02  1.2777E-02
  5.0299998078E+02  2.2696216322E-02  1.1348E-02  1.1348E-02
  5.0399998078E+02  2.1403584268E-02  1.0702E-02  1.0702E-02
  5.0499998078E+02  2.0030804495E-02  1.0015E-02  1.0015E-02
  5.0599998078E+02  1.8577877005E-02  9.2889E-03  9.2889E-03
  5.0699998078E+02  1.7044801797E-02  8.5224E-03  8.5224E-03
  5.0799998078E+02  1.5431578872E-02  7.7158E-03  7.7158E-03
  5.0899998078E+02  1.3738208228E-02  6.8691E-03  6.8691E-03
  5.0999998078E+02  1.1964689867E-02  5.9823E-03  5.9823E-03
  5.1099998078E+02  1.0134124156E-02  5.0671E-03  5.0671E-03
  5.1199998078E+02  8.7042823372E-03  4.3521E-03  4.3521E-03
  5.1299998078E+02  7.8248276159E-03  3.9124E-03  3.9124E-03
  5.1399998078E+02  9.6198897039E-03  4.8099E-03  4.8099E-03
  5.1499998078E+02  4.4572481684E-03  2.2286E-03  2.2286E-03
  5.1599998078E+02  2.6180339314E-03  1.3090E-03  1.3090E-03
  5.1699998078E+02  1.9202528130E-03  9.6013E-04  9.6013E-04
  5.1799998078E+02  1.3304002277E-03  6.6520E-04  6.6520E-04
  5.1899998078E+02  8.4847617556E-04  4.2424E-04  4.2424E-04
  5.1999998078E+02  4.7448065657E-04  2.3724E-04  2.3724E-04
  5.2099998078E+02  2.0841367071E-04  1.0421E-04  1.0421E-04
  5.2199998078E+02  5.0275217989E-05  2.5138E-05  2.5138E-05
  5.2299998078E+02  0.0000000000E+00  0.0000E+00  0.0000E+00
