 &plot nbnd=  24, nks=   104 /
            0.000000  0.000000  0.000000
  -13.771  -13.771  -13.771  -13.710  -13.710  -13.394  -13.394  -13.394  -13.385  -13.385
   -2.737    7.294    8.025    8.025    8.025   10.101   10.101   10.101   12.974   15.942
   15.942   16.340   16.340   16.340
           -0.071429  0.071429 -0.071429
  -13.775  -13.775  -13.769  -13.704  -13.704  -13.405  -13.405  -13.396  -13.374  -13.374
   -2.687    6.562    7.917    7.917    8.415   10.240   10.240   10.319   13.252   15.430
   15.430   16.122   17.026   17.026
           -0.142857  0.142857 -0.142857
  -13.784  -13.784  -13.766  -13.691  -13.691  -13.420  -13.420  -13.400  -13.362  -13.362
   -2.539    5.481    7.670    7.670    8.525   10.557   10.557   11.009   13.902   14.977
   14.977   15.812   18.018   18.018
           -0.214286  0.214286 -0.214286
  -13.793  -13.793  -13.761  -13.676  -13.676  -13.433  -13.433  -13.407  -13.352  -13.352
   -2.298    4.398    7.394    7.394    8.383   10.883   10.883   11.959   14.294   14.809
   14.809   16.113   19.146   19.146
           -0.285714  0.285714 -0.285714
  -13.800  -13.800  -13.754  -13.664  -13.664  -13.444  -13.444  -13.415  -13.345  -13.345
   -1.976    3.390    7.150    7.150    8.200   11.096   11.096   12.995   14.168   14.997
   14.997   17.180   20.390   20.390
           -0.357143  0.357143 -0.357143
  -13.805  -13.805  -13.749  -13.655  -13.655  -13.451  -13.451  -13.422  -13.340  -13.340
   -1.603    2.513    6.963    6.963    8.049   11.176   11.176   13.723   14.346   15.529
   15.529   18.126   20.185   20.185
           -0.428571  0.428571 -0.428571
  -13.807  -13.807  -13.745  -13.650  -13.650  -13.454  -13.454  -13.427  -13.337  -13.337
   -1.257    1.860    6.848    6.848    7.954   11.183   11.183   13.656   15.453   16.282
   16.282   17.838   18.956   18.956
            0.500000 -0.500000  0.500000
  -13.808  -13.808  -13.743  -13.648  -13.648  -13.455  -13.455  -13.429  -13.336  -13.336
   -1.100    1.599    6.809    6.809    7.921   11.178   11.178   13.608   16.508   16.826
   16.826   16.899   18.262   18.262
            0.000000  0.142857  0.000000
  -13.775  -13.774  -13.774  -13.706  -13.698  -13.420  -13.390  -13.390  -13.389  -13.368
   -2.671    6.475    7.723    7.723    8.811    9.896   10.487   10.487   13.335   14.879
   16.000   16.473   16.473   17.186
           -0.071429  0.214286 -0.071429
  -13.784  -13.780  -13.770  -13.697  -13.684  -13.437  -13.404  -13.390  -13.375  -13.359
   -2.555    5.676    7.441    7.489    9.096    9.919   10.868   11.015   13.864   14.399
   15.630   16.282   17.220   17.948
           -0.142857  0.285714 -0.142857
  -13.795  -13.788  -13.764  -13.684  -13.669  -13.452  -13.419  -13.396  -13.362  -13.348
   -2.343    4.672    7.164    7.203    9.016   10.256   11.234   11.760   14.129   14.595
   15.365   16.183   18.276   19.044
           -0.214286  0.357143 -0.214286
  -13.804  -13.796  -13.755  -13.671  -13.655  -13.464  -13.432  -13.406  -13.352  -13.339
   -2.046    3.674    6.904    6.936    8.828   10.630   11.463   12.497   14.265   14.847
   15.446   16.880   19.466   20.291
           -0.285714  0.428571 -0.285714
  -13.810  -13.802  -13.747  -13.660  -13.646  -13.469  -13.442  -13.418  -13.345  -13.333
   -1.685    2.767    6.642    6.780    8.650   10.868   11.518   13.200   14.423   15.269
   15.887   17.852   20.084   20.717
           -0.357143  0.500000 -0.357143
  -13.814  -13.806  -13.739  -13.651  -13.642  -13.469  -13.451  -13.428  -13.339  -13.329
   -1.317    2.036    6.443    6.703    8.519   10.980   11.463   13.704   14.741   16.140
   16.554   17.805   18.849   20.148
            0.571429 -0.428571  0.571429
  -13.815  -13.809  -13.735  -13.645  -13.643  -13.463  -13.458  -13.435  -13.335  -13.329
   -1.073    1.626    6.317    6.709    8.449   11.054   11.373   13.821   15.611   16.610
   16.843   17.335   18.329   19.188
            0.500000 -0.357143  0.500000
  -13.814  -13.810  -13.735  -13.648  -13.642  -13.463  -13.455  -13.437  -13.333  -13.331
   -1.128    1.715    6.273    6.796    8.443   11.138   11.286   13.848   15.542   16.097
   16.641   17.707   18.836   19.149
            0.428571 -0.285714  0.428571
  -13.810  -13.809  -13.739  -13.655  -13.643  -13.464  -13.450  -13.430  -13.336  -13.333
   -1.435    2.255    6.314    6.958    8.501   11.194   11.229   13.742   14.639   15.273
   16.655   17.824   19.500   20.366
            0.357143 -0.214286  0.357143
  -13.807  -13.804  -13.747  -13.664  -13.649  -13.461  -13.444  -13.417  -13.344  -13.336
   -1.811    3.056    6.444    7.184    8.615   11.051   11.260   13.084   14.431   14.672
   15.946   17.539   20.122   20.301
            0.285714 -0.142857  0.285714
  -13.801  -13.795  -13.756  -13.675  -13.661  -13.452  -13.436  -13.403  -13.355  -13.341
   -2.155    3.997    6.666    7.454    8.762   10.809   11.093   12.298   14.400   14.466
   15.417   16.625   18.877   20.166
            0.214286 -0.071429  0.214286
  -13.793  -13.786  -13.764  -13.688  -13.677  -13.438  -13.426  -13.391  -13.368  -13.350
   -2.425    4.996    6.987    7.725    8.873   10.497   10.685   11.602   14.288   14.478
   15.006   16.369   17.697   18.988
            0.142857  0.000000  0.142857
  -13.783  -13.777  -13.769  -13.699  -13.693  -13.422  -13.413  -13.385  -13.380  -13.361
   -2.604    5.935    7.426    7.916    8.763   10.253   10.331   10.907   13.655   14.846
   15.210   16.619   16.736   17.933
            0.000000  0.285714  0.000000
  -13.782  -13.782  -13.780  -13.694  -13.670  -13.459  -13.401  -13.378  -13.378  -13.358
   -2.471    5.385    7.146    7.146    9.478    9.719   11.309   11.309   13.890   14.213
   16.176   16.873   16.873   17.812
           -0.071429  0.357143 -0.071429
  -13.794  -13.788  -13.772  -13.683  -13.653  -13.478  -13.413  -13.379  -13.367  -13.350
   -2.291    4.675    6.831    6.865    9.457    9.903   11.742   11.820   13.763   14.836
   16.011   16.819   17.632   18.603
           -0.142857  0.428571 -0.142857
  -13.806  -13.796  -13.760  -13.670  -13.637  -13.493  -13.427  -13.392  -13.355  -13.338
   -2.021    3.812    6.468    6.640    9.481   10.144   12.038   12.103   14.254   15.342
   15.988   16.977   18.726   19.822
           -0.214286  0.500000 -0.214286
  -13.816  -13.803  -13.746  -13.656  -13.626  -13.502  -13.442  -13.408  -13.345  -13.327
   -1.677    2.951    6.122    6.492    9.346   10.569   12.125   12.317   15.020   15.528
   16.324   17.661   19.964   20.069
           -0.285714  0.571429 -0.285714
  -13.824  -13.808  -13.732  -13.644  -13.623  -13.502  -13.455  -13.425  -13.337  -13.319
   -1.299    2.196    5.835    6.431    9.208   10.857   12.051   12.823   15.159   16.382
   16.893   17.661   18.831   20.557
            0.642857 -0.357143  0.642857
  -13.827  -13.812  -13.721  -13.634  -13.627  -13.493  -13.467  -13.439  -13.331  -13.315
   -0.990    1.679    5.629    6.459    9.119   10.994   11.906   13.565   15.209   16.661
   16.902   17.543   18.514   20.685
            0.571429 -0.285714  0.571429
  -13.828  -13.814  -13.716  -13.636  -13.628  -13.477  -13.476  -13.449  -13.328  -13.316
   -0.938    1.599    5.516    6.574    9.090   11.103   11.743   14.085   15.378   15.905
   16.010   18.515   19.411   19.811
            0.500000 -0.214286  0.500000
  -13.824  -13.815  -13.718  -13.647  -13.626  -13.481  -13.457  -13.453  -13.326  -13.321
   -1.188    2.002    5.506    6.767    9.120   11.235   11.567   13.727   15.132   15.134
   16.642   18.173   19.680   20.614
            0.428571 -0.142857  0.428571
  -13.816  -13.813  -13.728  -13.658  -13.631  -13.479  -13.452  -13.434  -13.331  -13.327
   -1.560    2.694    5.614    7.022    9.192   11.341   11.352   12.896   14.491   15.188
   17.140   17.487   19.185   20.329
            0.357143 -0.071429  0.357143
  -13.809  -13.806  -13.741  -13.668  -13.643  -13.470  -13.446  -13.412  -13.345  -13.332
   -1.920    3.506    5.867    7.310    9.261   11.034   11.254   12.300   14.173   15.205
   16.052   17.413   18.701   20.174
            0.285714 -0.000000  0.285714
  -13.802  -13.795  -13.755  -13.679  -13.659  -13.455  -13.437  -13.394  -13.361  -13.339
   -2.215    4.314    6.313    7.576    9.207   10.702   10.876   12.054   14.189   14.965
   15.123   17.262   17.587   20.091
            0.000000  0.428571  0.000000
  -13.793  -13.793  -13.778  -13.674  -13.633  -13.503  -13.420  -13.362  -13.362  -13.359
   -2.141    4.299    6.577    6.577    9.074   10.164   12.277   12.277   13.576   15.358
   16.469   17.542   17.542   18.421
           -0.071429  0.500000 -0.071429
  -13.804  -13.799  -13.768  -13.661  -13.614  -13.523  -13.433  -13.376  -13.352  -13.343
   -1.899    3.666    6.244    6.345    9.104   10.145   12.478   12.696   14.131   15.961
   16.533   17.624   18.299   19.330
           -0.142857  0.571429 -0.142857
  -13.817  -13.806  -13.750  -13.647  -13.600  -13.537  -13.448  -13.397  -13.342  -13.327
   -1.576    2.942    5.826    6.191    9.277   10.327   12.337   12.882   15.233   16.255
   16.785   17.862   19.391   20.139
           -0.214286  0.642857 -0.214286
  -13.828  -13.811  -13.730  -13.632  -13.594  -13.541  -13.464  -13.419  -13.333  -13.314
   -1.201    2.242    5.434    6.127    9.296   10.884   12.261   12.839   16.100   16.537
   17.260   17.757   18.893   20.437
            0.714286 -0.285714  0.714286
  -13.836  -13.815  -13.713  -13.620  -13.598  -13.534  -13.479  -13.439  -13.327  -13.306
   -0.847    1.684    5.127    6.156    9.277   11.393   12.559   12.671   15.858   16.942
   17.017   17.743   18.764   21.315
            0.642857 -0.214286  0.642857
  -13.839  -13.818  -13.701  -13.610  -13.609  -13.518  -13.492  -13.452  -13.322  -13.303
   -0.693    1.466    4.933    6.275    9.298   11.566   12.452   13.359   15.077   16.031
   16.614   18.839   19.708   21.335
            0.571429 -0.142857  0.571429
  -13.837  -13.819  -13.699  -13.628  -13.605  -13.499  -13.494  -13.457  -13.320  -13.306
   -0.874    1.725    4.873    6.478    9.369   11.661   12.191   13.617   14.779   15.130
   16.728   19.063   20.313   20.898
            0.500000 -0.071429  0.500000
  -13.830  -13.818  -13.706  -13.646  -13.610  -13.498  -13.468  -13.455  -13.321  -13.315
   -1.233    2.281    4.977    6.744    9.458   11.785   11.857   12.720   14.490   15.572
   17.108   18.098   19.198   21.037
            0.428571 -0.000000  0.428571
  -13.819  -13.815  -13.723  -13.659  -13.624  -13.487  -13.455  -13.435  -13.329  -13.325
   -1.604    2.919    5.293    7.042    9.478   11.438   11.695   12.165   14.180   15.890
   16.678   18.245   18.251   19.959
            0.000000  0.571429  0.000000
  -13.805  -13.805  -13.768  -13.648  -13.591  -13.550  -13.445  -13.371  -13.344  -13.344
   -1.684    3.240    6.100    6.100    8.775    9.950   13.296   13.296   14.136   16.612
   16.881   18.470   18.470   19.197
           -0.071429  0.642857 -0.071429
  -13.814  -13.810  -13.754  -13.633  -13.573  -13.570  -13.460  -13.388  -13.336  -13.330
   -1.384    2.672    5.784    5.931    8.858    9.832   13.327   13.669   15.110   17.092
   17.154   18.606   19.223   20.218
           -0.142857  0.714286 -0.142857
  -13.827  -13.815  -13.731  -13.617  -13.583  -13.558  -13.477  -13.414  -13.328  -13.315
   -1.019    2.074    5.345    5.853    9.041   10.123   13.105   13.733   16.394   17.060
   17.588   18.366   18.981   20.348
            0.785714 -0.214286  0.785714
  -13.838  -13.819  -13.709  -13.602  -13.585  -13.555  -13.494  -13.438  -13.322  -13.303
   -0.639    1.541    4.935    5.870    9.099   10.884   12.916   13.578   16.290   17.205
   17.568   18.108   18.975   21.195
            0.714286 -0.142857  0.714286
  -13.844  -13.821  -13.693  -13.589  -13.579  -13.559  -13.509  -13.454  -13.318  -13.296
   -0.399    1.242    4.642    5.981    9.163   11.834   12.837   13.307   15.151   16.176
   17.752   18.976   19.960   21.419
            0.642857 -0.071429  0.642857
  -13.845  -13.822  -13.688  -13.597  -13.584  -13.537  -13.517  -13.460  -13.317  -13.295
   -0.513    1.384    4.518    6.178    9.277   12.450   12.937   13.123   14.154   15.301
   17.853   19.132   20.780   21.134
            0.571429  0.000000  0.571429
  -13.840  -13.822  -13.692  -13.624  -13.593  -13.512  -13.503  -13.460  -13.318  -13.302
   -0.858    1.813    4.613    6.443    9.413   12.438   12.493   12.710   14.672   14.734
   17.988   18.084   20.195   22.252
            0.000000  0.714286  0.000000
  -13.814  -13.814  -13.749  -13.617  -13.598  -13.547  -13.475  -13.393  -13.329  -13.329
   -1.106    2.223    5.745    5.745    8.614    9.480   14.315   14.315   15.143   17.415
   17.711   19.544   19.544   20.200
           -0.071429  0.785714 -0.071429
  -13.822  -13.818  -13.731  -13.617  -13.600  -13.528  -13.492  -13.413  -13.323  -13.319
   -0.754    1.713    5.470    5.647    8.746    9.408   14.311   14.610   16.184   17.714
   17.814   19.054   19.291   20.284
            0.857143 -0.142857  0.857143
  -13.833  -13.821  -13.706  -13.625  -13.583  -13.520  -13.510  -13.440  -13.319  -13.306
   -0.362    1.226    5.050    5.645    8.895    9.881   14.068   14.529   16.531   17.488
   17.678   19.002   19.150   20.856
            0.785714 -0.071429  0.785714
  -13.842  -13.823  -13.688  -13.613  -13.569  -13.530  -13.527  -13.458  -13.316  -13.297
   -0.060    0.897    4.675    5.739    8.978   10.788   13.815   14.198   15.381   16.489
   18.588   19.312   20.011   21.179
            0.714286  0.000000  0.714286
  -13.847  -13.824  -13.684  -13.580  -13.568  -13.560  -13.531  -13.462  -13.315  -13.293
   -0.164    1.017    4.468    5.921    9.110   11.873   13.429   13.654   14.406   15.728
   18.902   19.115   20.696   20.985
            0.000000  0.857143  0.000000
  -13.821  -13.821  -13.721  -13.644  -13.582  -13.510  -13.503  -13.424  -13.319  -13.319
   -0.414    1.264    5.527    5.527    8.603    9.050   15.241   15.241   16.261   18.004
   18.072   18.992   18.992   19.761
            0.928571 -0.071429  0.928571
  -13.826  -13.823  -13.700  -13.660  -13.564  -13.528  -13.486  -13.446  -13.316  -13.312
   -0.019    0.812    5.311    5.502    8.759    9.099   15.189   15.352   16.818   17.579
   17.923   18.867   19.115   19.827
            0.857143 -0.000000  0.857143
  -13.835  -13.823  -13.685  -13.651  -13.551  -13.542  -13.493  -13.461  -13.315  -13.303
    0.259    0.539    4.951    5.575    8.847    9.787   14.721   14.950   15.951   17.060
   18.263   19.663   19.693   20.359
            0.000000 -1.000000  0.000000
  -13.823  -13.823  -13.686  -13.686  -13.546  -13.546  -13.461  -13.461  -13.315  -13.315
    0.380    0.380    5.454    5.454    8.750    8.750   15.708   15.708   17.314   17.314
   18.464   18.464   18.854   18.854
           -0.142857  0.285714  0.000000
  -13.792  -13.785  -13.768  -13.689  -13.669  -13.456  -13.414  -13.383  -13.373  -13.350
   -2.407    5.023    6.860    7.421    9.409    9.883   11.150   11.623   14.067   14.432
   15.443   17.006   17.056   18.743
           -0.214286  0.357143 -0.071429
  -13.802  -13.795  -13.758  -13.677  -13.652  -13.471  -13.427  -13.395  -13.359  -13.340
   -2.166    4.171    6.406    7.226    9.403   10.205   11.516   12.052   14.131   14.974
   15.537   16.909   18.155   19.875
           -0.285714  0.428571 -0.142857
  -13.811  -13.803  -13.746  -13.664  -13.639  -13.482  -13.439  -13.411  -13.346  -13.332
   -1.845    3.279    6.095    6.978    9.259   10.617   11.732   12.430   14.548   15.028
   16.209   17.354   19.393   20.225
           -0.357143  0.500000 -0.214286
  -13.818  -13.809  -13.733  -13.653  -13.631  -13.486  -13.448  -13.429  -13.337  -13.325
   -1.472    2.461    5.895    6.760    9.119   10.861   11.749   13.033   14.943   15.263
   16.972   17.630   19.431   20.547
            0.571429 -0.428571  0.714286
  -13.823  -13.812  -13.724  -13.644  -13.630  -13.483  -13.458  -13.441  -13.331  -13.321
   -1.123    1.834    5.784    6.614    9.025   10.937   11.720   13.725   15.017   16.149
   16.649   17.884   18.908   20.396
            0.500000 -0.357143  0.642857
  -13.824  -13.813  -13.721  -13.638  -13.633  -13.476  -13.467  -13.445  -13.330  -13.319
   -0.962    1.579    5.748    6.563    8.993   10.949   11.706   14.037   15.451   15.799
   16.865   17.690   19.158   19.650
           -0.142857  0.428571  0.000000
  -13.801  -13.797  -13.765  -13.672  -13.635  -13.498  -13.424  -13.383  -13.357  -13.343
   -2.080    4.063    6.307    6.761    9.480   10.037   12.061   12.166   13.999   15.433
   16.034   17.446   17.779   19.412
           -0.214286  0.500000 -0.071429
  -13.812  -13.805  -13.750  -13.659  -13.619  -13.513  -13.438  -13.400  -13.344  -13.331
   -1.784    3.322    5.877    6.567    9.635   10.220   12.002   12.523   14.668   15.813
   16.408   17.612   18.814   20.246
           -0.285714  0.571429 -0.142857
  -13.823  -13.811  -13.732  -13.645  -13.609  -13.521  -13.452  -13.421  -13.334  -13.320
   -1.422    2.569    5.555    6.378    9.588   10.676   12.010   12.693   15.491   15.784
   17.220   17.660   19.275   20.131
            0.642857 -0.357143  0.785714
  -13.831  -13.815  -13.716  -13.633  -13.607  -13.519  -13.467  -13.439  -13.328  -13.311
   -1.049    1.919    5.324    6.268    9.515   10.950   12.287   12.870   15.577   16.425
   16.859   17.942   19.011   20.609
            0.571429 -0.285714  0.714286
  -13.835  -13.817  -13.706  -13.625  -13.612  -13.509  -13.480  -13.450  -13.324  -13.307
   -0.800    1.541    5.179    6.265    9.487   11.006   12.366   13.512   15.061   16.245
   16.997   17.814   19.594   21.014
            0.500000 -0.214286  0.642857
  -13.834  -13.818  -13.704  -13.630  -13.611  -13.503  -13.479  -13.454  -13.323  -13.309
   -0.863    1.634    5.127    6.367    9.514   11.024   12.277   13.709   14.871   16.065
   16.323   18.621   19.907   20.677
            0.428571 -0.142857  0.571429
  -13.829  -13.817  -13.712  -13.643  -13.612  -13.505  -13.460  -13.452  -13.324  -13.315
   -1.180    2.133    5.187    6.559    9.585   11.012   12.114   12.996   15.142   15.503
   16.846   18.256   19.479   20.603
            0.357143 -0.071429  0.500000
  -13.819  -13.814  -13.726  -13.655  -13.620  -13.500  -13.448  -13.432  -13.330  -13.324
   -1.558    2.819    5.392    6.810    9.670   10.805   11.971   12.400   14.558   15.753
   16.941   17.835   18.763   20.053
            0.285714 -0.000000  0.428571
  -13.809  -13.807  -13.743  -13.666  -13.635  -13.488  -13.439  -13.410  -13.344  -13.332
   -1.899    3.535    5.787    7.065    9.671   10.402   11.897   12.034   14.274   15.644
   15.921   17.691   18.341   20.182
           -0.142857  0.571429 -0.000000
  -13.810  -13.809  -13.756  -13.647  -13.595  -13.544  -13.447  -13.389  -13.339  -13.334
   -1.629    3.099    5.853    6.185    9.170   10.077   12.525   13.234   14.766   16.515
   16.791   18.120   18.698   20.208
           -0.214286  0.642857 -0.071429
  -13.822  -13.815  -13.735  -13.633  -13.581  -13.557  -13.462  -13.411  -13.330  -13.321
   -1.284    2.470    5.452    6.012    9.404   10.266   12.329   13.533   15.659   16.666
   17.366   18.166   19.071   20.014
            0.714286 -0.285714  0.857143
  -13.833  -13.819  -13.714  -13.618  -13.578  -13.558  -13.479  -13.435  -13.323  -13.308
   -0.902    1.869    5.096    5.917    9.468   10.914   12.161   13.533   16.168   16.692
   17.513   17.966   19.189   20.277
            0.642857 -0.214286  0.785714
  -13.841  -13.822  -13.697  -13.606  -13.583  -13.550  -13.495  -13.452  -13.319  -13.300
   -0.585    1.432    4.827    5.934    9.503   11.533   12.325   13.373   15.221   17.024
   17.341   17.935   19.844   21.370
            0.571429 -0.142857  0.714286
  -13.843  -13.823  -13.689  -13.606  -13.588  -13.536  -13.504  -13.460  -13.317  -13.298
   -0.548    1.386    4.683    6.057    9.583   11.614   12.930   13.220   14.401   16.084
   17.285   18.893   20.529   21.181
            0.500000 -0.071429  0.642857
  -13.839  -13.823  -13.692  -13.624  -13.591  -13.525  -13.491  -13.461  -13.317  -13.303
   -0.826    1.756    4.701    6.268    9.700   11.565   12.413   13.274   14.758   15.224
   17.439   18.698   20.142   21.025
            0.428571 -0.000000  0.571429
  -13.831  -13.820  -13.706  -13.642  -13.602  -13.515  -13.462  -13.456  -13.320  -13.314
   -1.204    2.291    4.923    6.538    9.787   11.268   12.001   12.834   14.701   15.715
   17.530   17.823   19.126   20.985
           -0.142857  0.714286  0.000000
  -13.819  -13.819  -13.738  -13.617  -13.591  -13.553  -13.476  -13.406  -13.325  -13.324
   -1.060    2.153    5.528    5.742    8.990    9.712   13.344   14.281   15.782   17.347
   17.598   18.982   19.065   20.183
            0.785714 -0.214286  0.928571
  -13.830  -13.822  -13.713  -13.602  -13.601  -13.540  -13.494  -13.432  -13.319  -13.310
   -0.679    1.625    5.154    5.628    9.232   10.021   13.119   14.461   16.495   16.919
   18.057   18.508   19.352   20.128
            0.714286 -0.142857  0.857143
  -13.840  -13.825  -13.691  -13.600  -13.585  -13.541  -13.511  -13.455  -13.315  -13.299
   -0.315    1.184    4.782    5.644    9.318   10.851   12.897   14.184   15.600   17.276
   17.903   18.521   19.949   21.019
            0.642857 -0.071429  0.785714
  -13.846  -13.826  -13.680  -13.583  -13.574  -13.557  -13.524  -13.465  -13.313  -13.294
   -0.195    1.053    4.535    5.770    9.423   11.873   12.743   13.482   14.869   16.245
   18.447   19.001   20.560   20.882
            0.571429  0.000000  0.714286
  -13.846  -13.825  -13.682  -13.597  -13.572  -13.550  -13.519  -13.465  -13.314  -13.295
   -0.452    1.343    4.489    5.988    9.573   12.346   12.603   13.127   14.391   15.510
   18.572   18.613   20.486   21.287
            0.857143 -0.142857  1.000000
  -13.825  -13.825  -13.711  -13.635  -13.582  -13.510  -13.510  -13.434  -13.315  -13.315
   -0.382    1.243    5.348    5.452    8.955    9.333   14.277   15.128   16.763   17.173
   18.171   18.836   19.384   20.447
            0.785714 -0.071429  0.928571
  -13.835  -13.826  -13.685  -13.641  -13.566  -13.529  -13.503  -13.460  -13.312  -13.304
    0.011    0.813    5.000    5.434    9.153    9.838   14.033   14.765   16.320   17.440
   17.869   18.993   20.108   20.549
            0.714286  0.000000  0.857143
  -13.843  -13.827  -13.676  -13.619  -13.558  -13.539  -13.523  -13.469  -13.312  -13.296
    0.128    0.709    4.671    5.555    9.261   10.798   13.744   13.814   15.647   16.669
   18.555   19.415   20.413   20.636
           -0.142857 -1.000000  0.000000
  -13.827  -13.827  -13.676  -13.676  -13.546  -13.546  -13.470  -13.470  -13.312  -13.312
    0.391    0.391    5.321    5.321    9.070    9.070   15.097   15.097   17.130   17.130
   18.290   18.290   19.860   19.860
           -0.285714  0.571429  0.000000
  -13.819  -13.817  -13.731  -13.646  -13.602  -13.529  -13.451  -13.421  -13.328  -13.324
   -1.466    2.745    5.371    6.379   10.094   10.212   11.795   13.063   14.985   16.297
   16.981   18.320   18.424   20.027
            0.642857 -0.357143  0.928571
  -13.830  -13.821  -13.710  -13.633  -13.590  -13.539  -13.467  -13.444  -13.320  -13.313
   -1.093    2.137    5.039    6.150   10.108   10.714   11.764   13.399   15.495   15.926
   17.408   18.201   19.247   20.528
            0.571429 -0.285714  0.857143
  -13.838  -13.824  -13.694  -13.619  -13.587  -13.539  -13.486  -13.458  -13.317  -13.303
   -0.732    1.613    4.860    5.979   10.064   10.932   12.300   13.456   14.976   16.405
   17.133   18.495   20.154   20.447
            0.500000 -0.214286  0.785714
  -13.841  -13.824  -13.688  -13.612  -13.588  -13.536  -13.497  -13.462  -13.316  -13.300
   -0.559    1.381    4.804    5.917   10.049   10.939   12.955   13.253   14.431   17.041
   17.212   17.823   20.656   21.589
            0.714286 -0.285714  1.000000
  -13.828  -13.825  -13.712  -13.618  -13.573  -13.564  -13.479  -13.436  -13.316  -13.314
   -0.925    1.955    5.101    5.774    9.895   10.290   12.098   14.161   15.972   16.316
   18.022   18.355   19.136   20.715
            0.642857 -0.214286  0.928571
  -13.838  -13.828  -13.689  -13.603  -13.580  -13.555  -13.498  -13.459  -13.312  -13.302
   -0.542    1.462    4.830    5.592   10.093   10.912   11.899   14.142   15.465   16.709
   18.169   18.391   20.024   20.318
            0.571429 -0.142857  0.857143
  -13.844  -13.830  -13.674  -13.594  -13.573  -13.558  -13.514  -13.471  -13.310  -13.296
   -0.274    1.145    4.652    5.552   10.173   11.436   12.198   13.349   15.065   17.420
   17.817   18.140   20.765   21.043
            0.500000 -0.071429  0.785714
  -13.844  -13.829  -13.674  -13.598  -13.566  -13.561  -13.513  -13.472  -13.310  -13.296
   -0.368    1.255    4.600    5.657   10.287   11.384   12.324   13.223   14.925   16.434
   18.180   18.697   20.265   20.915
            0.428571  0.000000  0.714286
  -13.839  -13.827  -13.688  -13.616  -13.573  -13.554  -13.490  -13.462  -13.313  -13.303
   -0.715    1.669    4.717    5.876   10.382   11.073   11.714   13.866   15.101   15.725
   18.282   18.294   19.896   21.135
            0.714286 -0.142857  1.000000
  -13.834  -13.831  -13.686  -13.615  -13.584  -13.526  -13.513  -13.459  -13.308  -13.306
   -0.291    1.173    4.995    5.328    9.825   10.071   12.877   14.547   16.221   16.983
   18.295   18.787   20.009   20.501
            0.642857 -0.071429  0.928571
  -13.841  -13.833  -13.663  -13.615  -13.570  -13.533  -13.523  -13.480  -13.306  -13.298
    0.052    0.812    4.760    5.256   10.017   10.882   12.646   13.565   16.118   17.499
   17.855   18.894   20.296   20.994
            0.571429  0.000000  0.857143
  -13.845  -13.832  -13.662  -13.592  -13.574  -13.541  -13.535  -13.481  -13.307  -13.294
   -0.013    0.888    4.580    5.397   10.154   11.879   12.501   12.513   15.711   16.725
   18.509   19.079   20.209   20.485
           -0.285714 -1.000000 -0.000000
  -13.835  -13.835  -13.653  -13.653  -13.549  -13.549  -13.490  -13.490  -13.304  -13.304
    0.416    0.416    5.067    5.067    9.888    9.888   13.794   13.794   17.060   17.060
   18.281   18.281   21.002   21.002
            0.571429 -0.142857  1.000000
  -13.842  -13.835  -13.663  -13.594  -13.586  -13.540  -13.521  -13.480  -13.305  -13.298
   -0.159    1.051    4.702    5.295   10.908   10.978   11.723   13.376   15.861   16.899
   18.397   18.853   19.960   20.486
            0.500000 -0.071429  0.928571
  -13.844  -13.836  -13.651  -13.601  -13.573  -13.540  -13.529  -13.490  -13.303  -13.295
    0.071    0.811    4.674    5.171   10.947   11.388   12.115   12.393   16.092   17.588
   17.795   18.826   20.259   20.990
           -0.428571 -1.000000  0.000000
  -13.840  -13.840  -13.631  -13.631  -13.554  -13.554  -13.507  -13.507  -13.299  -13.299
    0.437    0.437    4.893    4.893   10.975   10.975   12.426   12.426   17.068   17.068
   18.299   18.299   21.002   21.002
