 &plot nbnd=  14, nks=   244 /
            0.000000  0.000000  0.000000
  -10.809  -10.746  -10.692  -10.682  -10.535  -10.535  -10.524  -10.524  -10.418  -10.307
   -0.350    7.150    8.843    8.843
           -0.071429  0.000000  0.130917
  -10.806  -10.736  -10.679  -10.678  -10.543  -10.542  -10.525  -10.524  -10.419  -10.310
   -0.248    6.997    8.851    9.189
           -0.142857  0.000000  0.261835
  -10.797  -10.708  -10.667  -10.648  -10.560  -10.551  -10.531  -10.530  -10.425  -10.320
    0.055    6.754    8.888    9.996
           -0.214286  0.000000  0.392752
  -10.783  -10.673  -10.653  -10.619  -10.581  -10.547  -10.543  -10.534  -10.433  -10.334
    0.561    6.605    8.978   10.998
           -0.285714  0.000000  0.523670
  -10.767  -10.648  -10.641  -10.619  -10.596  -10.557  -10.533  -10.501  -10.444  -10.351
    1.265    6.577    9.139   10.595
           -0.357143  0.000000  0.654587
  -10.754  -10.644  -10.643  -10.631  -10.593  -10.571  -10.499  -10.458  -10.456  -10.367
    2.152    6.543    9.053    9.358
           -0.428571  0.000000  0.785505
  -10.743  -10.665  -10.654  -10.624  -10.582  -10.580  -10.467  -10.463  -10.433  -10.379
    3.162    6.038    8.369    9.576
            0.500000  0.000000 -0.916422
  -10.738  -10.675  -10.658  -10.620  -10.584  -10.575  -10.471  -10.439  -10.436  -10.382
    3.855    5.392    8.476    9.098
           -0.071429  0.071429  0.261835
  -10.801  -10.707  -10.671  -10.644  -10.560  -10.556  -10.532  -10.529  -10.422  -10.316
    0.009    7.004    9.188    9.461
           -0.142857  0.071429  0.392752
  -10.789  -10.670  -10.658  -10.608  -10.579  -10.562  -10.545  -10.532  -10.429  -10.327
    0.469    6.923    9.402   10.278
           -0.214286  0.071429  0.523670
  -10.775  -10.647  -10.643  -10.603  -10.595  -10.561  -10.551  -10.504  -10.438  -10.341
    1.128    6.901    9.549   10.906
           -0.285714  0.071429  0.654587
  -10.762  -10.650  -10.632  -10.620  -10.597  -10.574  -10.519  -10.458  -10.450  -10.356
    1.975    6.872    9.211    9.902
           -0.357143  0.071429  0.785505
  -10.751  -10.660  -10.646  -10.621  -10.585  -10.583  -10.484  -10.462  -10.427  -10.370
    2.963    6.376    8.451    9.359
           -0.428571  0.071429  0.916422
  -10.742  -10.672  -10.658  -10.615  -10.587  -10.573  -10.472  -10.457  -10.423  -10.380
    3.830    5.486    8.149    9.126
            0.500000  0.071429 -0.785505
  -10.738  -10.673  -10.655  -10.617  -10.584  -10.572  -10.473  -10.446  -10.444  -10.386
    3.428    5.722    7.910    9.518
            0.428571  0.071429 -0.654587
  -10.744  -10.659  -10.647  -10.625  -10.580  -10.575  -10.481  -10.465  -10.459  -10.381
    2.416    6.066    8.570    9.386
            0.357143  0.071429 -0.523670
  -10.755  -10.655  -10.637  -10.631  -10.586  -10.562  -10.516  -10.494  -10.454  -10.366
    1.492    6.018    8.984   10.284
            0.285714  0.071429 -0.392752
  -10.771  -10.678  -10.643  -10.634  -10.576  -10.549  -10.531  -10.524  -10.442  -10.348
    0.745    5.995    8.859   11.613
            0.214286  0.071429 -0.261835
  -10.786  -10.711  -10.660  -10.656  -10.559  -10.542  -10.531  -10.525  -10.432  -10.332
    0.193    6.111    8.814   10.666
            0.142857  0.071429 -0.130917
  -10.798  -10.737  -10.685  -10.671  -10.544  -10.537  -10.525  -10.521  -10.424  -10.319
   -0.156    6.375    8.854    9.755
            0.071429  0.071429  0.000000
  -10.805  -10.747  -10.694  -10.678  -10.537  -10.533  -10.523  -10.523  -10.420  -10.311
   -0.304    6.730    8.898    9.175
           -0.142857  0.142857  0.523670
  -10.777  -10.647  -10.645  -10.599  -10.582  -10.571  -10.558  -10.504  -10.436  -10.338
    1.083    6.997    9.918   10.761
           -0.214286  0.142857  0.654587
  -10.766  -10.653  -10.632  -10.603  -10.593  -10.581  -10.535  -10.458  -10.447  -10.350
    1.886    7.033    9.348   10.030
           -0.285714  0.142857  0.785505
  -10.757  -10.664  -10.628  -10.618  -10.592  -10.580  -10.504  -10.459  -10.425  -10.363
    2.841    6.691    8.272    9.163
           -0.357143  0.142857  0.916422
  -10.748  -10.671  -10.648  -10.607  -10.597  -10.567  -10.481  -10.470  -10.415  -10.375
    3.780    5.730    7.612    9.115
           -0.428571  0.142857  1.047340
  -10.739  -10.675  -10.655  -10.604  -10.594  -10.559  -10.480  -10.463  -10.431  -10.388
    3.742    5.438    7.382    9.562
            0.500000  0.142857 -0.654587
  -10.735  -10.669  -10.653  -10.610  -10.586  -10.562  -10.478  -10.467  -10.461  -10.394
    2.763    5.492    8.161    9.619
            0.428571  0.142857 -0.523670
  -10.741  -10.662  -10.652  -10.617  -10.580  -10.563  -10.502  -10.485  -10.467  -10.384
    1.808    5.326    9.014   10.094
            0.357143  0.142857 -0.392752
  -10.754  -10.683  -10.653  -10.626  -10.576  -10.553  -10.520  -10.509  -10.456  -10.367
    1.019    5.236    8.990   11.723
            0.285714  0.142857 -0.261835
  -10.769  -10.714  -10.673  -10.642  -10.563  -10.539  -10.521  -10.518  -10.444  -10.350
    0.424    5.301    8.970   11.271
            0.214286  0.142857 -0.130917
  -10.782  -10.740  -10.695  -10.657  -10.550  -10.528  -10.522  -10.515  -10.435  -10.336
    0.028    5.534    9.035   10.334
            0.142857  0.142857 -0.000000
  -10.793  -10.749  -10.702  -10.667  -10.543  -10.526  -10.520  -10.517  -10.428  -10.325
   -0.165    5.914    9.063    9.743
           -0.214286  0.214286  0.785505
  -10.760  -10.665  -10.618  -10.615  -10.602  -10.575  -10.513  -10.458  -10.424  -10.360
    2.800    6.840    8.149    9.097
           -0.285714  0.214286  0.916422
  -10.753  -10.673  -10.633  -10.609  -10.602  -10.557  -10.499  -10.470  -10.411  -10.372
    3.745    5.998    7.185    9.098
           -0.357143  0.214286  1.047340
  -10.742  -10.676  -10.646  -10.609  -10.589  -10.544  -10.491  -10.480  -10.424  -10.387
    4.054    5.185    6.995    9.585
           -0.428571  0.214286  1.178257
  -10.731  -10.675  -10.652  -10.606  -10.586  -10.542  -10.491  -10.477  -10.454  -10.402
    3.188    4.882    7.898    9.914
            0.500000  0.214286 -0.523670
  -10.727  -10.667  -10.661  -10.606  -10.587  -10.546  -10.495  -10.485  -10.476  -10.403
    2.212    4.605    9.079   10.101
            0.428571  0.214286 -0.392752
  -10.734  -10.686  -10.667  -10.608  -10.590  -10.543  -10.511  -10.494  -10.472  -10.389
    1.384    4.449    9.275   11.464
            0.357143  0.214286 -0.261835
  -10.746  -10.717  -10.686  -10.622  -10.578  -10.532  -10.512  -10.506  -10.460  -10.373
    0.745    4.465    9.273   11.813
            0.285714  0.214286 -0.130917
  -10.760  -10.742  -10.707  -10.638  -10.562  -10.520  -10.514  -10.506  -10.449  -10.358
    0.305    4.659    9.338   10.866
            0.214286  0.214286 -0.000000
  -10.773  -10.752  -10.712  -10.651  -10.553  -10.518  -10.516  -10.509  -10.440  -10.345
    0.065    5.025    9.335   10.282
           -0.285714  0.285714  1.047340
  -10.744  -10.677  -10.637  -10.619  -10.584  -10.532  -10.504  -10.484  -10.421  -10.386
    4.215    5.052    6.854    9.590
           -0.357143  0.285714  1.178257
  -10.730  -10.677  -10.644  -10.620  -10.572  -10.521  -10.503  -10.494  -10.449  -10.404
    3.668    4.299    7.771   10.137
           -0.428571  0.285714  1.309175
  -10.717  -10.674  -10.658  -10.620  -10.571  -10.527  -10.504  -10.492  -10.472  -10.417
    2.699    3.911    9.097   10.313
            0.500000  0.285714 -0.392752
  -10.715  -10.683  -10.677  -10.617  -10.580  -10.530  -10.507  -10.493  -10.478  -10.412
    1.838    3.695    9.656   11.136
            0.428571  0.285714 -0.261835
  -10.726  -10.711  -10.699  -10.601  -10.595  -10.525  -10.507  -10.490  -10.478  -10.398
    1.158    3.661    9.688   12.184
            0.357143  0.285714 -0.130917
  -10.745  -10.731  -10.718  -10.614  -10.581  -10.517  -10.506  -10.494  -10.466  -10.384
    0.673    3.814    9.746   11.379
            0.285714  0.285714 -0.000000
  -10.754  -10.746  -10.723  -10.629  -10.568  -10.513  -10.509  -10.498  -10.456  -10.370
    0.388    4.152    9.711   10.785
           -0.357143  0.357143  1.309175
  -10.714  -10.677  -10.650  -10.632  -10.560  -10.517  -10.514  -10.497  -10.470  -10.422
    3.209    3.330    9.094   10.502
           -0.428571  0.357143  1.440092
  -10.704  -10.687  -10.665  -10.641  -10.559  -10.526  -10.511  -10.502  -10.466  -10.431
    2.377    3.001   10.057   10.770
            0.500000  0.357143 -0.261835
  -10.721  -10.709  -10.685  -10.626  -10.571  -10.526  -10.503  -10.496  -10.470  -10.423
    1.659    2.917   10.197   11.477
            0.428571  0.357143 -0.130917
  -10.745  -10.729  -10.699  -10.605  -10.588  -10.520  -10.500  -10.483  -10.477  -10.410
    1.131    3.027   10.250   11.910
            0.357143  0.357143  0.000000
  -10.754  -10.734  -10.715  -10.603  -10.589  -10.514  -10.501  -10.484  -10.473  -10.397
    0.802    3.329   10.188   11.289
           -0.428571  0.428571  1.571010
  -10.716  -10.716  -10.656  -10.654  -10.551  -10.539  -10.501  -10.500  -10.453  -10.442
    2.237    2.258   10.701   10.901
            0.500000  0.428571 -0.130917
  -10.742  -10.736  -10.666  -10.634  -10.561  -10.536  -10.495  -10.491  -10.458  -10.435
    1.679    2.313   10.843   11.525
            0.428571  0.428571 -0.000000
  -10.753  -10.742  -10.681  -10.616  -10.576  -10.526  -10.495  -10.484  -10.467  -10.423
    1.306    2.574   10.760   11.828
            0.500000 -0.500000 -1.832845
  -10.749  -10.749  -10.647  -10.647  -10.549  -10.549  -10.490  -10.490  -10.446  -10.446
    1.898    1.898   11.422   11.422
            0.000000  0.000000  0.261835
  -10.804  -10.705  -10.674  -10.639  -10.561  -10.561  -10.531  -10.531  -10.420  -10.312
   -0.037    7.417    9.135    9.135
           -0.071429  0.000000  0.392752
  -10.795  -10.664  -10.663  -10.594  -10.584  -10.574  -10.542  -10.540  -10.424  -10.320
    0.377    7.532    9.406    9.729
           -0.142857  0.000000  0.523670
  -10.781  -10.650  -10.635  -10.605  -10.591  -10.564  -10.556  -10.513  -10.432  -10.332
    0.991    7.526    9.643   10.589
           -0.214286  0.000000  0.654587
  -10.767  -10.644  -10.634  -10.611  -10.603  -10.569  -10.540  -10.462  -10.442  -10.345
    1.796    7.438    9.744    9.816
           -0.285714  0.000000  0.785505
  -10.755  -10.652  -10.638  -10.621  -10.598  -10.579  -10.506  -10.455  -10.426  -10.359
    2.755    6.803    8.857    9.456
           -0.357143  0.000000  0.916422
  -10.745  -10.657  -10.657  -10.620  -10.585  -10.581  -10.480  -10.466  -10.416  -10.373
    3.701    5.714    8.181    9.533
            0.571429  0.000000 -0.785505
  -10.735  -10.671  -10.652  -10.621  -10.581  -10.573  -10.473  -10.464  -10.432  -10.387
    3.656    5.523    7.802    9.258
            0.500000  0.000000 -0.654587
  -10.733  -10.667  -10.641  -10.631  -10.576  -10.572  -10.471  -10.470  -10.461  -10.393
    2.673    5.819    8.393    8.868
            0.428571  0.000000 -0.523670
  -10.743  -10.654  -10.650  -10.630  -10.582  -10.559  -10.506  -10.488  -10.462  -10.381
    1.717    5.755    8.559    9.872
            0.357143  0.000000 -0.392752
  -10.758  -10.679  -10.650  -10.634  -10.575  -10.544  -10.530  -10.513  -10.450  -10.362
    0.928    5.704    8.373   11.640
            0.285714  0.000000 -0.261835
  -10.776  -10.712  -10.668  -10.649  -10.558  -10.537  -10.532  -10.520  -10.439  -10.344
    0.332    5.797    8.323   11.527
            0.214286  0.000000 -0.130917
  -10.790  -10.738  -10.690  -10.664  -10.542  -10.537  -10.525  -10.516  -10.429  -10.328
   -0.064    6.058    8.404   10.531
            0.142857  0.000000  0.000000
  -10.801  -10.748  -10.697  -10.675  -10.535  -10.535  -10.524  -10.518  -10.423  -10.316
   -0.257    6.478    8.592    9.720
           -0.071429  0.071429  0.523670
  -10.783  -10.651  -10.631  -10.604  -10.593  -10.563  -10.557  -10.517  -10.430  -10.329
    0.946    7.777    9.874   10.186
           -0.142857  0.071429  0.654587
  -10.770  -10.643  -10.637  -10.612  -10.587  -10.573  -10.555  -10.464  -10.438  -10.340
    1.706    7.781    9.690   10.304
           -0.214286  0.071429  0.785505
  -10.758  -10.654  -10.632  -10.609  -10.602  -10.582  -10.525  -10.450  -10.426  -10.352
    2.628    7.209    8.661    9.559
           -0.285714  0.071429  0.916422
  -10.748  -10.660  -10.638  -10.617  -10.588  -10.584  -10.503  -10.463  -10.413  -10.366
    3.594    6.046    7.834    9.582
           -0.357143  0.071429  1.047340
  -10.737  -10.665  -10.647  -10.614  -10.585  -10.571  -10.487  -10.473  -10.425  -10.384
    3.896    5.396    7.433    9.303
            0.571429  0.071429 -0.654587
  -10.727  -10.670  -10.644  -10.620  -10.576  -10.567  -10.480  -10.477  -10.455  -10.399
    3.009    5.446    7.997    8.905
            0.500000  0.071429 -0.523670
  -10.729  -10.665  -10.653  -10.620  -10.572  -10.563  -10.502  -10.479  -10.472  -10.398
    2.030    5.291    8.417    9.583
            0.428571  0.071429 -0.392752
  -10.742  -10.681  -10.664  -10.621  -10.570  -10.551  -10.524  -10.499  -10.461  -10.382
    1.201    5.181    8.241   11.261
            0.357143  0.071429 -0.261835
  -10.759  -10.714  -10.680  -10.635  -10.557  -10.541  -10.526  -10.508  -10.450  -10.362
    0.562    5.222    8.190   12.266
            0.285714  0.071429 -0.130917
  -10.776  -10.740  -10.700  -10.651  -10.546  -10.532  -10.524  -10.509  -10.439  -10.344
    0.120    5.438    8.287   11.275
            0.214286  0.071429 -0.000000
  -10.789  -10.749  -10.704  -10.664  -10.540  -10.528  -10.523  -10.512  -10.430  -10.329
   -0.119    5.830    8.520   10.401
           -0.142857  0.142857  0.785505
  -10.759  -10.655  -10.631  -10.601  -10.597  -10.590  -10.533  -10.448  -10.426  -10.350
    2.586    7.426    8.454    9.590
           -0.214286  0.142857  0.916422
  -10.751  -10.664  -10.621  -10.612  -10.596  -10.582  -10.520  -10.461  -10.411  -10.362
    3.535    6.380    7.427    9.642
           -0.285714  0.142857  1.047340
  -10.741  -10.667  -10.631  -10.604  -10.594  -10.566  -10.512  -10.474  -10.421  -10.380
    4.087    5.360    7.032    9.593
           -0.357143  0.142857  1.178257
  -10.728  -10.669  -10.639  -10.603  -10.586  -10.557  -10.500  -10.484  -10.450  -10.400
    3.412    4.981    7.670    9.214
            0.571429  0.142857 -0.523670
  -10.720  -10.671  -10.652  -10.605  -10.578  -10.556  -10.501  -10.485  -10.474  -10.411
    2.427    4.697    8.477    9.447
            0.500000  0.142857 -0.392752
  -10.725  -10.680  -10.675  -10.605  -10.575  -10.551  -10.516  -10.487  -10.476  -10.402
    1.564    4.515    8.397   10.837
            0.428571  0.142857 -0.261835
  -10.741  -10.712  -10.693  -10.617  -10.568  -10.539  -10.518  -10.496  -10.464  -10.385
    0.883    4.499    8.345   11.961
            0.357143  0.142857 -0.130917
  -10.757  -10.739  -10.710  -10.633  -10.557  -10.526  -10.517  -10.499  -10.452  -10.366
    0.397    4.665    8.441   11.923
            0.285714  0.142857 -0.000000
  -10.770  -10.751  -10.714  -10.648  -10.550  -10.520  -10.520  -10.504  -10.442  -10.349
    0.111    5.013    8.684   11.017
            0.142857  0.142857  0.261835
  -10.790  -10.710  -10.662  -10.654  -10.559  -10.545  -10.534  -10.524  -10.430  -10.328
    0.147    6.197    9.344   10.024
           -0.214286  0.214286  1.047340
  -10.742  -10.668  -10.616  -10.607  -10.598  -10.560  -10.525  -10.474  -10.420  -10.378
    4.159    5.368    6.857    9.816
           -0.285714  0.214286  1.178257
  -10.730  -10.670  -10.625  -10.604  -10.584  -10.544  -10.524  -10.488  -10.447  -10.398
    3.838    4.510    7.508    9.629
           -0.357143  0.214286  1.309175
  -10.717  -10.674  -10.641  -10.603  -10.578  -10.541  -10.509  -10.497  -10.474  -10.416
    2.901    4.071    8.570    9.519
            0.571429  0.214286 -0.392752
  -10.714  -10.687  -10.667  -10.601  -10.580  -10.539  -10.512  -10.495  -10.478  -10.421
    2.013    3.820    8.733   10.342
            0.500000  0.214286 -0.261835
  -10.729  -10.704  -10.697  -10.597  -10.586  -10.531  -10.511  -10.487  -10.479  -10.409
    1.293    3.748    8.686   11.168
            0.428571  0.214286 -0.130917
  -10.748  -10.723  -10.719  -10.611  -10.575  -10.522  -10.509  -10.489  -10.469  -10.392
    0.764    3.865    8.769   12.013
            0.357143  0.214286 -0.000000
  -10.756  -10.740  -10.725  -10.626  -10.565  -10.516  -10.510  -10.495  -10.458  -10.374
    0.434    4.170    8.999   11.576
            0.214286  0.214286  0.261835
  -10.772  -10.715  -10.670  -10.644  -10.566  -10.532  -10.529  -10.518  -10.442  -10.346
    0.378    5.315    9.602   10.561
            0.142857  0.214286  0.392752
  -10.777  -10.677  -10.647  -10.624  -10.575  -10.553  -10.544  -10.521  -10.438  -10.341
    0.653    6.098    9.557   10.843
           -0.285714  0.285714  1.309175
  -10.717  -10.675  -10.629  -10.615  -10.570  -10.534  -10.517  -10.503  -10.474  -10.418
    3.364    3.554    8.601    9.665
           -0.357143  0.285714  1.440092
  -10.710  -10.692  -10.647  -10.622  -10.564  -10.528  -10.513  -10.509  -10.476  -10.432
    2.543    3.156    9.161    9.822
            0.571429  0.285714 -0.261835
  -10.724  -10.713  -10.671  -10.614  -10.570  -10.527  -10.507  -10.500  -10.471  -10.431
    1.791    3.030    9.158   10.424
            0.500000  0.285714 -0.130917
  -10.746  -10.731  -10.691  -10.599  -10.584  -10.522  -10.502  -10.487  -10.475  -10.417
    1.222    3.099    9.224   11.190
            0.428571  0.285714  0.000000
  -10.755  -10.735  -10.711  -10.601  -10.586  -10.516  -10.502  -10.483  -10.473  -10.401
    0.847    3.362    9.432   12.105
            0.285714  0.285714  0.261835
  -10.749  -10.718  -10.684  -10.623  -10.581  -10.526  -10.513  -10.510  -10.459  -10.369
    0.699    4.448    9.958   11.062
            0.214286  0.285714  0.392752
  -10.760  -10.684  -10.646  -10.626  -10.585  -10.544  -10.530  -10.509  -10.453  -10.360
    0.928    5.237    9.811   11.351
            0.142857  0.285714  0.523670
  -10.764  -10.658  -10.633  -10.618  -10.586  -10.566  -10.532  -10.493  -10.449  -10.356
    1.356    6.120    9.587   10.810
           -0.357143  0.357143  1.571010
  -10.720  -10.719  -10.644  -10.640  -10.555  -10.532  -10.506  -10.505  -10.463  -10.443
    2.351    2.394    9.661    9.831
            0.571429  0.357143 -0.130917
  -10.743  -10.738  -10.659  -10.627  -10.560  -10.535  -10.498  -10.494  -10.461  -10.440
    1.767    2.395    9.785   10.446
            0.500000  0.357143 -0.000000
  -10.753  -10.743  -10.677  -10.613  -10.574  -10.527  -10.496  -10.486  -10.467  -10.426
    1.351    2.614    9.967   11.310
            0.357143  0.357143  0.261835
  -10.721  -10.720  -10.697  -10.603  -10.599  -10.522  -10.505  -10.491  -10.478  -10.395
    1.112    3.630   10.405   11.562
            0.285714  0.357143  0.392752
  -10.739  -10.689  -10.659  -10.608  -10.602  -10.532  -10.516  -10.497  -10.471  -10.382
    1.294    4.405   10.140   11.812
            0.214286  0.357143  0.523670
  -10.750  -10.666  -10.638  -10.615  -10.595  -10.552  -10.515  -10.484  -10.464  -10.375
    1.674    5.311    9.646   10.709
            0.142857  0.357143  0.654587
  -10.754  -10.659  -10.638  -10.620  -10.586  -10.573  -10.499  -10.461  -10.455  -10.371
    2.242    6.196    8.777    9.950
            0.571429 -0.571429 -1.832845
  -10.749  -10.749  -10.644  -10.644  -10.548  -10.548  -10.491  -10.491  -10.449  -10.449
    1.941    1.941   10.595   10.595
            0.428571 -0.571429 -1.571010
  -10.719  -10.707  -10.691  -10.630  -10.572  -10.526  -10.502  -10.494  -10.469  -10.421
    1.615    2.879   10.935   12.043
            0.357143 -0.571429 -1.440092
  -10.715  -10.690  -10.671  -10.629  -10.581  -10.523  -10.506  -10.491  -10.480  -10.407
    1.750    3.627   10.516   11.738
            0.285714 -0.571429 -1.309175
  -10.733  -10.671  -10.653  -10.620  -10.588  -10.531  -10.501  -10.482  -10.476  -10.396
    2.081    4.531    9.661   10.689
            0.214286 -0.571429 -1.178257
  -10.744  -10.668  -10.652  -10.609  -10.594  -10.549  -10.484  -10.472  -10.454  -10.388
    2.595    5.488    8.462    9.908
            0.142857 -0.571429 -1.047340
  -10.746  -10.671  -10.656  -10.609  -10.593  -10.565  -10.474  -10.461  -10.432  -10.382
    3.249    5.952    7.882    9.225
            0.500000 -0.500000 -1.571010
  -10.714  -10.714  -10.660  -10.660  -10.545  -10.545  -10.499  -10.499  -10.446  -10.446
    2.205    2.205   11.534   11.534
            0.428571 -0.500000 -1.440092
  -10.696  -10.685  -10.676  -10.655  -10.555  -10.530  -10.504  -10.501  -10.459  -10.432
    2.293    2.921   10.873   11.441
            0.357143 -0.500000 -1.309175
  -10.716  -10.675  -10.663  -10.638  -10.565  -10.516  -10.505  -10.488  -10.468  -10.418
    2.574    3.807    9.643   10.694
            0.285714 -0.500000 -1.178257
  -10.733  -10.677  -10.658  -10.621  -10.577  -10.524  -10.496  -10.464  -10.459  -10.405
    3.031    4.795    8.257    9.842
            0.214286 -0.500000 -1.047340
  -10.742  -10.679  -10.661  -10.609  -10.590  -10.543  -10.485  -10.444  -10.443  -10.391
    3.601    5.519    7.413    9.098
            0.142857 -0.500000 -0.916422
  -10.743  -10.678  -10.662  -10.603  -10.597  -10.560  -10.478  -10.438  -10.436  -10.383
    3.938    5.412    7.802    8.793
            0.428571 -0.428571 -1.309175
  -10.706  -10.680  -10.663  -10.647  -10.549  -10.525  -10.502  -10.487  -10.461  -10.431
    3.122    3.181    9.632   10.694
            0.357143 -0.428571 -1.178257
  -10.725  -10.685  -10.656  -10.635  -10.560  -10.511  -10.498  -10.475  -10.454  -10.415
    3.541    4.152    8.156    9.799
            0.285714 -0.428571 -1.047340
  -10.740  -10.685  -10.658  -10.624  -10.575  -10.519  -10.497  -10.462  -10.431  -10.397
    3.995    5.078    7.117    9.011
            0.214286 -0.428571 -0.916422
  -10.747  -10.680  -10.659  -10.611  -10.591  -10.544  -10.484  -10.455  -10.422  -10.385
    3.993    5.498    7.365    8.581
            0.357143 -0.357143 -1.047340
  -10.740  -10.687  -10.653  -10.633  -10.568  -10.503  -10.501  -10.478  -10.425  -10.400
    4.270    4.788    7.017    8.980
            0.285714 -0.357143 -0.916422
  -10.750  -10.681  -10.651  -10.624  -10.584  -10.527  -10.490  -10.471  -10.414  -10.386
    4.006    5.645    7.035    8.479
            0.214286 -0.357143 -0.785505
  -10.753  -10.672  -10.645  -10.610  -10.600  -10.553  -10.485  -10.469  -10.425  -10.377
    3.136    6.146    7.886    8.817
            0.285714 -0.285714 -0.785505
  -10.756  -10.673  -10.636  -10.618  -10.599  -10.545  -10.494  -10.470  -10.423  -10.375
    3.098    6.224    7.918    8.626
            0.214286 -0.285714 -0.654587
  -10.759  -10.663  -10.622  -10.618  -10.600  -10.563  -10.515  -10.459  -10.453  -10.365
    2.154    6.246    9.068    9.738
            0.214286 -0.214286 -0.523670
  -10.767  -10.659  -10.634  -10.606  -10.592  -10.561  -10.544  -10.492  -10.448  -10.352
    1.311    6.143    9.968   11.112
            0.000000  0.000000  0.523670
  -10.785  -10.653  -10.617  -10.608  -10.608  -10.555  -10.555  -10.524  -10.427  -10.326
    0.900    8.177    9.857    9.857
           -0.071429  0.000000  0.654587
  -10.771  -10.641  -10.630  -10.626  -10.579  -10.568  -10.568  -10.468  -10.434  -10.335
    1.616    8.342   10.063   10.101
           -0.142857  0.000000  0.785505
  -10.758  -10.647  -10.638  -10.615  -10.593  -10.578  -10.543  -10.444  -10.428  -10.346
    2.499    7.675    8.850    9.941
           -0.214286  0.000000  0.916422
  -10.747  -10.652  -10.638  -10.609  -10.597  -10.582  -10.525  -10.457  -10.412  -10.360
    3.459    6.420    7.885    9.542
           -0.285714  0.000000  1.047340
  -10.737  -10.648  -10.647  -10.614  -10.583  -10.577  -10.513  -10.469  -10.422  -10.379
    4.021    5.455    7.397    8.971
            0.642857  0.000000 -0.654587
  -10.724  -10.661  -10.636  -10.624  -10.573  -10.568  -10.500  -10.478  -10.451  -10.400
    3.324    5.303    7.877    8.443
            0.571429  0.000000 -0.523670
  -10.718  -10.670  -10.645  -10.621  -10.567  -10.560  -10.507  -10.478  -10.475  -10.411
    2.336    5.116    8.034    9.210
            0.500000  0.000000 -0.392752
  -10.728  -10.679  -10.673  -10.614  -10.566  -10.546  -10.531  -10.488  -10.470  -10.400
    1.473    4.970    7.780   10.737
            0.428571  0.000000 -0.261835
  -10.746  -10.710  -10.690  -10.623  -10.554  -10.538  -10.534  -10.497  -10.459  -10.381
    0.791    4.973    7.693   11.878
            0.357143  0.000000 -0.130917
  -10.764  -10.738  -10.707  -10.640  -10.540  -10.536  -10.526  -10.500  -10.447  -10.360
    0.305    5.154    7.776   12.222
            0.285714  0.000000 -0.000000
  -10.778  -10.749  -10.711  -10.655  -10.534  -10.534  -10.525  -10.504  -10.437  -10.342
    0.019    5.517    8.020   11.285
           -0.071429  0.071429  0.785505
  -10.757  -10.646  -10.639  -10.619  -10.583  -10.581  -10.550  -10.442  -10.429  -10.344
    2.456    7.919    8.790    9.961
           -0.142857  0.071429  0.916422
  -10.746  -10.654  -10.634  -10.601  -10.596  -10.585  -10.540  -10.454  -10.413  -10.357
    3.389    6.763    7.701    9.667
           -0.214286  0.071429  1.047340
  -10.737  -10.654  -10.628  -10.605  -10.586  -10.580  -10.536  -10.467  -10.421  -10.375
    4.087    5.608    7.165    9.069
           -0.285714  0.071429  1.178257
  -10.725  -10.656  -10.627  -10.611  -10.577  -10.567  -10.525  -10.479  -10.449  -10.398
    3.685    5.053    7.589    8.527
            0.642857  0.071429 -0.523670
  -10.714  -10.669  -10.637  -10.611  -10.567  -10.559  -10.515  -10.485  -10.477  -10.417
    2.722    4.750    7.944    8.959
            0.571429  0.071429 -0.392752
  -10.716  -10.686  -10.666  -10.602  -10.562  -10.552  -10.526  -10.483  -10.481  -10.419
    1.831    4.542    7.690   10.148
            0.500000  0.071429 -0.261835
  -10.734  -10.703  -10.698  -10.608  -10.557  -10.543  -10.527  -10.488  -10.471  -10.403
    1.110    4.492    7.582   10.997
            0.428571  0.071429 -0.130917
  -10.753  -10.728  -10.717  -10.623  -10.548  -10.531  -10.523  -10.492  -10.459  -10.382
    0.581    4.622    7.648   11.846
            0.357143  0.071429 -0.000000
  -10.764  -10.746  -10.719  -10.639  -10.544  -10.525  -10.524  -10.496  -10.448  -10.362
    0.250    4.938    7.888   12.081
           -0.142857  0.142857  1.047340
  -10.737  -10.657  -10.618  -10.598  -10.592  -10.580  -10.547  -10.466  -10.421  -10.374
    4.105    5.710    7.011    9.386
           -0.214286  0.142857  1.178257
  -10.726  -10.659  -10.608  -10.599  -10.586  -10.564  -10.549  -10.480  -10.449  -10.396
    4.022    4.765    7.388    8.891
           -0.285714  0.142857  1.309175
  -10.715  -10.670  -10.622  -10.596  -10.578  -10.553  -10.529  -10.492  -10.479  -10.419
    3.173    4.258    8.055    8.827
            0.642857  0.142857 -0.392752
  -10.712  -10.692  -10.648  -10.591  -10.574  -10.545  -10.522  -10.495  -10.483  -10.431
    2.271    3.972    7.905    9.510
            0.571429  0.142857 -0.261835
  -10.729  -10.710  -10.679  -10.590  -10.572  -10.537  -10.519  -10.488  -10.480  -10.425
    1.517    3.864    7.783   10.165
            0.500000  0.142857 -0.130917
  -10.750  -10.726  -10.705  -10.603  -10.565  -10.527  -10.515  -10.485  -10.474  -10.406
    0.947    3.942    7.829   10.938
            0.428571  0.142857 -0.000000
  -10.758  -10.729  -10.727  -10.619  -10.558  -10.521  -10.515  -10.489  -10.462  -10.386
    0.572    4.209    8.051   11.865
           -0.214286  0.214286  1.309175
  -10.716  -10.670  -10.606  -10.598  -10.578  -10.552  -10.539  -10.494  -10.479  -10.419
    3.569    3.839    8.144    8.799
           -0.285714  0.214286  1.440092
  -10.711  -10.694  -10.626  -10.603  -10.569  -10.537  -10.524  -10.506  -10.486  -10.436
    2.782    3.373    8.303    8.905
            0.642857  0.214286 -0.261835
  -10.726  -10.717  -10.653  -10.598  -10.568  -10.530  -10.514  -10.504  -10.477  -10.442
    2.007    3.204    8.189    9.410
            0.571429  0.214286 -0.130917
  -10.748  -10.734  -10.676  -10.589  -10.578  -10.525  -10.508  -10.491  -10.475  -10.430
    1.401    3.231    8.210   10.110
            0.500000  0.214286  0.000000
  -10.757  -10.738  -10.699  -10.596  -10.577  -10.520  -10.506  -10.483  -10.475  -10.412
    0.984    3.452    8.405   10.990
           -0.285714  0.285714  1.571010
  -10.723  -10.722  -10.628  -10.621  -10.558  -10.527  -10.514  -10.512  -10.476  -10.448
    2.542    2.608    8.678    8.809
            0.642857  0.285714 -0.130917
  -10.745  -10.740  -10.645  -10.615  -10.557  -10.533  -10.503  -10.499  -10.467  -10.449
    1.939    2.554    8.732    9.373
            0.571429  0.285714 -0.000000
  -10.755  -10.745  -10.667  -10.604  -10.570  -10.527  -10.499  -10.490  -10.469  -10.435
    1.484    2.729    8.895   10.198
            0.285714  0.285714  0.523670
  -10.753  -10.668  -10.629  -10.611  -10.608  -10.540  -10.528  -10.482  -10.464  -10.371
    1.629    5.301   10.011   10.824
            0.642857 -0.642857 -1.832845
  -10.751  -10.751  -10.634  -10.634  -10.546  -10.546  -10.495  -10.495  -10.455  -10.455
    2.068    2.068    9.497    9.497
            0.357143 -0.642857 -1.309175
  -10.736  -10.673  -10.641  -10.634  -10.588  -10.516  -10.514  -10.482  -10.475  -10.394
    2.037    4.504   10.050   10.560
            0.285714 -0.642857 -1.178257
  -10.749  -10.670  -10.641  -10.621  -10.595  -10.534  -10.498  -10.474  -10.450  -10.384
    2.510    5.474    8.855    9.485
            0.428571 -0.571429 -1.309175
  -10.715  -10.678  -10.654  -10.652  -10.563  -10.515  -10.497  -10.493  -10.465  -10.419
    2.532    3.771   10.107   10.352
            0.357143 -0.571429 -1.178257
  -10.735  -10.679  -10.655  -10.636  -10.573  -10.506  -10.499  -10.474  -10.450  -10.407
    2.951    4.745    8.712    9.305
            0.285714 -0.571429 -1.047340
  -10.746  -10.681  -10.658  -10.624  -10.582  -10.524  -10.491  -10.459  -10.430  -10.394
    3.507    5.582    7.585    8.560
            0.500000 -0.500000 -1.309175
  -10.693  -10.693  -10.659  -10.659  -10.537  -10.537  -10.491  -10.491  -10.445  -10.445
    3.111    3.111   10.203   10.203
            0.428571 -0.500000 -1.178257
  -10.719  -10.695  -10.657  -10.647  -10.549  -10.521  -10.479  -10.464  -10.454  -10.429
    3.474    4.076    8.641    9.211
            0.357143 -0.500000 -1.047340
  -10.736  -10.693  -10.661  -10.638  -10.562  -10.507  -10.494  -10.443  -10.442  -10.409
    3.943    5.021    7.400    8.404
            0.285714 -0.500000 -0.916422
  -10.744  -10.688  -10.664  -10.626  -10.576  -10.519  -10.495  -10.437  -10.436  -10.394
    4.185    5.366    7.148    8.155
            0.428571 -0.428571 -1.047340
  -10.730  -10.701  -10.659  -10.646  -10.551  -10.517  -10.471  -10.460  -10.433  -10.418
    4.337    4.583    7.337    8.352
            0.357143 -0.428571 -0.916422
  -10.742  -10.693  -10.661  -10.638  -10.565  -10.504  -10.496  -10.453  -10.421  -10.403
    4.298    5.321    7.006    7.925
            0.357143 -0.357143 -0.785505
  -10.748  -10.682  -10.654  -10.633  -10.579  -10.513  -10.494  -10.468  -10.425  -10.395
    3.474    5.604    7.776    8.239
            0.000000  0.000000  0.785505
  -10.756  -10.642  -10.642  -10.626  -10.577  -10.577  -10.558  -10.440  -10.430  -10.343
    2.413    8.140    8.984   10.032
           -0.071429  0.000000  0.916422
  -10.742  -10.647  -10.644  -10.609  -10.586  -10.581  -10.554  -10.450  -10.414  -10.355
    3.314    7.052    7.888    9.476
           -0.142857  0.000000  1.047340
  -10.732  -10.642  -10.637  -10.593  -10.592  -10.579  -10.557  -10.462  -10.422  -10.373
    4.072    5.876    7.259    8.778
           -0.214286  0.000000  1.178257
  -10.722  -10.642  -10.630  -10.601  -10.577  -10.570  -10.551  -10.475  -10.450  -10.397
    3.970    5.064    7.566    8.137
            0.714286  0.000000 -0.523670
  -10.713  -10.664  -10.620  -10.612  -10.564  -10.558  -10.532  -10.486  -10.483  -10.421
    3.085    4.673    7.629    8.588
            0.642857  0.000000 -0.392752
  -10.711  -10.691  -10.649  -10.597  -10.556  -10.546  -10.537  -10.488  -10.485  -10.433
    2.180    4.422    7.289    9.415
            0.571429  0.000000 -0.261835
  -10.730  -10.709  -10.681  -10.596  -10.548  -10.543  -10.535  -10.483  -10.481  -10.424
    1.426    4.331    7.132   10.077
            0.500000  0.000000 -0.130917
  -10.751  -10.724  -10.709  -10.609  -10.539  -10.537  -10.527  -10.485  -10.469  -10.403
    0.855    4.419    7.164   10.850
            0.428571  0.000000 -0.000000
  -10.760  -10.732  -10.727  -10.625  -10.536  -10.532  -10.526  -10.489  -10.458  -10.381
    0.480    4.693    7.382   11.779
           -0.071429  0.071429  1.047340
  -10.729  -10.645  -10.633  -10.594  -10.584  -10.582  -10.566  -10.461  -10.422  -10.373
    4.064    6.011    7.252    8.910
           -0.142857  0.071429  1.178257
  -10.720  -10.644  -10.616  -10.587  -10.580  -10.575  -10.571  -10.474  -10.451  -10.397
    4.180    5.027    7.428    8.280
           -0.214286  0.071429  1.309175
  -10.712  -10.662  -10.603  -10.601  -10.569  -10.560  -10.551  -10.487  -10.485  -10.423
    3.491    4.417    7.610    8.265
            0.714286  0.071429 -0.392752
  -10.710  -10.693  -10.627  -10.588  -10.561  -10.548  -10.535  -10.496  -10.493  -10.441
    2.603    4.091    7.269    8.705
            0.642857  0.071429 -0.261835
  -10.728  -10.716  -10.658  -10.583  -10.558  -10.540  -10.529  -10.492  -10.482  -10.443
    1.825    3.945    7.081    9.232
            0.571429  0.071429 -0.130917
  -10.750  -10.731  -10.685  -10.592  -10.552  -10.531  -10.523  -10.483  -10.480  -10.426
    1.218    3.983    7.081    9.934
            0.500000  0.071429 -0.000000
  -10.759  -10.734  -10.709  -10.607  -10.548  -10.525  -10.523  -10.484  -10.470  -10.404
    0.800    4.208    7.272   10.816
           -0.142857  0.142857  1.309175
  -10.712  -10.662  -10.591  -10.589  -10.577  -10.568  -10.557  -10.487  -10.486  -10.423
    3.792    4.157    7.729    8.048
           -0.214286  0.142857  1.440092
  -10.711  -10.693  -10.604  -10.585  -10.571  -10.546  -10.539  -10.501  -10.499  -10.444
    3.078    3.624    7.557    8.081
            0.714286  0.142857 -0.261835
  -10.726  -10.721  -10.631  -10.581  -10.565  -10.533  -10.524  -10.505  -10.487  -10.455
    2.300    3.411    7.354    8.482
            0.642857  0.142857 -0.130917
  -10.749  -10.737  -10.657  -10.577  -10.568  -10.528  -10.515  -10.496  -10.478  -10.448
    1.665    3.396    7.324    9.109
            0.571429  0.142857  0.000000
  -10.757  -10.742  -10.682  -10.587  -10.566  -10.524  -10.513  -10.486  -10.478  -10.428
    1.209    3.573    7.483    9.938
           -0.214286  0.214286  1.571010
  -10.725  -10.723  -10.609  -10.600  -10.559  -10.527  -10.524  -10.513  -10.490  -10.458
    2.794    2.887    7.798    7.891
            0.714286  0.214286 -0.130917
  -10.747  -10.742  -10.628  -10.598  -10.554  -10.530  -10.510  -10.505  -10.477  -10.462
    2.189    2.777    7.780    8.387
            0.642857  0.214286 -0.000000
  -10.756  -10.748  -10.651  -10.592  -10.563  -10.528  -10.505  -10.496  -10.474  -10.450
    1.703    2.907    7.903    9.152
            0.714286 -0.714286 -1.832845
  -10.753  -10.753  -10.620  -10.620  -10.543  -10.543  -10.500  -10.500  -10.465  -10.465
    2.273    2.273    8.469    8.469
            0.428571 -0.571429 -1.047340
  -10.734  -10.697  -10.659  -10.645  -10.556  -10.512  -10.480  -10.452  -10.430  -10.420
    3.923    5.002    7.732    7.960
            0.500000 -0.500000 -1.047340
  -10.717  -10.717  -10.655  -10.655  -10.534  -10.534  -10.449  -10.449  -10.439  -10.439
    4.436    4.436    7.792    7.792
            0.428571 -0.500000 -0.916422
  -10.731  -10.708  -10.661  -10.650  -10.547  -10.520  -10.468  -10.438  -10.434  -10.420
    4.576    5.041    7.097    7.520
            0.000000  0.000000  1.047340
  -10.726  -10.639  -10.639  -10.598  -10.579  -10.579  -10.575  -10.459  -10.423  -10.373
    4.049    6.142    7.400    8.711
           -0.071429  0.000000  1.178257
  -10.715  -10.629  -10.624  -10.596  -10.583  -10.575  -10.571  -10.471  -10.453  -10.399
    4.270    5.214    7.574    7.978
           -0.142857  0.000000  1.309175
  -10.709  -10.654  -10.605  -10.587  -10.569  -10.568  -10.558  -10.491  -10.484  -10.427
    3.808    4.470    7.376    7.794
            0.785714  0.000000 -0.392752
  -10.710  -10.692  -10.604  -10.585  -10.555  -10.550  -10.544  -10.508  -10.495  -10.449
    2.993    4.068    6.945    7.982
            0.714286  0.000000 -0.261835
  -10.727  -10.720  -10.633  -10.574  -10.548  -10.543  -10.535  -10.498  -10.490  -10.460
    2.210    3.877    6.703    8.392
            0.642857  0.000000 -0.130917
  -10.750  -10.736  -10.661  -10.578  -10.544  -10.534  -10.529  -10.491  -10.481  -10.449
    1.574    3.871    6.659    9.020
            0.571429  0.000000 -0.000000
  -10.758  -10.740  -10.687  -10.592  -10.540  -10.530  -10.527  -10.481  -10.481  -10.427
    1.118    4.051    6.814    9.849
           -0.071429  0.071429  1.309175
  -10.708  -10.652  -10.597  -10.594  -10.571  -10.563  -10.562  -10.493  -10.483  -10.428
    3.977    4.439    7.413    7.501
           -0.142857  0.071429  1.440092
  -10.709  -10.691  -10.583  -10.579  -10.565  -10.552  -10.548  -10.514  -10.496  -10.454
    3.394    3.849    7.006    7.395
            0.785714  0.071429 -0.261835
  -10.726  -10.722  -10.608  -10.568  -10.559  -10.538  -10.532  -10.506  -10.501  -10.469
    2.655    3.585    6.730    7.667
            0.714286  0.071429 -0.130917
  -10.749  -10.740  -10.634  -10.565  -10.555  -10.530  -10.524  -10.502  -10.485  -10.468
    2.007    3.529    6.647    8.207
            0.642857  0.071429  0.000000
  -10.758  -10.746  -10.660  -10.576  -10.553  -10.526  -10.522  -10.493  -10.481  -10.449
    1.520    3.661    6.765    8.974
           -0.142857  0.142857  1.571010
  -10.725  -10.723  -10.589  -10.578  -10.558  -10.535  -10.532  -10.510  -10.505  -10.472
    3.076    3.200    7.063    7.117
            0.785714  0.142857 -0.130917
  -10.748  -10.743  -10.607  -10.580  -10.550  -10.528  -10.519  -10.510  -10.490  -10.478
    2.503    3.035    6.971    7.514
            0.714286  0.142857 -0.000000
  -10.756  -10.750  -10.631  -10.576  -10.555  -10.528  -10.512  -10.503  -10.481  -10.468
    2.000    3.119    7.050    8.203
            0.785714 -0.785714 -1.832845
  -10.754  -10.754  -10.602  -10.602  -10.539  -10.539  -10.507  -10.507  -10.479  -10.479
    2.543    2.543    7.551    7.551
            0.000000  0.000000  1.309175
  -10.706  -10.646  -10.601  -10.601  -10.573  -10.558  -10.558  -10.496  -10.482  -10.431
    4.052    4.561    7.290    7.290
           -0.071429  0.000000  1.440092
  -10.708  -10.689  -10.577  -10.575  -10.560  -10.555  -10.544  -10.528  -10.495  -10.462
    3.642    3.962    6.768    6.920
            0.857143  0.000000 -0.261835
  -10.725  -10.723  -10.585  -10.561  -10.552  -10.545  -10.532  -10.517  -10.506  -10.481
    3.038    3.614    6.435    7.000
            0.785714  0.000000 -0.130917
  -10.749  -10.742  -10.609  -10.555  -10.547  -10.533  -10.528  -10.508  -10.495  -10.485
    2.413    3.510    6.304    7.423
            0.714286  0.000000  0.000000
  -10.757  -10.750  -10.635  -10.563  -10.545  -10.529  -10.528  -10.501  -10.485  -10.470
    1.909    3.597    6.379    8.113
           -0.071429  0.071429  1.571010
  -10.725  -10.723  -10.570  -10.560  -10.556  -10.544  -10.534  -10.521  -10.507  -10.487
    3.324    3.479    6.541    6.559
            0.857143  0.071429 -0.130917
  -10.749  -10.743  -10.586  -10.560  -10.546  -10.528  -10.525  -10.514  -10.506  -10.496
    2.850    3.260    6.378    6.791
            0.785714  0.071429 -0.000000
  -10.756  -10.752  -10.608  -10.559  -10.547  -10.529  -10.521  -10.509  -10.492  -10.488
    2.362    3.299    6.410    7.371
            0.857143 -0.857143 -1.832845
  -10.754  -10.754  -10.582  -10.582  -10.535  -10.535  -10.513  -10.513  -10.496  -10.496
    2.848    2.848    6.780    6.780
            0.000000  0.000000  1.571010
  -10.725  -10.723  -10.558  -10.554  -10.554  -10.551  -10.532  -10.532  -10.506  -10.496
    3.430    3.601    6.344    6.344
            0.928571  0.000000 -0.130917
  -10.749  -10.743  -10.566  -10.544  -10.543  -10.536  -10.524  -10.519  -10.517  -10.512
    3.159    3.338    6.122    6.286
            0.857143  0.000000 -0.000000
  -10.755  -10.754  -10.584  -10.546  -10.541  -10.528  -10.528  -10.515  -10.505  -10.504
    2.758    3.327    6.108    6.689
            0.928571 -0.928571 -1.832845
  -10.755  -10.755  -10.561  -10.561  -10.532  -10.532  -10.520  -10.520  -10.513  -10.513
    3.119    3.119    6.228    6.228
            0.000000  0.000000 -1.832845
  -10.755  -10.755  -10.545  -10.545  -10.532  -10.532  -10.529  -10.529  -10.520  -10.520
    3.237    3.237    6.017    6.017
