 # Frequency[cm^-1] DOS PDOS
 -1.0422152063E-05  0.0000000000E+00  0.0000E+00  0.0000E+00
  9.9998957785E-01  1.7004625421E-07  8.5023E-08  8.5023E-08
  1.9999895778E+00  6.8018607422E-07  3.4009E-07  3.4009E-07
  2.9999895778E+00  1.5304194600E-06  7.6521E-07  7.6521E-07
  3.9999895778E+00  2.7207464117E-06  1.3604E-06  1.3604E-06
  4.9999895778E+00  4.2511669291E-06  2.1256E-06  2.1256E-06
  5.9999895778E+00  6.1216810123E-06  3.0608E-06  3.0608E-06
  6.9999895778E+00  8.3322886614E-06  4.1661E-06  4.1661E-06
  7.9999895778E+00  1.0882989876E-05  5.4415E-06  5.4415E-06
  8.9999895778E+00  1.3773784657E-05  6.8869E-06  6.8869E-06
  9.9999895778E+00  1.7004673003E-05  8.5023E-06  8.5023E-06
  1.0999989578E+01  2.0575654916E-05  1.0288E-05  1.0288E-05
  1.1999989578E+01  2.4486730394E-05  1.2243E-05  1.2243E-05
  1.2999989578E+01  2.8737899438E-05  1.4369E-05  1.4369E-05
  1.3999989578E+01  3.3329162047E-05  1.6665E-05  1.6665E-05
  1.4999989578E+01  3.8260518223E-05  1.9130E-05  1.9130E-05
  1.5999989578E+01  4.3531967964E-05  2.1766E-05  2.1766E-05
  1.6999989578E+01  4.9143511271E-05  2.4572E-05  2.4572E-05
  1.7999989578E+01  5.5095148144E-05  2.7548E-05  2.7548E-05
  1.8999989578E+01  6.1386878583E-05  3.0693E-05  3.0693E-05
  1.9999989578E+01  6.8018702587E-05  3.4009E-05  3.4009E-05
  2.0999989578E+01  7.4990620158E-05  3.7495E-05  3.7495E-05
  2.1999989578E+01  8.2302631294E-05  4.1151E-05  4.1151E-05
  2.2999989578E+01  8.9954735996E-05  4.4977E-05  4.4977E-05
  2.3999989578E+01  9.7946934263E-05  4.8973E-05  4.8973E-05
  2.4999989578E+01  1.0627922610E-04  5.3140E-05  5.3140E-05
  2.5999989578E+01  1.1495161150E-04  5.7476E-05  5.7476E-05
  2.6999989578E+01  1.2396409046E-04  6.1982E-05  6.1982E-05
  2.7999989578E+01  1.3331666299E-04  6.6658E-05  6.6658E-05
  2.8999989578E+01  1.4300932909E-04  7.1505E-05  7.1505E-05
  2.9999989578E+01  1.5304208875E-04  7.6521E-05  7.6521E-05
  3.0999989578E+01  1.6341494198E-04  8.1707E-05  8.1707E-05
  3.1999989578E+01  1.7412788877E-04  8.7064E-05  8.7064E-05
  3.2999989578E+01  1.8518092913E-04  9.2590E-05  9.2590E-05
  3.3999989578E+01  1.9657406306E-04  9.8287E-05  9.8287E-05
  3.4999989578E+01  2.0830729055E-04  1.0415E-04  1.0415E-04
  3.5999989578E+01  2.2038061161E-04  1.1019E-04  1.1019E-04
  3.6999989578E+01  2.3279402623E-04  1.1640E-04  1.1640E-04
  3.7999989578E+01  2.4554753442E-04  1.2277E-04  1.2277E-04
  3.8999989578E+01  2.5864113618E-04  1.2932E-04  1.2932E-04
  3.9999989578E+01  2.7207483150E-04  1.3604E-04  1.3604E-04
  4.0999989578E+01  2.8584862038E-04  1.4292E-04  1.4292E-04
  4.1999989578E+01  2.9996250284E-04  1.4998E-04  1.4998E-04
  4.2999989578E+01  3.1441647885E-04  1.5721E-04  1.5721E-04
  4.3999989578E+01  3.2921054844E-04  1.6461E-04  1.6461E-04
  4.4999989578E+01  3.4434471159E-04  1.7217E-04  1.7217E-04
  4.5999989578E+01  3.5981896830E-04  1.7991E-04  1.7991E-04
  4.6999989578E+01  3.7563331858E-04  1.8782E-04  1.8782E-04
  4.7999989578E+01  3.9178776243E-04  1.9589E-04  1.9589E-04
  4.8999989578E+01  4.0828229984E-04  2.0414E-04  2.0414E-04
  4.9999989578E+01  4.2511693082E-04  2.1256E-04  2.1256E-04
  5.0999989578E+01  4.4229165537E-04  2.2115E-04  2.2115E-04
  5.1999989578E+01  4.5980647348E-04  2.2990E-04  2.2990E-04
  5.2999989578E+01  4.7766138515E-04  2.3883E-04  2.3883E-04
  5.3999989578E+01  4.9585639040E-04  2.4793E-04  2.4793E-04
  5.4999989578E+01  5.1439148920E-04  2.5720E-04  2.5720E-04
  5.5999989578E+01  5.3326668158E-04  2.6663E-04  2.6663E-04
  5.6999989578E+01  5.5248196752E-04  2.7624E-04  2.7624E-04
  5.7999989578E+01  5.7203734702E-04  2.8602E-04  2.8602E-04
  5.8999989578E+01  5.9193282009E-04  2.9597E-04  2.9597E-04
  5.9999989578E+01  6.1216838673E-04  3.0608E-04  3.0608E-04
  6.0999989578E+01  6.3274404693E-04  3.1637E-04  3.1637E-04
  6.1999989578E+01  6.5365980070E-04  3.2683E-04  3.2683E-04
  6.2999989578E+01  6.7491564803E-04  3.3746E-04  3.3746E-04
  6.3999989578E+01  6.9651158893E-04  3.4826E-04  3.4826E-04
  6.4999989578E+01  7.1844762340E-04  3.5922E-04  3.5922E-04
  6.5999989578E+01  7.4072375143E-04  3.7036E-04  3.7036E-04
  6.6999989578E+01  7.6333997303E-04  3.8167E-04  3.8167E-04
  6.7999989578E+01  7.8629628819E-04  3.9315E-04  3.9315E-04
  6.8999989578E+01  8.0959269692E-04  4.0480E-04  4.0480E-04
  6.9999989578E+01  8.6444773076E-04  4.3222E-04  4.3222E-04
  7.0999989578E+01  1.0944179078E-03  5.4721E-04  5.4721E-04
  7.1999989578E+01  1.3186512081E-03  6.5933E-04  6.5933E-04
  7.2999989578E+01  1.5371476318E-03  7.6857E-04  7.6857E-04
  7.3999989578E+01  1.7499071788E-03  8.7495E-04  8.7495E-04
  7.4999989578E+01  1.9569298492E-03  9.7846E-04  9.7846E-04
  7.5999989578E+01  2.1582156429E-03  1.0791E-03  1.0791E-03
  7.6999989578E+01  2.3537645599E-03  1.1769E-03  1.1769E-03
  7.7999989578E+01  2.5435766002E-03  1.2718E-03  1.2718E-03
  7.8999989578E+01  2.7276517639E-03  1.3638E-03  1.3638E-03
  7.9999989578E+01  2.9059900509E-03  1.4530E-03  1.4530E-03
  8.0999989578E+01  3.0785914613E-03  1.5393E-03  1.5393E-03
  8.1999989578E+01  3.2454559949E-03  1.6227E-03  1.6227E-03
  8.2999989578E+01  3.4065836519E-03  1.7033E-03  1.7033E-03
  8.3999989578E+01  3.5619744323E-03  1.7810E-03  1.7810E-03
  8.4999989578E+01  3.7116283359E-03  1.8558E-03  1.8558E-03
  8.5999989578E+01  3.8555453629E-03  1.9278E-03  1.9278E-03
  8.6999989578E+01  3.9937255133E-03  1.9969E-03  1.9969E-03
  8.7999989578E+01  4.1261687869E-03  2.0631E-03  2.0631E-03
  8.8999989578E+01  4.2528751839E-03  2.1264E-03  2.1264E-03
  8.9999989578E+01  4.3738447043E-03  2.1869E-03  2.1869E-03
  9.0999989578E+01  4.4890773479E-03  2.2445E-03  2.2445E-03
  9.1999989578E+01  4.5985731149E-03  2.2993E-03  2.2993E-03
  9.2999989578E+01  4.7367542674E-03  2.3684E-03  2.3684E-03
  9.3999989578E+01  4.8963437163E-03  2.4482E-03  2.4482E-03
  9.4999989578E+01  5.0612417406E-03  2.5306E-03  2.5306E-03
  9.5999989578E+01  5.2314483402E-03  2.6157E-03  2.6157E-03
  9.6999989578E+01  5.4069635152E-03  2.7035E-03  2.7035E-03
  9.7999989578E+01  5.5877872655E-03  2.7939E-03  2.7939E-03
  9.8999989578E+01  5.7739195912E-03  2.8870E-03  2.8870E-03
  9.9999989578E+01  5.9653604922E-03  2.9827E-03  2.9827E-03
  1.0099998958E+02  6.1621099686E-03  3.0811E-03  3.0811E-03
  1.0199998958E+02  6.7515897946E-03  3.3758E-03  3.3758E-03
  1.0299998958E+02  7.6496588371E-03  3.8248E-03  3.8248E-03
  1.0399998958E+02  8.4152206027E-03  4.2076E-03  4.2076E-03
  1.0499998958E+02  9.1455952297E-03  4.5728E-03  4.5728E-03
  1.0599998958E+02  9.8594434407E-03  4.9297E-03  4.9297E-03
  1.0699998958E+02  1.0556765236E-02  5.2784E-03  5.2784E-03
  1.0799998958E+02  1.1237560615E-02  5.6188E-03  5.6188E-03
  1.0899998958E+02  1.1901829578E-02  5.9509E-03  5.9509E-03
  1.0999998958E+02  1.2549572126E-02  6.2748E-03  6.2748E-03
  1.1099998958E+02  1.3180788257E-02  6.5904E-03  6.5904E-03
  1.1199998958E+02  1.3795477973E-02  6.8977E-03  6.8977E-03
  1.1299998958E+02  1.4393641272E-02  7.1968E-03  7.1968E-03
  1.1399998958E+02  1.4975278156E-02  7.4876E-03  7.4876E-03
  1.1499998958E+02  1.5540388624E-02  7.7702E-03  7.7702E-03
  1.1599998958E+02  1.6088972676E-02  8.0445E-03  8.0445E-03
  1.1699998958E+02  1.6437928446E-02  8.2190E-03  8.2190E-03
  1.1799998958E+02  1.6668462915E-02  8.3342E-03  8.3342E-03
  1.1899998958E+02  1.6958779491E-02  8.4794E-03  8.4794E-03
  1.1999998958E+02  1.7308878177E-02  8.6544E-03  8.6544E-03
  1.2099998958E+02  1.7718758972E-02  8.8594E-03  8.8594E-03
  1.2199998958E+02  2.0299938255E-02  1.0150E-02  1.0150E-02
  1.2299998958E+02  2.1685275212E-02  1.0843E-02  1.0843E-02
  1.2399998958E+02  2.1624055346E-02  1.0812E-02  1.0812E-02
  1.2499998958E+02  2.0116278657E-02  1.0058E-02  1.0058E-02
  1.2599998958E+02  1.8248692063E-02  9.1243E-03  9.1243E-03
  1.2699998958E+02  1.8432709640E-02  9.2164E-03  9.2164E-03
  1.2799998958E+02  1.8612904050E-02  9.3064E-03  9.3065E-03
  1.2899998958E+02  1.8789275295E-02  9.3946E-03  9.3946E-03
  1.2999998958E+02  1.8961823374E-02  9.4809E-03  9.4809E-03
  1.3099998958E+02  1.9130548286E-02  9.5653E-03  9.5653E-03
  1.3199998958E+02  1.9295450033E-02  9.6477E-03  9.6477E-03
  1.3299998958E+02  1.9456528614E-02  9.7283E-03  9.7283E-03
  1.3399998958E+02  1.9613784028E-02  9.8069E-03  9.8069E-03
  1.3499998958E+02  1.9825314779E-02  9.9126E-03  9.9127E-03
  1.3599998958E+02  2.0534655710E-02  1.0267E-02  1.0267E-02
  1.3699998958E+02  2.1563618484E-02  1.0782E-02  1.0782E-02
  1.3799998958E+02  2.2635345434E-02  1.1318E-02  1.1318E-02
  1.3899998958E+02  2.3749827464E-02  1.1875E-02  1.1875E-02
  1.3999998958E+02  2.4793354116E-02  1.2397E-02  1.2397E-02
  1.4099998958E+02  2.5035085211E-02  1.2518E-02  1.2518E-02
  1.4199998958E+02  2.5324463458E-02  1.2662E-02  1.2662E-02
  1.4299998958E+02  2.5661488857E-02  1.2831E-02  1.2831E-02
  1.4399998958E+02  2.6046161410E-02  1.3023E-02  1.3023E-02
  1.4499998958E+02  2.7175774457E-02  1.3588E-02  1.3588E-02
  1.4599998958E+02  2.9060866846E-02  1.4530E-02  1.4530E-02
  1.4699998958E+02  2.9235930352E-02  1.4618E-02  1.4618E-02
  1.4799998958E+02  2.7700964974E-02  1.3850E-02  1.3851E-02
  1.4899998958E+02  2.6502024100E-02  1.3251E-02  1.3251E-02
  1.4999998958E+02  2.6370630793E-02  1.3185E-02  1.3185E-02
  1.5099998958E+02  2.6224746884E-02  1.3112E-02  1.3112E-02
  1.5199998958E+02  2.6064372373E-02  1.3032E-02  1.3032E-02
  1.5299998958E+02  2.5889507260E-02  1.2945E-02  1.2945E-02
  1.5399998958E+02  2.5700151546E-02  1.2850E-02  1.2850E-02
  1.5499998958E+02  2.5496305230E-02  1.2748E-02  1.2748E-02
  1.5599998958E+02  2.5277968312E-02  1.2639E-02  1.2639E-02
  1.5699998958E+02  2.5045140792E-02  1.2522E-02  1.2523E-02
  1.5799998958E+02  2.4797822671E-02  1.2399E-02  1.2399E-02
  1.5899998958E+02  2.4518307021E-02  1.2259E-02  1.2259E-02
  1.5999998958E+02  2.4158343285E-02  1.2079E-02  1.2079E-02
  1.6099998958E+02  2.4086726723E-02  1.2043E-02  1.2044E-02
  1.6199998958E+02  2.3958319218E-02  1.1979E-02  1.1979E-02
  1.6299998958E+02  2.3773120772E-02  1.1886E-02  1.1887E-02
  1.6399998958E+02  2.3531131383E-02  1.1765E-02  1.1766E-02
  1.6499998958E+02  2.6391197382E-02  1.3195E-02  1.3196E-02
  1.6599998958E+02  2.8938204496E-02  1.4469E-02  1.4469E-02
  1.6699998958E+02  2.9029802240E-02  1.4515E-02  1.4515E-02
  1.6799998958E+02  2.6522018356E-02  1.3261E-02  1.3261E-02
  1.6899998958E+02  2.4622579026E-02  1.2311E-02  1.2311E-02
  1.6999998958E+02  2.3863535070E-02  1.1932E-02  1.1932E-02
  1.7099998958E+02  2.3168748041E-02  1.1584E-02  1.1584E-02
  1.7199998958E+02  2.2709478696E-02  1.1355E-02  1.1355E-02
  1.7299998958E+02  2.2296145332E-02  1.1148E-02  1.1148E-02
  1.7399998958E+02  2.1928747949E-02  1.0964E-02  1.0964E-02
  1.7499998958E+02  2.1607286547E-02  1.0804E-02  1.0804E-02
  1.7599998958E+02  2.1331761126E-02  1.0666E-02  1.0666E-02
  1.7699998958E+02  2.7579668652E-02  1.3790E-02  1.3790E-02
  1.7799998958E+02  2.2998507178E-02  1.1500E-02  1.1499E-02
  1.7899998958E+02  2.2099286182E-02  1.1050E-02  1.1049E-02
  1.7999998958E+02  1.9512027992E-02  9.7564E-03  9.7557E-03
  1.8099998958E+02  1.8313414736E-02  9.1570E-03  9.1564E-03
  1.8199998958E+02  1.7708140746E-02  8.8543E-03  8.8538E-03
  1.8299998958E+02  1.7102649383E-02  8.5516E-03  8.5511E-03
  1.8399998958E+02  1.6496940646E-02  8.2487E-03  8.2482E-03
  1.8499998958E+02  1.5891014535E-02  7.9457E-03  7.9453E-03
  1.8599998958E+02  1.5284871050E-02  7.6426E-03  7.6422E-03
  1.8699998958E+02  1.4678510192E-02  7.3394E-03  7.3391E-03
  1.8799998958E+02  1.4071931960E-02  7.0361E-03  7.0358E-03
  1.8899998958E+02  1.3465136355E-02  6.7327E-03  6.7324E-03
  1.8999998958E+02  1.2858123375E-02  6.4292E-03  6.4289E-03
  1.9099998958E+02  1.2250893022E-02  6.1256E-03  6.1253E-03
  1.9199998958E+02  1.1643445295E-02  5.8218E-03  5.8216E-03
  1.9299998958E+02  1.1035780195E-02  5.5180E-03  5.5178E-03
  1.9399998958E+02  1.0427897721E-02  5.2140E-03  5.2139E-03
  1.9499998958E+02  9.8197978728E-03  4.9100E-03  4.9098E-03
  1.9599998958E+02  9.2114806512E-03  4.6058E-03  4.6057E-03
  1.9699998958E+02  8.6029460559E-03  4.3015E-03  4.3014E-03
  1.9799998958E+02  7.9941940868E-03  3.9971E-03  3.9971E-03
  1.9899998958E+02  7.3852247440E-03  3.6926E-03  3.6926E-03
  1.9999998958E+02  6.6647381157E-03  3.3324E-03  3.3323E-03
  2.0099998958E+02  5.6779456260E-03  2.8390E-03  2.8390E-03
  2.0199998958E+02  4.7916732938E-03  2.3958E-03  2.3958E-03
  2.0299998958E+02  4.0059211192E-03  2.0030E-03  2.0030E-03
  2.0399998958E+02  3.3206891021E-03  1.6603E-03  1.6603E-03
  2.0499998958E+02  2.7359772425E-03  1.3680E-03  1.3680E-03
  2.0599998958E+02  2.2517855405E-03  1.1259E-03  1.1259E-03
  2.0699998958E+02  1.8681139960E-03  9.3406E-04  9.3406E-04
  2.0799998958E+02  1.5849626090E-03  7.9248E-04  7.9248E-04
  2.0899998958E+02  1.4023313796E-03  7.0117E-04  7.0117E-04
  2.0999998958E+02  1.3202203077E-03  6.6011E-04  6.6011E-04
  2.1099998958E+02  1.3258024892E-03  6.6290E-04  6.6290E-04
  2.1199998958E+02  1.3437643836E-03  6.7188E-04  6.7188E-04
  2.1299998958E+02  1.3618244327E-03  6.8091E-04  6.8091E-04
  2.1399998958E+02  1.3799826364E-03  6.8999E-04  6.8999E-04
  2.1499998958E+02  1.3982389948E-03  6.9912E-04  6.9912E-04
  2.1599998958E+02  1.4165935079E-03  7.0830E-04  7.0830E-04
  2.1699998958E+02  1.4350461756E-03  7.1752E-04  7.1752E-04
  2.1799998958E+02  1.4535969980E-03  7.2680E-04  7.2680E-04
  2.1899998958E+02  1.4722459751E-03  7.3612E-04  7.3612E-04
  2.1999998958E+02  1.4909931068E-03  7.4550E-04  7.4550E-04
  2.2099998958E+02  1.5098383932E-03  7.5492E-04  7.5492E-04
  2.2199998958E+02  1.5287818342E-03  7.6439E-04  7.6439E-04
  2.2299998958E+02  1.5544368077E-03  7.7722E-04  7.7722E-04
  2.2399998958E+02  1.5831794316E-03  7.9159E-04  7.9159E-04
  2.2499998958E+02  1.6119392488E-03  8.0597E-04  8.0597E-04
  2.2599998958E+02  1.6407162593E-03  8.2036E-04  8.2036E-04
  2.2699998958E+02  1.6695104631E-03  8.3476E-04  8.3476E-04
  2.2799998958E+02  1.6983218602E-03  8.4916E-04  8.4916E-04
  2.2899998958E+02  1.7271504506E-03  8.6358E-04  8.6358E-04
  2.2999998958E+02  1.7559962344E-03  8.7800E-04  8.7800E-04
  2.3099998958E+02  1.7848592114E-03  8.9243E-04  8.9243E-04
  2.3199998958E+02  1.8137393817E-03  9.0687E-04  9.0687E-04
  2.3299998958E+02  1.8426367454E-03  9.2132E-04  9.2132E-04
  2.3399998958E+02  1.8715513023E-03  9.3578E-04  9.3578E-04
  2.3499998958E+02  1.9004830526E-03  9.5024E-04  9.5024E-04
  2.3599998958E+02  1.9294319961E-03  9.6472E-04  9.6472E-04
  2.3699998958E+02  1.9583981330E-03  9.7920E-04  9.7920E-04
  2.3799998958E+02  1.9873814631E-03  9.9369E-04  9.9369E-04
  2.3899998958E+02  2.0163819866E-03  1.0082E-03  1.0082E-03
  2.3999998958E+02  2.0453997034E-03  1.0227E-03  1.0227E-03
  2.4099998958E+02  2.0744346134E-03  1.0372E-03  1.0372E-03
  2.4199998958E+02  2.1034867168E-03  1.0517E-03  1.0517E-03
  2.4299998958E+02  2.1325560135E-03  1.0663E-03  1.0663E-03
  2.4399998958E+02  2.1616425035E-03  1.0808E-03  1.0808E-03
  2.4499998958E+02  2.1907461868E-03  1.0954E-03  1.0954E-03
  2.4599998958E+02  2.2198670634E-03  1.1099E-03  1.1099E-03
  2.4699998958E+02  2.2490051333E-03  1.1245E-03  1.1245E-03
  2.4799998958E+02  2.2781603965E-03  1.1391E-03  1.1391E-03
  2.4899998958E+02  2.3073328530E-03  1.1537E-03  1.1537E-03
  2.4999998958E+02  2.3365225028E-03  1.1683E-03  1.1683E-03
  2.5099998958E+02  2.3657293459E-03  1.1829E-03  1.1829E-03
  2.5199998958E+02  2.3949533823E-03  1.1975E-03  1.1975E-03
  2.5299998958E+02  2.4241946121E-03  1.2121E-03  1.2121E-03
  2.5399998958E+02  2.4534530351E-03  1.2267E-03  1.2267E-03
  2.5499998958E+02  2.4827286514E-03  1.2414E-03  1.2414E-03
  2.5599998958E+02  2.5120214611E-03  1.2560E-03  1.2560E-03
  2.5699998958E+02  2.5413314640E-03  1.2707E-03  1.2707E-03
  2.5799998958E+02  2.5706586603E-03  1.2853E-03  1.2853E-03
  2.5899998958E+02  2.6000030498E-03  1.3000E-03  1.3000E-03
  2.5999998958E+02  2.6353874547E-03  1.3177E-03  1.3177E-03
  2.6099998958E+02  2.6799644750E-03  1.3400E-03  1.3400E-03
  2.6199998958E+02  2.7261237995E-03  1.3631E-03  1.3631E-03
  2.6299998958E+02  2.7738654283E-03  1.3869E-03  1.3869E-03
  2.6399998958E+02  2.8231893613E-03  1.4116E-03  1.4116E-03
  2.6499998958E+02  2.8740955985E-03  1.4370E-03  1.4371E-03
  2.6599998958E+02  2.9265841399E-03  1.4633E-03  1.4633E-03
  2.6699998958E+02  2.9806549855E-03  1.4903E-03  1.4903E-03
  2.6799998958E+02  3.0363081354E-03  1.5181E-03  1.5182E-03
  2.6899998958E+02  3.0935435895E-03  1.5467E-03  1.5468E-03
  2.6999998958E+02  3.1523613478E-03  1.5761E-03  1.5762E-03
  2.7099998958E+02  3.2127614103E-03  1.6063E-03  1.6065E-03
  2.7199998958E+02  3.2747437770E-03  1.6373E-03  1.6375E-03
  2.7299998958E+02  3.3383084480E-03  1.6690E-03  1.6693E-03
  2.7399998958E+02  3.4034554232E-03  1.7016E-03  1.7019E-03
  2.7499998958E+02  3.4701847026E-03  1.7349E-03  1.7353E-03
  2.7599998958E+02  3.5384962862E-03  1.7690E-03  1.7695E-03
  2.7699998958E+02  3.6083901740E-03  1.8039E-03  1.8045E-03
  2.7799998958E+02  3.6798663661E-03  1.8396E-03  1.8402E-03
  2.7899998958E+02  3.7529248624E-03  1.8761E-03  1.8768E-03
  2.7999998958E+02  3.8275656629E-03  1.9134E-03  1.9142E-03
  2.8099998958E+02  3.9037887676E-03  1.9514E-03  1.9524E-03
  2.8199998958E+02  3.9815941766E-03  1.9902E-03  1.9914E-03
  2.8299998958E+02  4.0609818897E-03  2.0299E-03  2.0311E-03
  2.8399998958E+02  4.1419519071E-03  2.0703E-03  2.0717E-03
  2.8499998958E+02  4.2245042287E-03  2.1114E-03  2.1131E-03
  2.8599998958E+02  4.3086388546E-03  2.1534E-03  2.1552E-03
  2.8699998958E+02  4.3943557846E-03  2.1962E-03  2.1982E-03
  2.8799998958E+02  4.4816550189E-03  2.2397E-03  2.2420E-03
  2.8899998958E+02  4.5705365574E-03  2.2840E-03  2.2865E-03
  2.8999998958E+02  4.6610004001E-03  2.3291E-03  2.3319E-03
  2.9099998958E+02  4.7530465471E-03  2.3750E-03  2.3780E-03
  2.9199998958E+02  4.8466749982E-03  2.4217E-03  2.4250E-03
  2.9299998958E+02  4.9418857536E-03  2.4691E-03  2.4728E-03
  2.9399998958E+02  5.0386788132E-03  2.5173E-03  2.5213E-03
  2.9499998958E+02  5.1370541770E-03  2.5663E-03  2.5707E-03
  2.9599998958E+02  5.2370118451E-03  2.6161E-03  2.6209E-03
  2.9699998958E+02  5.3385518173E-03  2.6667E-03  2.6719E-03
  2.9799998958E+02  5.4416740938E-03  2.7180E-03  2.7236E-03
  2.9899998958E+02  5.5495036039E-03  2.7717E-03  2.7778E-03
  2.9999998958E+02  5.6951003296E-03  2.8443E-03  2.8508E-03
  3.0099998958E+02  5.8868289327E-03  2.9399E-03  2.9469E-03
  3.0199998958E+02  6.1017346972E-03  3.0471E-03  3.0546E-03
  3.0299998958E+02  6.3280506814E-03  3.1600E-03  3.1681E-03
  3.0399998958E+02  6.5657768852E-03  3.2786E-03  3.2872E-03
  3.0499998958E+02  6.8149133085E-03  3.4028E-03  3.4121E-03
  3.0599998958E+02  7.0754599515E-03  3.5328E-03  3.5427E-03
  3.0699998958E+02  7.3474168142E-03  3.6684E-03  3.6790E-03
  3.0799998958E+02  7.6307838964E-03  3.8097E-03  3.8211E-03
  3.0899998958E+02  7.9255611982E-03  3.9567E-03  3.9689E-03
  3.0999998958E+02  8.2317487197E-03  4.1094E-03  4.1224E-03
  3.1099998958E+02  8.5493464607E-03  4.2677E-03  4.2816E-03
  3.1199998958E+02  8.8783544214E-03  4.4317E-03  4.4466E-03
  3.1299998958E+02  9.2190497585E-03  4.6015E-03  4.6175E-03
  3.1399998958E+02  9.5724445396E-03  4.7777E-03  4.7948E-03
  3.1499998958E+02  9.9386317020E-03  4.9602E-03  4.9784E-03
  3.1599998958E+02  1.0271926878E-02  5.1262E-03  5.1457E-03
  3.1699998958E+02  1.0592566047E-02  5.2858E-03  5.3067E-03
  3.1799998958E+02  1.0904088110E-02  5.4409E-03  5.4632E-03
  3.1899998958E+02  1.1206493068E-02  5.5913E-03  5.6152E-03
  3.1999998958E+02  1.1499780919E-02  5.7372E-03  5.7626E-03
  3.2099998958E+02  1.1783951663E-02  5.8784E-03  5.9056E-03
  3.2199998958E+02  1.2059005302E-02  6.0150E-03  6.0440E-03
  3.2299998958E+02  1.2324941835E-02  6.1470E-03  6.1780E-03
  3.2399998958E+02  1.2581761261E-02  6.2744E-03  6.3074E-03
  3.2499998958E+02  1.2829463581E-02  6.3971E-03  6.4323E-03
  3.2599998958E+02  1.3068048795E-02  6.5153E-03  6.5528E-03
  3.2699998958E+02  1.3297516903E-02  6.6288E-03  6.6687E-03
  3.2799998958E+02  1.3517867905E-02  6.7377E-03  6.7802E-03
  3.2899998958E+02  1.3729101801E-02  6.8419E-03  6.8872E-03
  3.2999998958E+02  1.3931218590E-02  6.9416E-03  6.9897E-03
  3.3099998958E+02  1.4124218273E-02  7.0366E-03  7.0876E-03
  3.3199998958E+02  1.4308100850E-02  7.1269E-03  7.1812E-03
  3.3299998958E+02  1.4482866321E-02  7.2127E-03  7.2702E-03
  3.3399998958E+02  1.4648514686E-02  7.2938E-03  7.3547E-03
  3.3499998958E+02  1.4805045945E-02  7.3702E-03  7.4348E-03
  3.3599998958E+02  1.4952460098E-02  7.4420E-03  7.5104E-03
  3.3699998958E+02  1.9804480108E-02  9.8661E-03  9.9384E-03
  3.3799998958E+02  1.7547483875E-02  8.7353E-03  8.8122E-03
  3.3899998958E+02  1.6441049101E-02  8.1796E-03  8.2615E-03
  3.3999998958E+02  1.5405785451E-02  7.6592E-03  7.7466E-03
  3.4099998958E+02  1.4441692924E-02  7.1742E-03  7.2675E-03
  3.4199998958E+02  1.3548771521E-02  6.7244E-03  6.8243E-03
  3.4299998958E+02  1.2726306165E-02  6.3096E-03  6.4167E-03
  3.4399998958E+02  1.1972970804E-02  5.9290E-03  6.0439E-03
  3.4499998958E+02  1.1288735892E-02  5.5827E-03  5.7061E-03
  3.4599998958E+02  1.0673601428E-02  5.2705E-03  5.4031E-03
  3.4699998958E+02  1.0127567413E-02  4.9926E-03  5.1350E-03
  3.4799998958E+02  9.6506338474E-03  4.7489E-03  4.9018E-03
  3.4899998958E+02  9.2428007300E-03  4.5393E-03  4.7035E-03
  3.4999998958E+02  8.9040680613E-03  4.3640E-03  4.5400E-03
  3.5099998958E+02  8.4619461497E-03  4.1369E-03  4.3250E-03
  3.5199998958E+02  8.0144543986E-03  3.9074E-03  4.1070E-03
  3.5299998958E+02  7.5785740186E-03  3.6840E-03  3.8945E-03
  3.5399998958E+02  7.1543050096E-03  3.4668E-03  3.6876E-03
  3.5499998958E+02  6.7416473718E-03  3.2556E-03  3.4861E-03
  3.5599998958E+02  6.3406011051E-03  3.0505E-03  3.2901E-03
  3.5699998958E+02  5.9511662094E-03  2.8516E-03  3.0996E-03
  3.5799998958E+02  5.5733426849E-03  2.6588E-03  2.9145E-03
  3.5899998958E+02  5.2071305315E-03  2.4721E-03  2.7350E-03
  3.5999998958E+02  4.8525297491E-03  2.2916E-03  2.5610E-03
  3.6099998958E+02  4.5095403379E-03  2.1172E-03  2.3924E-03
  3.6199998958E+02  4.1781622977E-03  1.9489E-03  2.2293E-03
  3.6299998958E+02  3.8583956287E-03  1.7867E-03  2.0717E-03
  3.6399998958E+02  3.5502403307E-03  1.6307E-03  1.9195E-03
  3.6499998958E+02  3.2536964038E-03  1.4809E-03  1.7728E-03
  3.6599998958E+02  2.9687638481E-03  1.3372E-03  1.6316E-03
  3.6699998958E+02  2.6954426634E-03  1.1996E-03  1.4958E-03
  3.6799998958E+02  2.4337328498E-03  1.0682E-03  1.3655E-03
  3.6899998958E+02  2.1836344074E-03  9.4296E-04  1.2407E-03
  3.6999998958E+02  1.9451473360E-03  8.2387E-04  1.1213E-03
  3.7099998958E+02  1.7182716357E-03  7.1095E-04  1.0073E-03
  3.7199998958E+02  1.5030073066E-03  6.0420E-04  8.9881E-04
  3.7299998958E+02  1.2993543485E-03  5.0362E-04  7.9573E-04
  3.7399998958E+02  1.1073127615E-03  4.0921E-04  6.9810E-04
  3.7499998958E+02  9.2688254562E-04  3.2098E-04  6.0590E-04
  3.7599998958E+02  7.5802217739E-04  2.3891E-04  5.1911E-04
  3.7699998958E+02  8.2435425240E-04  2.7514E-04  5.4922E-04
  3.7799998958E+02  1.0988942415E-03  4.1668E-04  6.8222E-04
  3.7899998958E+02  1.5166655364E-03  6.3072E-04  8.8594E-04
  3.7999998958E+02  2.0776681373E-03  9.1694E-04  1.1607E-03
  3.8099998958E+02  2.7819020442E-03  1.2750E-03  1.5069E-03
  3.8199998958E+02  3.6293672569E-03  1.7045E-03  1.9248E-03
  3.8299998958E+02  4.6018212332E-03  2.1961E-03  2.4057E-03
  3.8399998958E+02  5.4502620980E-03  2.6252E-03  2.8251E-03
  3.8499998958E+02  6.0957363353E-03  2.9525E-03  3.1432E-03
  3.8599998958E+02  6.5382439451E-03  3.1786E-03  3.3597E-03
  3.8699998958E+02  6.7777849274E-03  3.3036E-03  3.4741E-03
  3.8799998958E+02  6.8143592821E-03  3.3281E-03  3.4863E-03
  3.8899998958E+02  6.9297385822E-03  3.3931E-03  3.5367E-03
  3.8999998958E+02  7.1807236049E-03  3.5267E-03  3.6541E-03
  3.9099998958E+02  7.4256431408E-03  3.6579E-03  3.7678E-03
  3.9199998958E+02  7.6644971900E-03  3.7867E-03  3.8778E-03
  3.9299998958E+02  7.8972857525E-03  3.9130E-03  3.9843E-03
  3.9399998958E+02  8.1240088283E-03  4.0368E-03  4.0873E-03
  3.9499998958E+02  8.3446664174E-03  4.1579E-03  4.1868E-03
  3.9599998958E+02  8.5592585198E-03  4.2764E-03  4.2829E-03
  3.9699998958E+02  8.7677851354E-03  4.3921E-03  4.3757E-03
  3.9799998958E+02  8.9702462644E-03  4.5050E-03  4.4653E-03
  3.9899998958E+02  9.1666419067E-03  4.6150E-03  4.5517E-03
  3.9999998958E+02  9.3569720623E-03  4.7220E-03  4.6350E-03
  4.0099998958E+02  9.5412367311E-03  4.8260E-03  4.7152E-03
  4.0199998958E+02  9.7194359133E-03  4.9269E-03  4.7925E-03
  4.0299998958E+02  9.8915696087E-03  5.0247E-03  4.8668E-03
  4.0399998958E+02  1.0057637817E-02  5.1193E-03  4.9384E-03
  4.0499998958E+02  1.0217640539E-02  5.2105E-03  5.0071E-03
  4.0599998958E+02  1.0371577775E-02  5.2984E-03  5.0731E-03
  4.0699998958E+02  1.0519449523E-02  5.3829E-03  5.1365E-03
  4.0799998958E+02  1.0661255785E-02  5.4639E-03  5.1974E-03
  4.0899998958E+02  1.0796996561E-02  5.5413E-03  5.2557E-03
  4.0999998958E+02  1.0926671849E-02  5.6151E-03  5.3116E-03
  4.1099998958E+02  1.1050281651E-02  5.6852E-03  5.3651E-03
  4.1199998958E+02  1.1167825966E-02  5.7515E-03  5.4163E-03
  4.1299998958E+02  1.1279304794E-02  5.8141E-03  5.4652E-03
  4.1399998958E+02  1.1384718136E-02  5.8727E-03  5.5120E-03
  4.1499998958E+02  1.1484065991E-02  5.9273E-03  5.5567E-03
  4.1599998958E+02  1.1577348359E-02  5.9779E-03  5.5994E-03
  4.1699998958E+02  1.1670998709E-02  6.0309E-03  5.6401E-03
  4.1799998958E+02  1.1782673076E-02  6.1021E-03  5.6805E-03
  4.1899998958E+02  1.1913384148E-02  6.1893E-03  5.7241E-03
  4.1999998958E+02  1.2063131924E-02  6.2889E-03  5.7743E-03
  4.2099998958E+02  1.2231916406E-02  6.3975E-03  5.8345E-03
  4.2199998958E+02  1.2419737592E-02  6.5116E-03  5.9081E-03
  4.2299998958E+02  1.4566842496E-02  7.5980E-03  6.9688E-03
  4.2399998958E+02  1.7048366006E-02  8.8408E-03  8.2076E-03
  4.2499998958E+02  1.8640859657E-02  9.6247E-03  9.0161E-03
  4.2599998958E+02  1.9522308916E-02  1.0035E-02  9.4868E-03
  4.2699998958E+02  2.0105262519E-02  1.0276E-02  9.8295E-03
  4.2799998958E+02  1.9961134898E-02  1.0140E-02  9.8214E-03
  4.2899998958E+02  1.9189833933E-02  9.7090E-03  9.4808E-03
  4.2999998958E+02  1.7968351568E-02  9.0702E-03  8.8982E-03
  4.3099998958E+02  1.5709966580E-02  7.9255E-03  7.7845E-03
  4.3199998958E+02  1.1888873638E-02  6.0076E-03  5.8812E-03
  4.3299998958E+02  9.6678251508E-03  4.8936E-03  4.7743E-03
  4.3399998958E+02  9.5243405462E-03  4.8188E-03  4.7055E-03
  4.3499998958E+02  9.3822579863E-03  4.7448E-03  4.6374E-03
  4.3599998958E+02  9.2415774712E-03  4.6717E-03  4.5699E-03
  4.3699998958E+02  9.1022990007E-03  4.5993E-03  4.5030E-03
  4.3799998958E+02  8.9644225750E-03  4.5276E-03  4.4368E-03
  4.3899998958E+02  8.8279481940E-03  4.4568E-03  4.3711E-03
  4.3999998958E+02  8.6928758576E-03  4.3868E-03  4.3061E-03
  4.4099998958E+02  8.5592055660E-03  4.3175E-03  4.2417E-03
  4.4199998958E+02  8.4269373192E-03  4.2490E-03  4.1779E-03
  4.4299998958E+02  8.2960711170E-03  4.1814E-03  4.1147E-03
  4.4399998958E+02  8.1666069595E-03  4.1144E-03  4.0522E-03
  4.4499998958E+02  8.0385448468E-03  4.0483E-03  3.9902E-03
  4.4599998958E+02  7.9118847787E-03  3.9830E-03  3.9289E-03
  4.4699998958E+02  7.7866267554E-03  3.9184E-03  3.8682E-03
  4.4799998958E+02  7.6627707768E-03  3.8546E-03  3.8082E-03
  4.4899998958E+02  7.5403168429E-03  3.7916E-03  3.7487E-03
  4.4999998958E+02  7.4192649537E-03  3.7294E-03  3.6899E-03
  4.5099998958E+02  7.2996151092E-03  3.6679E-03  3.6317E-03
  4.5199998958E+02  7.1813673095E-03  3.6072E-03  3.5741E-03
  4.5299998958E+02  7.0645215544E-03  3.5473E-03  3.5172E-03
  4.5399998958E+02  6.9490778441E-03  3.4882E-03  3.4609E-03
  4.5499998958E+02  6.8350361785E-03  3.4299E-03  3.4052E-03
  4.5599998958E+02  6.7223965576E-03  3.3723E-03  3.3501E-03
  4.5699998958E+02  6.6111589814E-03  3.3155E-03  3.2957E-03
  4.5799998958E+02  6.5013234499E-03  3.2594E-03  3.2419E-03
  4.5899998958E+02  6.3928899631E-03  3.2042E-03  3.1887E-03
  4.5999998958E+02  6.2858585211E-03  3.1497E-03  3.1362E-03
  4.6099998958E+02  6.1802291237E-03  3.0960E-03  3.0843E-03
  4.6199998958E+02  6.0760017711E-03  3.0430E-03  3.0330E-03
  4.6299998958E+02  5.9731764632E-03  2.9908E-03  2.9824E-03
  4.6399998958E+02  5.8717532000E-03  2.9394E-03  2.9323E-03
  4.6499998958E+02  5.7717319815E-03  2.8888E-03  2.8830E-03
  4.6599998958E+02  5.6731128077E-03  2.8389E-03  2.8342E-03
  4.6699998958E+02  5.5758956786E-03  2.7898E-03  2.7861E-03
  4.6799998958E+02  5.4800805943E-03  2.7414E-03  2.7387E-03
  4.6899998958E+02  5.3856675546E-03  2.6938E-03  2.6918E-03
  4.6999998958E+02  5.2926565597E-03  2.6470E-03  2.6457E-03
  4.7099998958E+02  5.2052365524E-03  2.6030E-03  2.6022E-03
  4.7199998958E+02  5.1675642446E-03  2.5840E-03  2.5836E-03
  4.7299998958E+02  9.1009533624E-03  4.5506E-03  4.5504E-03
  4.7399998958E+02  3.1409617837E-02  1.5705E-02  1.5705E-02
  4.7499998958E+02  3.8299327206E-02  1.9150E-02  1.9149E-02
  4.7599998958E+02  4.8187145971E-02  2.4094E-02  2.4093E-02
  4.7699998958E+02  5.6157716896E-02  2.8079E-02  2.8078E-02
  4.7799998958E+02  6.3212458984E-02  3.1607E-02  3.1605E-02
  4.7899998958E+02  6.2513448988E-02  3.1257E-02  3.1256E-02
  4.7999998958E+02  6.2785135400E-02  3.1393E-02  3.1392E-02
  4.8099998958E+02  6.5152765601E-02  3.2576E-02  3.2577E-02
  4.8199998958E+02  6.7826796150E-02  3.3913E-02  3.3914E-02
  4.8299998958E+02  6.9666944512E-02  3.4833E-02  3.4834E-02
  4.8399998958E+02  7.0482459698E-02  3.5241E-02  3.5242E-02
  4.8499998958E+02  7.1576355447E-02  3.5788E-02  3.5788E-02
  4.8599998958E+02  7.3736055976E-02  3.6868E-02  3.6868E-02
  4.8699998958E+02  7.5900021317E-02  3.7950E-02  3.7950E-02
  4.8799998958E+02  7.8068251469E-02  3.9034E-02  3.9034E-02
  4.8899998958E+02  9.5935083663E-02  4.7967E-02  4.7968E-02
  4.8999998958E+02  7.8763561490E-02  3.9382E-02  3.9382E-02
  4.9099998958E+02  8.2461819989E-02  4.1231E-02  4.1231E-02
  4.9199998958E+02  7.9767474511E-02  3.9884E-02  3.9884E-02
  4.9299998958E+02  7.7458714002E-02  3.8729E-02  3.8729E-02
  4.9399998958E+02  7.5535538460E-02  3.7768E-02  3.7768E-02
  4.9499998958E+02  7.3997947887E-02  3.6999E-02  3.6999E-02
  4.9599998958E+02  7.2845942283E-02  3.6423E-02  3.6423E-02
  4.9699998958E+02  7.1837229786E-02  3.5919E-02  3.5919E-02
  4.9799998958E+02  8.5937366824E-02  4.2969E-02  4.2969E-02
  4.9899998958E+02  8.7926706242E-02  4.3963E-02  4.3963E-02
  4.9999998958E+02  7.3305518038E-02  3.6653E-02  3.6653E-02
  5.0099998958E+02  4.0490832373E-02  2.0245E-02  2.0245E-02
  5.0199998958E+02  2.5619820640E-02  1.2810E-02  1.2810E-02
  5.0299998958E+02  2.2708063336E-02  1.1354E-02  1.1354E-02
  5.0399998958E+02  2.1413979214E-02  1.0707E-02  1.0707E-02
  5.0499998958E+02  2.0039819923E-02  1.0020E-02  1.0020E-02
  5.0599998958E+02  1.8585585463E-02  9.2928E-03  9.2928E-03
  5.0699998958E+02  1.7051275835E-02  8.5256E-03  8.5256E-03
  5.0799998958E+02  1.5436891037E-02  7.7184E-03  7.7184E-03
  5.0899998958E+02  1.3742431072E-02  6.8712E-03  6.8712E-03
  5.0999998958E+02  1.1967895937E-02  5.9839E-03  5.9839E-03
  5.1099998958E+02  1.0136854706E-02  5.0684E-03  5.0684E-03
  5.1199998958E+02  8.7064075681E-03  4.3532E-03  4.3532E-03
  5.1299998958E+02  7.8270588110E-03  3.9135E-03  3.9135E-03
  5.1399998958E+02  9.6204187350E-03  4.8102E-03  4.8102E-03
  5.1499998958E+02  4.4569770900E-03  2.2285E-03  2.2285E-03
  5.1599998958E+02  2.6182196255E-03  1.3091E-03  1.3091E-03
  5.1699998958E+02  1.9203882011E-03  9.6019E-04  9.6019E-04
  5.1799998958E+02  1.3304932377E-03  6.6525E-04  6.6525E-04
  5.1899998958E+02  8.4853473540E-04  4.2427E-04  4.2427E-04
  5.1999998958E+02  4.7451269408E-04  2.3726E-04  2.3726E-04
  5.2099998958E+02  2.0842711378E-04  1.0421E-04  1.0421E-04
  5.2199998958E+02  5.0277994496E-05  2.5139E-05  2.5139E-05
  5.2299998958E+02  0.0000000000E+00  0.0000E+00  0.0000E+00
