 # Frequency[cm^-1] DOS PDOS
 -1.3432361139E-05  0.0000000000E+00  0.0000E+00  0.0000E+00
  9.9998656764E-01  1.4665836476E-07  7.3329E-08  7.3329E-08
  1.9999865676E+00  5.8663522908E-07  2.9332E-07  2.9332E-07
  2.9999865676E+00  1.3199305930E-06  6.5997E-07  6.5997E-07
  3.9999865676E+00  2.3465444564E-06  1.1733E-06  1.1733E-06
  4.9999865676E+00  3.6664768195E-06  1.8332E-06  1.8332E-06
  5.9999865676E+00  5.2797276821E-06  2.6399E-06  2.6399E-06
  6.9999865676E+00  7.1862970442E-06  3.5931E-06  3.5931E-06
  7.9999865676E+00  9.3861849060E-06  4.6931E-06  4.6931E-06
  8.9999865676E+00  1.1879391267E-05  5.9397E-06  5.9397E-06
  9.9999865676E+00  1.4665916128E-05  7.3330E-06  7.3330E-06
  1.0999986568E+01  1.7745759489E-05  8.8729E-06  8.8729E-06
  1.1999986568E+01  2.1118921349E-05  1.0559E-05  1.0559E-05
  1.2999986568E+01  2.4785401708E-05  1.2393E-05  1.2393E-05
  1.3999986568E+01  2.8745200567E-05  1.4373E-05  1.4373E-05
  1.4999986568E+01  3.2998317926E-05  1.6499E-05  1.6499E-05
  1.5999986568E+01  3.7544753784E-05  1.8772E-05  1.8772E-05
  1.6999986568E+01  4.2384508142E-05  2.1192E-05  2.1192E-05
  1.7999986568E+01  4.7517581000E-05  2.3759E-05  2.3759E-05
  1.8999986568E+01  5.2943972357E-05  2.6472E-05  2.6472E-05
  1.9999986568E+01  5.8663682213E-05  2.9332E-05  2.9332E-05
  2.0999986568E+01  6.4676710569E-05  3.2338E-05  3.2338E-05
  2.1999986568E+01  7.0983057425E-05  3.5492E-05  3.5492E-05
  2.2999986568E+01  7.7582722780E-05  3.8791E-05  3.8791E-05
  2.3999986568E+01  8.4475706635E-05  4.2238E-05  4.2238E-05
  2.4999986568E+01  9.1662008990E-05  4.5831E-05  4.5831E-05
  2.5999986568E+01  9.9141629844E-05  4.9571E-05  4.9571E-05
  2.6999986568E+01  1.0691456920E-04  5.3457E-05  5.3457E-05
  2.7999986568E+01  1.1498082705E-04  5.7490E-05  5.7490E-05
  2.8999986568E+01  1.2334040340E-04  6.1670E-05  6.1670E-05
  2.9999986568E+01  1.3199329826E-04  6.5997E-05  6.5997E-05
  3.0999986568E+01  1.4093951161E-04  7.0470E-05  7.0470E-05
  3.1999986568E+01  1.5017904346E-04  7.5090E-05  7.5090E-05
  3.2999986568E+01  1.5971189381E-04  7.9856E-05  7.9856E-05
  3.3999986568E+01  1.6953806266E-04  8.4769E-05  8.4769E-05
  3.4999986568E+01  1.7965755001E-04  8.9829E-05  8.9829E-05
  3.5999986568E+01  1.9007035586E-04  9.5035E-05  9.5035E-05
  3.6999986568E+01  2.0077648021E-04  1.0039E-04  1.0039E-04
  3.7999986568E+01  2.1177592306E-04  1.0589E-04  1.0589E-04
  3.8999986568E+01  2.2306868441E-04  1.1153E-04  1.1153E-04
  3.9999986568E+01  2.3465476425E-04  1.1733E-04  1.1733E-04
  4.0999986568E+01  2.4653416260E-04  1.2327E-04  1.2327E-04
  4.1999986568E+01  2.5870687945E-04  1.2935E-04  1.2935E-04
  4.2999986568E+01  2.7117291480E-04  1.3559E-04  1.3559E-04
  4.3999986568E+01  2.8393226864E-04  1.4197E-04  1.4197E-04
  4.4999986568E+01  2.9698494099E-04  1.4849E-04  1.4849E-04
  4.5999986568E+01  3.1033093183E-04  1.5517E-04  1.5517E-04
  4.6999986568E+01  3.2397024118E-04  1.6199E-04  1.6199E-04
  4.7999986568E+01  3.3790286902E-04  1.6895E-04  1.6895E-04
  4.8999986568E+01  3.5212881537E-04  1.7606E-04  1.7606E-04
  4.9999986568E+01  3.6664808021E-04  1.8332E-04  1.8332E-04
  5.0999986568E+01  3.8146066355E-04  1.9073E-04  1.9073E-04
  5.1999986568E+01  3.9656656540E-04  1.9828E-04  1.9828E-04
  5.2999986568E+01  4.1196578574E-04  2.0598E-04  2.0598E-04
  5.3999986568E+01  4.2765832458E-04  2.1383E-04  2.1383E-04
  5.4999986568E+01  4.4364418192E-04  2.2182E-04  2.2182E-04
  5.5999986568E+01  4.5992335776E-04  2.2996E-04  2.2996E-04
  5.6999986568E+01  4.7649585210E-04  2.3825E-04  2.3825E-04
  5.7999986568E+01  4.9336166494E-04  2.4668E-04  2.4668E-04
  5.8999986568E+01  5.1052079628E-04  2.5526E-04  2.5526E-04
  5.9999986568E+01  5.2797324612E-04  2.6399E-04  2.6399E-04
  6.0999986568E+01  5.4571901446E-04  2.7286E-04  2.7286E-04
  6.1999986568E+01  5.6375810130E-04  2.8188E-04  2.8188E-04
  6.2999986568E+01  5.8209050664E-04  2.9105E-04  2.9105E-04
  6.3999986568E+01  6.0071623048E-04  3.0036E-04  3.0036E-04
  6.4999986568E+01  6.1963527281E-04  3.0982E-04  3.0982E-04
  6.5999986568E+01  6.3884763365E-04  3.1942E-04  3.1942E-04
  6.6999986568E+01  6.5835331299E-04  3.2918E-04  3.2918E-04
  6.7999986568E+01  6.7815231082E-04  3.3908E-04  3.3908E-04
  6.8999986568E+01  6.9824462716E-04  3.4912E-04  3.4912E-04
  6.9999986568E+01  7.1863026199E-04  3.5932E-04  3.5932E-04
  7.0999986568E+01  7.3930921533E-04  3.6965E-04  3.6965E-04
  7.1999986568E+01  7.6028148716E-04  3.8014E-04  3.8014E-04
  7.2999986568E+01  7.8154707750E-04  3.9077E-04  3.9077E-04
  7.3999986568E+01  8.0310598633E-04  4.0155E-04  4.0155E-04
  7.4999986568E+01  1.0035261099E-03  5.0176E-04  5.0176E-04
  7.5999986568E+01  1.2045043472E-03  6.0225E-04  6.0225E-04
  7.6999986568E+01  1.4041545701E-03  7.0208E-04  7.0208E-04
  7.7999986568E+01  1.6024767789E-03  8.0124E-04  8.0124E-04
  7.8999986568E+01  1.7994709734E-03  8.9974E-04  8.9974E-04
  7.9999986568E+01  1.9951371536E-03  9.9757E-04  9.9757E-04
  8.0999986568E+01  2.1894753197E-03  1.0947E-03  1.0947E-03
  8.1999986568E+01  2.3824854715E-03  1.1912E-03  1.1912E-03
  8.2999986568E+01  2.5741676090E-03  1.2871E-03  1.2871E-03
  8.3999986568E+01  2.7645217323E-03  1.3823E-03  1.3823E-03
  8.4999986568E+01  2.9535478414E-03  1.4768E-03  1.4768E-03
  8.5999986568E+01  3.1412459363E-03  1.5706E-03  1.5706E-03
  8.6999986568E+01  3.3276160169E-03  1.6638E-03  1.6638E-03
  8.7999986568E+01  3.5126580832E-03  1.7563E-03  1.7563E-03
  8.8999986568E+01  3.6963721354E-03  1.8482E-03  1.8482E-03
  8.9999986568E+01  3.8787581733E-03  1.9394E-03  1.9394E-03
  9.0999986568E+01  4.0598161969E-03  2.0299E-03  2.0299E-03
  9.1999986568E+01  4.2395462063E-03  2.1198E-03  2.1198E-03
  9.2999986568E+01  4.4179482015E-03  2.2090E-03  2.2090E-03
  9.3999986568E+01  4.5950221825E-03  2.2975E-03  2.2975E-03
  9.4999986568E+01  4.7707681492E-03  2.3854E-03  2.3854E-03
  9.5999986568E+01  4.9451861017E-03  2.4726E-03  2.4726E-03
  9.6999986568E+01  5.1182760399E-03  2.5591E-03  2.5591E-03
  9.7999986568E+01  5.2900379639E-03  2.6450E-03  2.6450E-03
  9.8999986568E+01  5.4911237795E-03  2.7456E-03  2.7456E-03
  9.9999986568E+01  5.7595447058E-03  2.8798E-03  2.8798E-03
  1.0099998657E+02  6.0971958226E-03  3.0486E-03  3.0486E-03
  1.0199998657E+02  6.4997420601E-03  3.2499E-03  3.2499E-03
  1.0299998657E+02  6.9671834185E-03  3.4836E-03  3.4836E-03
  1.0399998657E+02  7.4897922774E-03  3.7449E-03  3.7449E-03
  1.0499998657E+02  8.0226548061E-03  4.0113E-03  4.0113E-03
  1.0599998657E+02  8.5601535507E-03  4.2801E-03  4.2801E-03
  1.0699998657E+02  9.1022885114E-03  4.5511E-03  4.5511E-03
  1.0799998657E+02  9.6490596880E-03  4.8245E-03  4.8245E-03
  1.0899998657E+02  1.0200467081E-02  5.1002E-03  5.1002E-03
  1.0999998657E+02  1.0784158823E-02  5.3921E-03  5.3921E-03
  1.1099998657E+02  1.1741680712E-02  5.8708E-03  5.8708E-03
  1.1199998657E+02  1.2635432936E-02  6.3177E-03  6.3177E-03
  1.1299998657E+02  1.3465415496E-02  6.7327E-03  6.7327E-03
  1.1399998657E+02  1.4231628391E-02  7.1158E-03  7.1158E-03
  1.1499998657E+02  1.4934071622E-02  7.4670E-03  7.4670E-03
  1.1599998657E+02  1.5572745188E-02  7.7864E-03  7.7864E-03
  1.1699998657E+02  1.6147649090E-02  8.0738E-03  8.0738E-03
  1.1799998657E+02  1.6658783326E-02  8.3294E-03  8.3294E-03
  1.1899998657E+02  1.7142845782E-02  8.5714E-03  8.5714E-03
  1.1999998657E+02  1.7639895626E-02  8.8199E-03  8.8199E-03
  1.2099998657E+02  1.8118191806E-02  9.0591E-03  9.0591E-03
  1.2199998657E+02  1.8577734323E-02  9.2889E-03  9.2889E-03
  1.2299998657E+02  1.9018523176E-02  9.5093E-03  9.5093E-03
  1.2399998657E+02  1.9440558365E-02  9.7203E-03  9.7203E-03
  1.2499998657E+02  1.9843839890E-02  9.9219E-03  9.9219E-03
  1.2599998657E+02  2.0228367752E-02  1.0114E-02  1.0114E-02
  1.2699998657E+02  2.9118704607E-02  1.4559E-02  1.4559E-02
  1.2799998657E+02  2.6755965411E-02  1.3378E-02  1.3378E-02
  1.2899998657E+02  2.2374292999E-02  1.1187E-02  1.1187E-02
  1.2999998657E+02  2.2414460101E-02  1.1207E-02  1.1207E-02
  1.3099998657E+02  2.2477599297E-02  1.1239E-02  1.1239E-02
  1.3199998657E+02  2.2563710585E-02  1.1282E-02  1.1282E-02
  1.3299998657E+02  2.2672793966E-02  1.1336E-02  1.1336E-02
  1.3399998657E+02  2.2804849441E-02  1.1402E-02  1.1402E-02
  1.3499998657E+02  2.2959877009E-02  1.1480E-02  1.1480E-02
  1.3599998657E+02  2.3137876669E-02  1.1569E-02  1.1569E-02
  1.3699998657E+02  2.3338848423E-02  1.1669E-02  1.1669E-02
  1.3799998657E+02  3.6672514044E-02  1.8336E-02  1.8336E-02
  1.3899998657E+02  2.6558429973E-02  1.3279E-02  1.3279E-02
  1.3999998657E+02  2.6408331712E-02  1.3204E-02  1.3204E-02
  1.4099998657E+02  2.6272787064E-02  1.3136E-02  1.3136E-02
  1.4199998657E+02  2.6151796029E-02  1.3076E-02  1.3076E-02
  1.4299998657E+02  2.6045358608E-02  1.3023E-02  1.3023E-02
  1.4399998657E+02  2.6353668706E-02  1.3177E-02  1.3177E-02
  1.4499998657E+02  2.7174046289E-02  1.3587E-02  1.3587E-02
  1.4599998657E+02  2.7374961887E-02  1.3687E-02  1.3687E-02
  1.4699998657E+02  2.6956415500E-02  1.3478E-02  1.3478E-02
  1.4799998657E+02  2.5918407128E-02  1.2959E-02  1.2959E-02
  1.4899998657E+02  2.4597066672E-02  1.2299E-02  1.2299E-02
  1.4999998657E+02  2.4255224937E-02  1.2128E-02  1.2128E-02
  1.5099998657E+02  2.3911966828E-02  1.1956E-02  1.1956E-02
  1.5199998657E+02  2.3567292346E-02  1.1784E-02  1.1784E-02
  1.5299998657E+02  2.3221201488E-02  1.1611E-02  1.1611E-02
  1.5399998657E+02  2.2873694257E-02  1.1437E-02  1.1437E-02
  1.5499998657E+02  2.2524770652E-02  1.1262E-02  1.1262E-02
  1.5599998657E+02  2.2174430673E-02  1.1087E-02  1.1087E-02
  1.5699998657E+02  2.1822674319E-02  1.0911E-02  1.0911E-02
  1.5799998657E+02  2.1415458773E-02  1.0708E-02  1.0708E-02
  1.5899998657E+02  2.0999360594E-02  1.0500E-02  1.0500E-02
  1.5999998657E+02  2.0599737103E-02  1.0300E-02  1.0300E-02
  1.6099998657E+02  2.0216588297E-02  1.0108E-02  1.0108E-02
  1.6199998657E+02  1.9849914178E-02  9.9250E-03  9.9250E-03
  1.6299998657E+02  1.9620395664E-02  9.8102E-03  9.8102E-03
  1.6399998657E+02  1.9849886195E-02  9.9249E-03  9.9249E-03
  1.6499998657E+02  1.9935567294E-02  9.9678E-03  9.9678E-03
  1.6599998657E+02  1.9877438960E-02  9.9387E-03  9.9387E-03
  1.6699998657E+02  1.9675501195E-02  9.8378E-03  9.8378E-03
  1.6799998657E+02  1.9218282054E-02  9.6091E-03  9.6091E-03
  1.6899998657E+02  1.8632650308E-02  9.3163E-03  9.3163E-03
  1.6999998657E+02  2.2858955671E-02  1.1429E-02  1.1429E-02
  1.7099998657E+02  2.6150198345E-02  1.3075E-02  1.3075E-02
  1.7199998657E+02  2.4367026879E-02  1.2184E-02  1.2184E-02
  1.7299998657E+02  2.1668897670E-02  1.0834E-02  1.0834E-02
  1.7399998657E+02  2.1480702231E-02  1.0740E-02  1.0740E-02
  1.7499998657E+02  2.1306863731E-02  1.0653E-02  1.0653E-02
  1.7599998657E+02  2.1147382171E-02  1.0574E-02  1.0574E-02
  1.7699998657E+02  2.1002257551E-02  1.0501E-02  1.0501E-02
  1.7799998657E+02  2.0871489871E-02  1.0436E-02  1.0436E-02
  1.7899998657E+02  2.0755079131E-02  1.0378E-02  1.0378E-02
  1.7999998657E+02  2.2655577908E-02  1.1328E-02  1.1328E-02
  1.8099998657E+02  2.1974997515E-02  1.0987E-02  1.0987E-02
  1.8199998657E+02  2.2197714889E-02  1.1099E-02  1.1099E-02
  1.8299998657E+02  2.0891525938E-02  1.0446E-02  1.0446E-02
  1.8399998657E+02  1.8419763692E-02  9.2099E-03  9.2099E-03
  1.8499998657E+02  1.7880204158E-02  8.9401E-03  8.9401E-03
  1.8599998657E+02  1.7336613453E-02  8.6683E-03  8.6683E-03
  1.8699998657E+02  1.6788991576E-02  8.3945E-03  8.3945E-03
  1.8799998657E+02  1.6237338528E-02  8.1187E-03  8.1187E-03
  1.8899998657E+02  1.5681654308E-02  7.8408E-03  7.8408E-03
  1.8999998657E+02  1.5121938917E-02  7.5610E-03  7.5610E-03
  1.9099998657E+02  1.4558192353E-02  7.2791E-03  7.2791E-03
  1.9199998657E+02  1.3990414619E-02  6.9952E-03  6.9952E-03
  1.9299998657E+02  1.3418605713E-02  6.7093E-03  6.7093E-03
  1.9399998657E+02  1.2842765635E-02  6.4214E-03  6.4214E-03
  1.9499998657E+02  1.2262894385E-02  6.1314E-03  6.1314E-03
  1.9599998657E+02  1.1678991965E-02  5.8395E-03  5.8395E-03
  1.9699998657E+02  1.1091058372E-02  5.5455E-03  5.5455E-03
  1.9799998657E+02  1.0499093608E-02  5.2495E-03  5.2495E-03
  1.9899998657E+02  9.9030976722E-03  4.9515E-03  4.9515E-03
  1.9999998657E+02  9.3030705650E-03  4.6515E-03  4.6515E-03
  2.0099998657E+02  8.6990122862E-03  4.3495E-03  4.3495E-03
  2.0199998657E+02  8.0909228357E-03  4.0455E-03  4.0455E-03
  2.0299998657E+02  7.4788022138E-03  3.7394E-03  3.7394E-03
  2.0399998657E+02  6.8626504202E-03  3.4313E-03  3.4313E-03
  2.0499998657E+02  5.9195740234E-03  2.9598E-03  2.9598E-03
  2.0599998657E+02  4.7669243654E-03  2.3835E-03  2.3835E-03
  2.0699998657E+02  3.7841469926E-03  1.8921E-03  1.8921E-03
  2.0799998657E+02  2.9712419051E-03  1.4856E-03  1.4856E-03
  2.0899998657E+02  2.3282091027E-03  1.1641E-03  1.1641E-03
  2.0999998657E+02  1.8550485855E-03  9.2752E-04  9.2752E-04
  2.1099998657E+02  1.5517603535E-03  7.7588E-04  7.7588E-04
  2.1199998657E+02  1.4183444067E-03  7.0917E-04  7.0917E-04
  2.1299998657E+02  1.4243684454E-03  7.1218E-04  7.1218E-04
  2.1399998657E+02  1.4441669651E-03  7.2208E-04  7.2208E-04
  2.1499998657E+02  1.4640754979E-03  7.3204E-04  7.3204E-04
  2.1599998657E+02  1.4840940440E-03  7.4205E-04  7.4205E-04
  2.1699998657E+02  1.5042226033E-03  7.5211E-04  7.5211E-04
  2.1799998657E+02  1.5244611757E-03  7.6223E-04  7.6223E-04
  2.1899998657E+02  1.5448097614E-03  7.7240E-04  7.7240E-04
  2.1999998657E+02  1.5652683603E-03  7.8263E-04  7.8263E-04
  2.2099998657E+02  1.5858369724E-03  7.9292E-04  7.9292E-04
  2.2199998657E+02  1.6082910116E-03  8.0415E-04  8.0415E-04
  2.2299998657E+02  1.6407368756E-03  8.2037E-04  8.2037E-04
  2.2399998657E+02  1.6730383858E-03  8.3652E-04  8.3652E-04
  2.2499998657E+02  1.7051955420E-03  8.5260E-04  8.5260E-04
  2.2599998657E+02  1.7372083443E-03  8.6860E-04  8.6860E-04
  2.2699998657E+02  1.7690767926E-03  8.8454E-04  8.8454E-04
  2.2799998657E+02  1.8008008871E-03  9.0040E-04  9.0040E-04
  2.2899998657E+02  1.8323806276E-03  9.1619E-04  9.1619E-04
  2.2999998657E+02  1.8638160142E-03  9.3191E-04  9.3191E-04
  2.3099998657E+02  1.8951070468E-03  9.4755E-04  9.4755E-04
  2.3199998657E+02  1.9262537256E-03  9.6313E-04  9.6313E-04
  2.3299998657E+02  1.9572560504E-03  9.7863E-04  9.7863E-04
  2.3399998657E+02  1.9881140213E-03  9.9406E-04  9.9406E-04
  2.3499998657E+02  2.0188276382E-03  1.0094E-03  1.0094E-03
  2.3599998657E+02  2.0493969012E-03  1.0247E-03  1.0247E-03
  2.3699998657E+02  2.0798218103E-03  1.0399E-03  1.0399E-03
  2.3799998657E+02  2.1101023655E-03  1.0551E-03  1.0551E-03
  2.3899998657E+02  2.1402385668E-03  1.0701E-03  1.0701E-03
  2.3999998657E+02  2.1702304141E-03  1.0851E-03  1.0851E-03
  2.4099998657E+02  2.2000779075E-03  1.1000E-03  1.1000E-03
  2.4199998657E+02  2.2297810470E-03  1.1149E-03  1.1149E-03
  2.4299998657E+02  2.2593398325E-03  1.1297E-03  1.1297E-03
  2.4399998657E+02  2.2887542641E-03  1.1444E-03  1.1444E-03
  2.4499998657E+02  2.3180243418E-03  1.1590E-03  1.1590E-03
  2.4599998657E+02  2.3471500656E-03  1.1736E-03  1.1736E-03
  2.4699998657E+02  2.3761314355E-03  1.1881E-03  1.1881E-03
  2.4799998657E+02  2.4049684514E-03  1.2025E-03  1.2025E-03
  2.4899998657E+02  2.4336611134E-03  1.2168E-03  1.2168E-03
  2.4999998657E+02  2.4622094214E-03  1.2311E-03  1.2311E-03
  2.5099998657E+02  2.4906133756E-03  1.2453E-03  1.2453E-03
  2.5199998657E+02  2.5188729758E-03  1.2594E-03  1.2594E-03
  2.5299998657E+02  2.5469882221E-03  1.2735E-03  1.2735E-03
  2.5399998657E+02  2.5749591144E-03  1.2875E-03  1.2875E-03
  2.5499998657E+02  2.6027856529E-03  1.3014E-03  1.3014E-03
  2.5599998657E+02  2.6304678374E-03  1.3152E-03  1.3152E-03
  2.5699998657E+02  2.6694191893E-03  1.3347E-03  1.3347E-03
  2.5799998657E+02  2.7127074339E-03  1.3564E-03  1.3564E-03
  2.5899998657E+02  2.7574981895E-03  1.3787E-03  1.3787E-03
  2.5999998657E+02  2.8037914560E-03  1.4019E-03  1.4019E-03
  2.6099998657E+02  2.8515872336E-03  1.4258E-03  1.4258E-03
  2.6199998657E+02  2.9008855220E-03  1.4504E-03  1.4504E-03
  2.6299998657E+02  2.9516863215E-03  1.4758E-03  1.4758E-03
  2.6399998657E+02  3.0039896319E-03  1.5020E-03  1.5020E-03
  2.6499998657E+02  3.0577954533E-03  1.5289E-03  1.5289E-03
  2.6599998657E+02  3.1131037857E-03  1.5566E-03  1.5566E-03
  2.6699998657E+02  3.1699146290E-03  1.5850E-03  1.5850E-03
  2.6799998657E+02  3.2282279833E-03  1.6141E-03  1.6141E-03
  2.6899998657E+02  3.2880438486E-03  1.6440E-03  1.6440E-03
  2.6999998657E+02  3.3493622248E-03  1.6747E-03  1.6747E-03
  2.7099998657E+02  3.4121831120E-03  1.7061E-03  1.7061E-03
  2.7199998657E+02  3.4765065102E-03  1.7383E-03  1.7383E-03
  2.7299998657E+02  3.5423324193E-03  1.7712E-03  1.7712E-03
  2.7399998657E+02  3.6096608394E-03  1.8048E-03  1.8048E-03
  2.7499998657E+02  3.6784917705E-03  1.8392E-03  1.8392E-03
  2.7599998657E+02  3.7488252126E-03  1.8744E-03  1.8744E-03
  2.7699998657E+02  3.8206611656E-03  1.9103E-03  1.9103E-03
  2.7799998657E+02  3.8939996296E-03  1.9470E-03  1.9470E-03
  2.7899998657E+02  3.9688406046E-03  1.9844E-03  1.9844E-03
  2.7999998657E+02  4.0451840905E-03  2.0226E-03  2.0226E-03
  2.8099998657E+02  4.1230300874E-03  2.0615E-03  2.0615E-03
  2.8199998657E+02  4.2023785953E-03  2.1012E-03  2.1012E-03
  2.8299998657E+02  4.2832296141E-03  2.1416E-03  2.1416E-03
  2.8399998657E+02  4.3655831440E-03  2.1828E-03  2.1828E-03
  2.8499998657E+02  4.4494391847E-03  2.2247E-03  2.2247E-03
  2.8599998657E+02  4.5347977365E-03  2.2674E-03  2.2674E-03
  2.8699998657E+02  4.6216587992E-03  2.3108E-03  2.3108E-03
  2.8799998657E+02  4.7100223729E-03  2.3550E-03  2.3550E-03
  2.8899998657E+02  4.7998884576E-03  2.3999E-03  2.3999E-03
  2.8999998657E+02  4.8912570532E-03  2.4456E-03  2.4456E-03
  2.9099998657E+02  4.9841281598E-03  2.4921E-03  2.4921E-03
  2.9199998657E+02  5.0785017774E-03  2.5393E-03  2.5393E-03
  2.9299998657E+02  5.1743779059E-03  2.5872E-03  2.5872E-03
  2.9399998657E+02  5.2717565454E-03  2.6359E-03  2.6359E-03
  2.9499998657E+02  5.3706376959E-03  2.6853E-03  2.6853E-03
  2.9599998657E+02  5.4710213574E-03  2.7355E-03  2.7355E-03
  2.9699998657E+02  5.5745983784E-03  2.7873E-03  2.7873E-03
  2.9799998657E+02  5.7305695370E-03  2.8653E-03  2.8653E-03
  2.9899998657E+02  5.9604592803E-03  2.9802E-03  2.9802E-03
  2.9999998657E+02  6.2193395719E-03  3.1097E-03  3.1097E-03
  3.0099998657E+02  6.4870027287E-03  3.2435E-03  3.2435E-03
  3.0199998657E+02  6.7634487507E-03  3.3817E-03  3.3817E-03
  3.0299998657E+02  7.0486776378E-03  3.5243E-03  3.5243E-03
  3.0399998657E+02  7.3426893902E-03  3.6713E-03  3.6713E-03
  3.0499998657E+02  7.6454840077E-03  3.8227E-03  3.8227E-03
  3.0599998657E+02  7.9570614904E-03  3.9785E-03  3.9785E-03
  3.0699998657E+02  8.2774218383E-03  4.1387E-03  4.1387E-03
  3.0799998657E+02  8.6065650514E-03  4.3033E-03  4.3033E-03
  3.0899998657E+02  8.9444911297E-03  4.4722E-03  4.4722E-03
  3.0999998657E+02  9.2912000732E-03  4.6456E-03  4.6456E-03
  3.1099998657E+02  9.6466918818E-03  4.8233E-03  4.8233E-03
  3.1199998657E+02  9.9413446851E-03  4.9707E-03  4.9707E-03
  3.1299998657E+02  1.0225367424E-02  5.1127E-03  5.1127E-03
  3.1399998657E+02  1.0501173455E-02  5.2506E-03  5.2506E-03
  3.1499998657E+02  1.0768568133E-02  5.3843E-03  5.3843E-03
  3.1599998657E+02  1.1027551455E-02  5.5138E-03  5.5138E-03
  3.1699998657E+02  1.1278123424E-02  5.6391E-03  5.6391E-03
  3.1799998657E+02  1.1520284038E-02  5.7601E-03  5.7601E-03
  3.1899998657E+02  1.1754033297E-02  5.8770E-03  5.8770E-03
  3.1999998657E+02  1.1979371203E-02  5.9897E-03  5.9897E-03
  3.2099998657E+02  1.2196297754E-02  6.0981E-03  6.0981E-03
  3.2199998657E+02  1.2404812950E-02  6.2024E-03  6.2024E-03
  3.2299998657E+02  1.2604916793E-02  6.3025E-03  6.3025E-03
  3.2399998657E+02  1.2796609281E-02  6.3983E-03  6.3983E-03
  3.2499998657E+02  1.2979890414E-02  6.4899E-03  6.4899E-03
  3.2599998657E+02  1.3154760193E-02  6.5774E-03  6.5774E-03
  3.2699998657E+02  1.3321218618E-02  6.6606E-03  6.6606E-03
  3.2799998657E+02  1.3479265689E-02  6.7396E-03  6.7396E-03
  3.2899998657E+02  1.3628901405E-02  6.8145E-03  6.8145E-03
  3.2999998657E+02  1.3770125767E-02  6.8851E-03  6.8851E-03
  3.3099998657E+02  1.3902938774E-02  6.9515E-03  6.9515E-03
  3.3199998657E+02  1.4027340427E-02  7.0137E-03  7.0137E-03
  3.3299998657E+02  1.4143330726E-02  7.0717E-03  7.0717E-03
  3.3399998657E+02  2.0112786747E-02  1.0056E-02  1.0056E-02
  3.3499998657E+02  1.5642649305E-02  7.8213E-03  7.8213E-03
  3.3599998657E+02  1.5107356296E-02  7.5537E-03  7.5537E-03
  3.3699998657E+02  1.4564065943E-02  7.2820E-03  7.2820E-03
  3.3799998657E+02  1.4012778245E-02  7.0064E-03  7.0064E-03
  3.3899998657E+02  1.3453493202E-02  6.7267E-03  6.7267E-03
  3.3999998657E+02  1.2886210815E-02  6.4431E-03  6.4431E-03
  3.4099998657E+02  1.2310931083E-02  6.1555E-03  6.1555E-03
  3.4199998657E+02  1.1727654006E-02  5.8638E-03  5.8638E-03
  3.4299998657E+02  1.1142373853E-02  5.5712E-03  5.5712E-03
  3.4399998657E+02  1.0594107616E-02  5.2971E-03  5.2971E-03
  3.4499998657E+02  1.0089894671E-02  5.0449E-03  5.0449E-03
  3.4599998657E+02  9.6297350185E-03  4.8149E-03  4.8149E-03
  3.4699998657E+02  9.2136286583E-03  4.6068E-03  4.6068E-03
  3.4799998657E+02  8.8415755905E-03  4.4208E-03  4.4208E-03
  3.4899998657E+02  8.5135758149E-03  4.2568E-03  4.2568E-03
  3.4999998657E+02  8.2134395314E-03  4.1067E-03  4.1067E-03
  3.5099998657E+02  7.7886570710E-03  3.8943E-03  3.8943E-03
  3.5199998657E+02  7.3742214009E-03  3.6871E-03  3.6871E-03
  3.5299998657E+02  6.9701325212E-03  3.4851E-03  3.4851E-03
  3.5399998657E+02  6.5763904320E-03  3.2882E-03  3.2882E-03
  3.5499998657E+02  6.1929951331E-03  3.0965E-03  3.0965E-03
  3.5599998657E+02  5.8199466246E-03  2.9100E-03  2.9100E-03
  3.5699998657E+02  5.4572449065E-03  2.7286E-03  2.7286E-03
  3.5799998657E+02  5.1048899787E-03  2.5524E-03  2.5524E-03
  3.5899998657E+02  4.7628818414E-03  2.3814E-03  2.3814E-03
  3.5999998657E+02  4.4312204945E-03  2.2156E-03  2.2156E-03
  3.6099998657E+02  4.1099059379E-03  2.0550E-03  2.0550E-03
  3.6199998657E+02  3.7989381718E-03  1.8995E-03  1.8995E-03
  3.6299998657E+02  3.4983171960E-03  1.7492E-03  1.7492E-03
  3.6399998657E+02  3.2080430106E-03  1.6040E-03  1.6040E-03
  3.6499998657E+02  2.9281156156E-03  1.4641E-03  1.4641E-03
  3.6599998657E+02  2.6585350110E-03  1.3293E-03  1.3293E-03
  3.6699998657E+02  2.3993011968E-03  1.1997E-03  1.1997E-03
  3.6799998657E+02  2.1504141730E-03  1.0752E-03  1.0752E-03
  3.6899998657E+02  1.9118739395E-03  9.5594E-04  9.5594E-04
  3.6999998657E+02  1.6836804965E-03  8.4184E-04  8.4184E-04
  3.7099998657E+02  1.4658338438E-03  7.3292E-04  7.3292E-04
  3.7199998657E+02  1.2583339815E-03  6.2917E-04  6.2917E-04
  3.7299998657E+02  1.0611809096E-03  5.3059E-04  5.3059E-04
  3.7399998657E+02  8.7437462816E-04  4.3719E-04  4.3719E-04
  3.7499998657E+02  7.6888239670E-04  3.8444E-04  3.8444E-04
  3.7599998657E+02  8.8022619869E-04  4.4011E-04  4.4011E-04
  3.7699998657E+02  1.0535381037E-03  5.2677E-04  5.2677E-04
  3.7799998657E+02  1.2867621833E-03  6.4338E-04  6.4338E-04
  3.7899998657E+02  1.5793797444E-03  7.8969E-04  7.8969E-04
  3.7999998657E+02  1.9313907871E-03  9.6570E-04  9.6570E-04
  3.8099998657E+02  2.3427953114E-03  1.1714E-03  1.1714E-03
  3.8199998657E+02  2.8135933172E-03  1.4068E-03  1.4068E-03
  3.8299998657E+02  3.3437848046E-03  1.6719E-03  1.6719E-03
  3.8399998657E+02  3.9333697736E-03  1.9667E-03  1.9667E-03
  3.8499998657E+02  4.5823482242E-03  2.2912E-03  2.2912E-03
  3.8599998657E+02  5.2771905084E-03  2.6386E-03  2.6386E-03
  3.8699998657E+02  5.8819209820E-03  2.9410E-03  2.9410E-03
  3.8799998657E+02  6.3613601928E-03  3.1807E-03  3.1807E-03
  3.8899998657E+02  6.7155081406E-03  3.3578E-03  3.3578E-03
  3.8999998657E+02  6.9443648256E-03  3.4722E-03  3.4722E-03
  3.9099998657E+02  7.1220452450E-03  3.5610E-03  3.5610E-03
  3.9199998657E+02  7.4051520920E-03  3.7026E-03  3.7026E-03
  3.9299998657E+02  7.6811073281E-03  3.8406E-03  3.8406E-03
  3.9399998657E+02  7.9499109534E-03  3.9750E-03  3.9750E-03
  3.9499998657E+02  8.2115629678E-03  4.1058E-03  4.1058E-03
  3.9599998657E+02  8.4660633715E-03  4.2330E-03  4.2330E-03
  3.9699998657E+02  8.7134121643E-03  4.3567E-03  4.3567E-03
  3.9799998657E+02  8.9536093462E-03  4.4768E-03  4.4768E-03
  3.9899998657E+02  9.1866549174E-03  4.5933E-03  4.5933E-03
  3.9999998657E+02  9.4125488777E-03  4.7063E-03  4.7063E-03
  4.0099998657E+02  9.6312912271E-03  4.8156E-03  4.8156E-03
  4.0199998657E+02  9.8428819658E-03  4.9214E-03  4.9214E-03
  4.0299998657E+02  1.0047321094E-02  5.0237E-03  5.0237E-03
  4.0399998657E+02  1.0244608611E-02  5.1223E-03  5.1223E-03
  4.0499998657E+02  1.0434744517E-02  5.2174E-03  5.2174E-03
  4.0599998657E+02  1.0617728812E-02  5.3089E-03  5.3089E-03
  4.0699998657E+02  1.0793561497E-02  5.3968E-03  5.3968E-03
  4.0799998657E+02  1.0962242570E-02  5.4811E-03  5.4811E-03
  4.0899998657E+02  1.1123772033E-02  5.5619E-03  5.5619E-03
  4.0999998657E+02  1.1278149885E-02  5.6391E-03  5.6391E-03
  4.1099998657E+02  1.1425376126E-02  5.7127E-03  5.7127E-03
  4.1199998657E+02  1.1565450757E-02  5.7827E-03  5.7827E-03
  4.1299998657E+02  1.1698373776E-02  5.8492E-03  5.8492E-03
  4.1399998657E+02  1.1824145185E-02  5.9121E-03  5.9121E-03
  4.1499998657E+02  1.1942764983E-02  5.9714E-03  5.9714E-03
  4.1599998657E+02  1.2054233170E-02  6.0271E-03  6.0271E-03
  4.1699998657E+02  1.2160508040E-02  6.0803E-03  6.0803E-03
  4.1799998657E+02  1.2285683041E-02  6.1428E-03  6.1428E-03
  4.1899998657E+02  1.2436916751E-02  6.2185E-03  6.2185E-03
  4.1999998657E+02  1.2614209172E-02  6.3071E-03  6.3071E-03
  4.2099998657E+02  1.2817560303E-02  6.4088E-03  6.4088E-03
  4.2199998657E+02  1.3046970144E-02  6.5235E-03  6.5235E-03
  4.2299998657E+02  1.3302438695E-02  6.6512E-03  6.6512E-03
  4.2399998657E+02  1.6281125800E-02  8.1406E-03  8.1406E-03
  4.2499998657E+02  2.0260884195E-02  1.0130E-02  1.0130E-02
  4.2599998657E+02  2.2434497623E-02  1.1217E-02  1.1217E-02
  4.2699998657E+02  2.3012455544E-02  1.1506E-02  1.1506E-02
  4.2799998657E+02  2.2300065571E-02  1.1150E-02  1.1150E-02
  4.2899998657E+02  2.0798426436E-02  1.0399E-02  1.0399E-02
  4.2999998657E+02  1.8170845010E-02  9.0854E-03  9.0854E-03
  4.3099998657E+02  1.3079651514E-02  6.5398E-03  6.5398E-03
  4.3199998657E+02  1.0112088112E-02  5.0560E-03  5.0560E-03
  4.3299998657E+02  9.9630838399E-03  4.9815E-03  4.9815E-03
  4.3399998657E+02  9.8154457264E-03  4.9077E-03  4.9077E-03
  4.3499998657E+02  9.6691737712E-03  4.8346E-03  4.8346E-03
  4.3599998657E+02  9.5242679743E-03  4.7621E-03  4.7621E-03
  4.3699998657E+02  9.3807283355E-03  4.6904E-03  4.6904E-03
  4.3799998657E+02  9.2385548550E-03  4.6193E-03  4.6193E-03
  4.3899998657E+02  9.0977475327E-03  4.5489E-03  4.5489E-03
  4.3999998657E+02  8.9583063687E-03  4.4792E-03  4.4792E-03
  4.4099998657E+02  8.8202313629E-03  4.4101E-03  4.4101E-03
  4.4199998657E+02  8.6835225154E-03  4.3418E-03  4.3418E-03
  4.4299998657E+02  8.5481798261E-03  4.2741E-03  4.2741E-03
  4.4399998657E+02  8.4142032950E-03  4.2071E-03  4.2071E-03
  4.4499998657E+02  8.2815929222E-03  4.1408E-03  4.1408E-03
  4.4599998657E+02  8.1503487076E-03  4.0752E-03  4.0752E-03
  4.4699998657E+02  8.0204706513E-03  4.0102E-03  4.0102E-03
  4.4799998657E+02  7.8919587532E-03  3.9460E-03  3.9460E-03
  4.4899998657E+02  7.7648130133E-03  3.8824E-03  3.8824E-03
  4.4999998657E+02  7.6390334317E-03  3.8195E-03  3.8195E-03
  4.5099998657E+02  7.5146200083E-03  3.7573E-03  3.7573E-03
  4.5199998657E+02  7.3915727431E-03  3.6958E-03  3.6958E-03
  4.5299998657E+02  7.2698916362E-03  3.6349E-03  3.6349E-03
  4.5399998657E+02  7.1495766875E-03  3.5748E-03  3.5748E-03
  4.5499998657E+02  7.0306278971E-03  3.5153E-03  3.5153E-03
  4.5599998657E+02  6.9130452649E-03  3.4565E-03  3.4565E-03
  4.5699998657E+02  6.7968287910E-03  3.3984E-03  3.3984E-03
  4.5799998657E+02  6.6819784752E-03  3.3410E-03  3.3410E-03
  4.5899998657E+02  6.5684943178E-03  3.2842E-03  3.2842E-03
  4.5999998657E+02  6.4563763185E-03  3.2282E-03  3.2282E-03
  4.6099998657E+02  6.3456244775E-03  3.1728E-03  3.1728E-03
  4.6199998657E+02  6.2362387948E-03  3.1181E-03  3.1181E-03
  4.6299998657E+02  6.1282192703E-03  3.0641E-03  3.0641E-03
  4.6399998657E+02  6.0215659040E-03  3.0108E-03  3.0108E-03
  4.6499998657E+02  5.9162786959E-03  2.9581E-03  2.9581E-03
  4.6599998657E+02  5.8123576461E-03  2.9062E-03  2.9062E-03
  4.6699998657E+02  5.7098027546E-03  2.8549E-03  2.8549E-03
  4.6799998657E+02  5.6086140212E-03  2.8043E-03  2.8043E-03
  4.6899998657E+02  5.5087914462E-03  2.7544E-03  2.7544E-03
  4.6999998657E+02  5.4103350293E-03  2.7052E-03  2.7052E-03
  4.7099998657E+02  5.3433413171E-03  2.6717E-03  2.6717E-03
  4.7199998657E+02  5.6308165265E-03  2.8154E-03  2.8154E-03
  4.7299998657E+02  6.3912479625E-03  3.1956E-03  3.1956E-03
  4.7399998657E+02  9.2405793487E-03  4.6203E-03  4.6203E-03
  4.7499998657E+02  4.2269535404E-02  2.1135E-02  2.1135E-02
  4.7599998657E+02  5.0705872420E-02  2.5353E-02  2.5353E-02
  4.7699998657E+02  6.1107122987E-02  3.0554E-02  3.0554E-02
  4.7799998657E+02  6.8967247326E-02  3.4484E-02  3.4484E-02
  4.7899998657E+02  6.5605496281E-02  3.2803E-02  3.2803E-02
  4.7999998657E+02  6.5079834171E-02  3.2540E-02  3.2540E-02
  4.8099998657E+02  6.7297181985E-02  3.3649E-02  3.3649E-02
  4.8199998657E+02  7.0962851746E-02  3.5481E-02  3.5481E-02
  4.8299998657E+02  7.4531583182E-02  3.7266E-02  3.7266E-02
  4.8399998657E+02  7.8017282605E-02  3.9009E-02  3.9009E-02
  4.8499998657E+02  8.0550519370E-02  4.0275E-02  4.0275E-02
  4.8599998657E+02  8.3633100439E-02  4.1817E-02  4.1817E-02
  4.8699998657E+02  8.6800544740E-02  4.3400E-02  4.3400E-02
  4.8799998657E+02  9.2864194890E-02  4.6432E-02  4.6432E-02
  4.8899998657E+02  8.4944714806E-02  4.2472E-02  4.2472E-02
  4.8999998657E+02  8.1486984410E-02  4.0743E-02  4.0743E-02
  4.9099998657E+02  7.8331958111E-02  3.9166E-02  3.9166E-02
  4.9199998657E+02  7.5479635908E-02  3.7740E-02  3.7740E-02
  4.9299998657E+02  7.2930017801E-02  3.6465E-02  3.6465E-02
  4.9399998657E+02  7.0683103791E-02  3.5342E-02  3.5342E-02
  4.9499998657E+02  6.8738893876E-02  3.4369E-02  3.4369E-02
  4.9599998657E+02  6.7015084948E-02  3.3508E-02  3.3508E-02
  4.9699998657E+02  6.8574402295E-02  3.4287E-02  3.4287E-02
  4.9799998657E+02  7.9470521495E-02  3.9735E-02  3.9735E-02
  4.9899998657E+02  7.5869423761E-02  3.7935E-02  3.7935E-02
  4.9999998657E+02  6.3842723431E-02  3.1921E-02  3.1921E-02
  5.0099998657E+02  4.2920642574E-02  2.1460E-02  2.1460E-02
  5.0199998657E+02  2.9145758910E-02  1.4573E-02  1.4573E-02
  5.0299998657E+02  2.3229489790E-02  1.1615E-02  1.1615E-02
  5.0399998657E+02  2.1317469799E-02  1.0659E-02  1.0659E-02
  5.0499998657E+02  1.9431725020E-02  9.7159E-03  9.7159E-03
  5.0599998657E+02  1.7572255453E-02  8.7861E-03  8.7861E-03
  5.0699998657E+02  1.5739061099E-02  7.8695E-03  7.8695E-03
  5.0799998657E+02  1.3932141958E-02  6.9661E-03  6.9661E-03
  5.0899998657E+02  1.2151498029E-02  6.0757E-03  6.0757E-03
  5.0999998657E+02  1.0397129312E-02  5.1986E-03  5.1986E-03
  5.1099998657E+02  8.9106957671E-03  4.4553E-03  4.4553E-03
  5.1199998657E+02  8.6843256459E-03  4.3422E-03  4.3422E-03
  5.1299998657E+02  9.4412404229E-03  4.7206E-03  4.7206E-03
  5.1399998657E+02  3.6430961725E-03  1.8215E-03  1.8215E-03
  5.1499998657E+02  2.6573993523E-03  1.3287E-03  1.3287E-03
  5.1599998657E+02  2.0320330813E-03  1.0160E-03  1.0160E-03
  5.1699998657E+02  1.4904375786E-03  7.4522E-04  7.4522E-04
  5.1799998657E+02  1.0326128444E-03  5.1631E-04  5.1631E-04
  5.1899998657E+02  6.5855887860E-04  3.2928E-04  3.2928E-04
  5.1999998657E+02  3.6827568119E-04  1.8414E-04  1.8414E-04
  5.2099998657E+02  1.6176325220E-04  8.0882E-05  8.0882E-05
  5.2199998657E+02  3.9021591620E-05  1.9511E-05  1.9511E-05
  5.2299998657E+02  0.0000000000E+00  0.0000E+00  0.0000E+00
