#  E (eV)   dos(E)     Int dos(E) EFermi =    2.556 eV
 -18.405  0.1086E-04  0.1086E-06
 -18.395  0.1223E-04  0.2309E-06
 -18.385  0.1376E-04  0.3685E-06
 -18.375  0.1547E-04  0.5231E-06
 -18.365  0.1738E-04  0.6970E-06
 -18.355  0.1952E-04  0.8921E-06
 -18.345  0.2190E-04  0.1111E-05
 -18.335  0.2457E-04  0.1357E-05
 -18.325  0.2754E-04  0.1632E-05
 -18.315  0.3085E-04  0.1941E-05
 -18.305  0.3454E-04  0.2286E-05
 -18.295  0.3865E-04  0.2673E-05
 -18.285  0.4321E-04  0.3105E-05
 -18.275  0.4829E-04  0.3588E-05
 -18.265  0.5394E-04  0.4127E-05
 -18.255  0.6020E-04  0.4729E-05
 -18.245  0.6715E-04  0.5401E-05
 -18.235  0.7486E-04  0.6149E-05
 -18.225  0.8341E-04  0.6983E-05
 -18.215  0.9287E-04  0.7912E-05
 -18.205  0.1033E-03  0.8945E-05
 -18.195  0.1149E-03  0.1009E-04
 -18.185  0.1277E-03  0.1137E-04
 -18.175  0.1419E-03  0.1279E-04
 -18.165  0.1575E-03  0.1437E-04
 -18.155  0.1748E-03  0.1611E-04
 -18.145  0.1938E-03  0.1805E-04
 -18.135  0.2147E-03  0.2020E-04
 -18.125  0.2378E-03  0.2258E-04
 -18.115  0.2632E-03  0.2521E-04
 -18.105  0.2911E-03  0.2812E-04
 -18.095  0.3218E-03  0.3134E-04
 -18.085  0.3555E-03  0.3489E-04
 -18.075  0.3925E-03  0.3882E-04
 -18.065  0.4331E-03  0.4315E-04
 -18.055  0.4776E-03  0.4792E-04
 -18.045  0.5264E-03  0.5319E-04
 -18.035  0.5799E-03  0.5899E-04
 -18.025  0.6383E-03  0.6537E-04
 -18.015  0.7023E-03  0.7239E-04
 -18.005  0.7722E-03  0.8012E-04
 -17.995  0.8485E-03  0.8860E-04
 -17.985  0.9319E-03  0.9792E-04
 -17.975  0.1023E-02  0.1081E-03
 -17.965  0.1122E-02  0.1194E-03
 -17.955  0.1230E-02  0.1317E-03
 -17.945  0.1348E-02  0.1451E-03
 -17.935  0.1476E-02  0.1599E-03
 -17.925  0.1615E-02  0.1760E-03
 -17.915  0.1766E-02  0.1937E-03
 -17.905  0.1930E-02  0.2130E-03
 -17.895  0.2109E-02  0.2341E-03
 -17.885  0.2302E-02  0.2571E-03
 -17.875  0.2512E-02  0.2822E-03
 -17.865  0.2739E-02  0.3096E-03
 -17.855  0.2985E-02  0.3395E-03
 -17.845  0.3252E-02  0.3720E-03
 -17.835  0.3540E-02  0.4074E-03
 -17.825  0.3851E-02  0.4459E-03
 -17.815  0.4187E-02  0.4878E-03
 -17.805  0.4550E-02  0.5333E-03
 -17.795  0.4941E-02  0.5827E-03
 -17.785  0.5363E-02  0.6363E-03
 -17.775  0.5818E-02  0.6945E-03
 -17.765  0.6307E-02  0.7576E-03
 -17.755  0.6834E-02  0.8259E-03
 -17.745  0.7401E-02  0.8999E-03
 -17.735  0.8010E-02  0.9800E-03
 -17.725  0.8664E-02  0.1067E-02
 -17.715  0.9366E-02  0.1160E-02
 -17.705  0.1012E-01  0.1261E-02
 -17.695  0.1093E-01  0.1371E-02
 -17.685  0.1179E-01  0.1489E-02
 -17.675  0.1272E-01  0.1616E-02
 -17.665  0.1371E-01  0.1753E-02
 -17.655  0.1477E-01  0.1901E-02
 -17.645  0.1590E-01  0.2060E-02
 -17.635  0.1711E-01  0.2231E-02
 -17.625  0.1840E-01  0.2415E-02
 -17.615  0.1978E-01  0.2613E-02
 -17.605  0.2125E-01  0.2825E-02
 -17.595  0.2281E-01  0.3053E-02
 -17.585  0.2448E-01  0.3298E-02
 -17.575  0.2625E-01  0.3560E-02
 -17.565  0.2814E-01  0.3842E-02
 -17.555  0.3014E-01  0.4143E-02
 -17.545  0.3227E-01  0.4466E-02
 -17.535  0.3453E-01  0.4811E-02
 -17.525  0.3693E-01  0.5181E-02
 -17.515  0.3947E-01  0.5575E-02
 -17.505  0.4217E-01  0.5997E-02
 -17.495  0.4502E-01  0.6447E-02
 -17.485  0.4804E-01  0.6928E-02
 -17.475  0.5123E-01  0.7440E-02
 -17.465  0.5460E-01  0.7986E-02
 -17.455  0.5817E-01  0.8568E-02
 -17.445  0.6193E-01  0.9187E-02
 -17.435  0.6590E-01  0.9846E-02
 -17.425  0.7008E-01  0.1055E-01
 -17.415  0.7449E-01  0.1129E-01
 -17.405  0.7914E-01  0.1208E-01
 -17.395  0.8402E-01  0.1292E-01
 -17.385  0.8916E-01  0.1381E-01
 -17.375  0.9457E-01  0.1476E-01
 -17.365  0.1002E+00  0.1576E-01
 -17.355  0.1062E+00  0.1682E-01
 -17.345  0.1125E+00  0.1795E-01
 -17.335  0.1190E+00  0.1914E-01
 -17.325  0.1259E+00  0.2040E-01
 -17.315  0.1331E+00  0.2173E-01
 -17.305  0.1406E+00  0.2313E-01
 -17.295  0.1485E+00  0.2462E-01
 -17.285  0.1567E+00  0.2619E-01
 -17.275  0.1653E+00  0.2784E-01
 -17.265  0.1743E+00  0.2958E-01
 -17.255  0.1836E+00  0.3142E-01
 -17.245  0.1934E+00  0.3335E-01
 -17.235  0.2036E+00  0.3539E-01
 -17.225  0.2142E+00  0.3753E-01
 -17.215  0.2252E+00  0.3978E-01
 -17.205  0.2367E+00  0.4215E-01
 -17.195  0.2486E+00  0.4464E-01
 -17.185  0.2610E+00  0.4724E-01
 -17.175  0.2738E+00  0.4998E-01
 -17.165  0.2872E+00  0.5286E-01
 -17.155  0.3010E+00  0.5587E-01
 -17.145  0.3154E+00  0.5902E-01
 -17.135  0.3302E+00  0.6232E-01
 -17.125  0.3456E+00  0.6578E-01
 -17.115  0.3615E+00  0.6939E-01
 -17.105  0.3779E+00  0.7317E-01
 -17.095  0.3948E+00  0.7712E-01
 -17.085  0.4124E+00  0.8124E-01
 -17.075  0.4304E+00  0.8555E-01
 -17.065  0.4491E+00  0.9004E-01
 -17.055  0.4683E+00  0.9472E-01
 -17.045  0.4880E+00  0.9960E-01
 -17.035  0.5084E+00  0.1047E+00
 -17.025  0.5293E+00  0.1100E+00
 -17.015  0.5508E+00  0.1155E+00
 -17.005  0.5728E+00  0.1212E+00
 -16.995  0.5955E+00  0.1272E+00
 -16.985  0.6187E+00  0.1334E+00
 -16.975  0.6426E+00  0.1398E+00
 -16.965  0.6670E+00  0.1464E+00
 -16.955  0.6920E+00  0.1534E+00
 -16.945  0.7175E+00  0.1605E+00
 -16.935  0.7437E+00  0.1680E+00
 -16.925  0.7704E+00  0.1757E+00
 -16.915  0.7976E+00  0.1837E+00
 -16.905  0.8255E+00  0.1919E+00
 -16.895  0.8538E+00  0.2005E+00
 -16.885  0.8827E+00  0.2093E+00
 -16.875  0.9122E+00  0.2184E+00
 -16.865  0.9422E+00  0.2278E+00
 -16.855  0.9726E+00  0.2376E+00
 -16.845  0.1004E+01  0.2476E+00
 -16.835  0.1035E+01  0.2579E+00
 -16.825  0.1067E+01  0.2686E+00
 -16.815  0.1099E+01  0.2796E+00
 -16.805  0.1132E+01  0.2909E+00
 -16.795  0.1165E+01  0.3026E+00
 -16.785  0.1199E+01  0.3146E+00
 -16.775  0.1233E+01  0.3269E+00
 -16.765  0.1268E+01  0.3396E+00
 -16.755  0.1302E+01  0.3526E+00
 -16.745  0.1337E+01  0.3660E+00
 -16.735  0.1373E+01  0.3797E+00
 -16.725  0.1409E+01  0.3938E+00
 -16.715  0.1445E+01  0.4082E+00
 -16.705  0.1481E+01  0.4230E+00
 -16.695  0.1517E+01  0.4382E+00
 -16.685  0.1554E+01  0.4538E+00
 -16.675  0.1590E+01  0.4697E+00
 -16.665  0.1627E+01  0.4859E+00
 -16.655  0.1664E+01  0.5026E+00
 -16.645  0.1701E+01  0.5196E+00
 -16.635  0.1739E+01  0.5370E+00
 -16.625  0.1776E+01  0.5547E+00
 -16.615  0.1813E+01  0.5729E+00
 -16.605  0.1850E+01  0.5914E+00
 -16.595  0.1887E+01  0.6102E+00
 -16.585  0.1924E+01  0.6295E+00
 -16.575  0.1961E+01  0.6491E+00
 -16.565  0.1998E+01  0.6691E+00
 -16.555  0.2034E+01  0.6894E+00
 -16.545  0.2071E+01  0.7101E+00
 -16.535  0.2107E+01  0.7312E+00
 -16.525  0.2143E+01  0.7526E+00
 -16.515  0.2179E+01  0.7744E+00
 -16.505  0.2214E+01  0.7965E+00
 -16.495  0.2249E+01  0.8190E+00
 -16.485  0.2284E+01  0.8419E+00
 -16.475  0.2318E+01  0.8650E+00
 -16.465  0.2352E+01  0.8886E+00
 -16.455  0.2386E+01  0.9124E+00
 -16.445  0.2419E+01  0.9366E+00
 -16.435  0.2451E+01  0.9611E+00
 -16.425  0.2483E+01  0.9860E+00
 -16.415  0.2515E+01  0.1011E+01
 -16.405  0.2546E+01  0.1037E+01
 -16.395  0.2577E+01  0.1062E+01
 -16.385  0.2607E+01  0.1088E+01
 -16.375  0.2636E+01  0.1115E+01
 -16.365  0.2665E+01  0.1141E+01
 -16.355  0.2693E+01  0.1168E+01
 -16.345  0.2721E+01  0.1196E+01
 -16.335  0.2747E+01  0.1223E+01
 -16.325  0.2774E+01  0.1251E+01
 -16.315  0.2799E+01  0.1279E+01
 -16.305  0.2824E+01  0.1307E+01
 -16.295  0.2849E+01  0.1335E+01
 -16.285  0.2872E+01  0.1364E+01
 -16.275  0.2895E+01  0.1393E+01
 -16.265  0.2917E+01  0.1422E+01
 -16.255  0.2939E+01  0.1452E+01
 -16.245  0.2960E+01  0.1481E+01
 -16.235  0.2980E+01  0.1511E+01
 -16.225  0.2999E+01  0.1541E+01
 -16.215  0.3018E+01  0.1571E+01
 -16.205  0.3036E+01  0.1602E+01
 -16.195  0.3053E+01  0.1632E+01
 -16.185  0.3069E+01  0.1663E+01
 -16.175  0.3085E+01  0.1694E+01
 -16.165  0.3101E+01  0.1725E+01
 -16.155  0.3115E+01  0.1756E+01
 -16.145  0.3129E+01  0.1787E+01
 -16.135  0.3142E+01  0.1819E+01
 -16.125  0.3155E+01  0.1850E+01
 -16.115  0.3166E+01  0.1882E+01
 -16.105  0.3178E+01  0.1914E+01
 -16.095  0.3188E+01  0.1945E+01
 -16.085  0.3198E+01  0.1977E+01
 -16.075  0.3208E+01  0.2009E+01
 -16.065  0.3216E+01  0.2042E+01
 -16.055  0.3225E+01  0.2074E+01
 -16.045  0.3232E+01  0.2106E+01
 -16.035  0.3239E+01  0.2139E+01
 -16.025  0.3246E+01  0.2171E+01
 -16.015  0.3252E+01  0.2204E+01
 -16.005  0.3258E+01  0.2236E+01
 -15.995  0.3263E+01  0.2269E+01
 -15.985  0.3267E+01  0.2301E+01
 -15.975  0.3272E+01  0.2334E+01
 -15.965  0.3276E+01  0.2367E+01
 -15.955  0.3279E+01  0.2400E+01
 -15.945  0.3282E+01  0.2433E+01
 -15.935  0.3285E+01  0.2465E+01
 -15.925  0.3287E+01  0.2498E+01
 -15.915  0.3289E+01  0.2531E+01
 -15.905  0.3291E+01  0.2564E+01
 -15.895  0.3293E+01  0.2597E+01
 -15.885  0.3294E+01  0.2630E+01
 -15.875  0.3295E+01  0.2663E+01
 -15.865  0.3296E+01  0.2696E+01
 -15.855  0.3297E+01  0.2729E+01
 -15.845  0.3298E+01  0.2762E+01
 -15.835  0.3299E+01  0.2795E+01
 -15.825  0.3299E+01  0.2828E+01
 -15.815  0.3300E+01  0.2861E+01
 -15.805  0.3300E+01  0.2894E+01
 -15.795  0.3301E+01  0.2927E+01
 -15.785  0.3301E+01  0.2960E+01
 -15.775  0.3302E+01  0.2993E+01
 -15.765  0.3303E+01  0.3026E+01
 -15.755  0.3303E+01  0.3059E+01
 -15.745  0.3304E+01  0.3092E+01
 -15.735  0.3306E+01  0.3125E+01
 -15.725  0.3307E+01  0.3158E+01
 -15.715  0.3309E+01  0.3191E+01
 -15.705  0.3311E+01  0.3224E+01
 -15.695  0.3313E+01  0.3257E+01
 -15.685  0.3316E+01  0.3291E+01
 -15.675  0.3319E+01  0.3324E+01
 -15.665  0.3322E+01  0.3357E+01
 -15.655  0.3326E+01  0.3390E+01
 -15.645  0.3331E+01  0.3424E+01
 -15.635  0.3336E+01  0.3457E+01
 -15.625  0.3341E+01  0.3490E+01
 -15.615  0.3347E+01  0.3524E+01
 -15.605  0.3354E+01  0.3557E+01
 -15.595  0.3361E+01  0.3591E+01
 -15.585  0.3369E+01  0.3625E+01
 -15.575  0.3378E+01  0.3658E+01
 -15.565  0.3387E+01  0.3692E+01
 -15.555  0.3397E+01  0.3726E+01
 -15.545  0.3409E+01  0.3760E+01
 -15.535  0.3420E+01  0.3795E+01
 -15.525  0.3433E+01  0.3829E+01
 -15.515  0.3447E+01  0.3863E+01
 -15.505  0.3462E+01  0.3898E+01
 -15.495  0.3477E+01  0.3933E+01
 -15.485  0.3494E+01  0.3968E+01
 -15.475  0.3512E+01  0.4003E+01
 -15.465  0.3530E+01  0.4038E+01
 -15.455  0.3550E+01  0.4074E+01
 -15.445  0.3571E+01  0.4109E+01
 -15.435  0.3593E+01  0.4145E+01
 -15.425  0.3617E+01  0.4181E+01
 -15.415  0.3641E+01  0.4218E+01
 -15.405  0.3667E+01  0.4254E+01
 -15.395  0.3694E+01  0.4291E+01
 -15.385  0.3722E+01  0.4329E+01
 -15.375  0.3752E+01  0.4366E+01
 -15.365  0.3783E+01  0.4404E+01
 -15.355  0.3815E+01  0.4442E+01
 -15.345  0.3849E+01  0.4481E+01
 -15.335  0.3884E+01  0.4519E+01
 -15.325  0.3920E+01  0.4559E+01
 -15.315  0.3957E+01  0.4598E+01
 -15.305  0.3996E+01  0.4638E+01
 -15.295  0.4037E+01  0.4679E+01
 -15.285  0.4079E+01  0.4719E+01
 -15.275  0.4122E+01  0.4761E+01
 -15.265  0.4166E+01  0.4802E+01
 -15.255  0.4212E+01  0.4844E+01
 -15.245  0.4260E+01  0.4887E+01
 -15.235  0.4308E+01  0.4930E+01
 -15.225  0.4358E+01  0.4974E+01
 -15.215  0.4409E+01  0.5018E+01
 -15.205  0.4462E+01  0.5062E+01
 -15.195  0.4516E+01  0.5107E+01
 -15.185  0.4571E+01  0.5153E+01
 -15.175  0.4627E+01  0.5199E+01
 -15.165  0.4684E+01  0.5246E+01
 -15.155  0.4743E+01  0.5294E+01
 -15.145  0.4802E+01  0.5342E+01
 -15.135  0.4863E+01  0.5390E+01
 -15.125  0.4924E+01  0.5440E+01
 -15.115  0.4987E+01  0.5489E+01
 -15.105  0.5050E+01  0.5540E+01
 -15.095  0.5114E+01  0.5591E+01
 -15.085  0.5178E+01  0.5643E+01
 -15.075  0.5244E+01  0.5695E+01
 -15.065  0.5309E+01  0.5748E+01
 -15.055  0.5376E+01  0.5802E+01
 -15.045  0.5442E+01  0.5857E+01
 -15.035  0.5509E+01  0.5912E+01
 -15.025  0.5576E+01  0.5967E+01
 -15.015  0.5643E+01  0.6024E+01
 -15.005  0.5711E+01  0.6081E+01
 -14.995  0.5778E+01  0.6139E+01
 -14.985  0.5844E+01  0.6197E+01
 -14.975  0.5911E+01  0.6256E+01
 -14.965  0.5977E+01  0.6316E+01
 -14.955  0.6042E+01  0.6377E+01
 -14.945  0.6107E+01  0.6438E+01
 -14.935  0.6171E+01  0.6499E+01
 -14.925  0.6234E+01  0.6562E+01
 -14.915  0.6297E+01  0.6625E+01
 -14.905  0.6357E+01  0.6688E+01
 -14.895  0.6417E+01  0.6752E+01
 -14.885  0.6475E+01  0.6817E+01
 -14.875  0.6532E+01  0.6882E+01
 -14.865  0.6587E+01  0.6948E+01
 -14.855  0.6640E+01  0.7015E+01
 -14.845  0.6692E+01  0.7082E+01
 -14.835  0.6741E+01  0.7149E+01
 -14.825  0.6788E+01  0.7217E+01
 -14.815  0.6833E+01  0.7285E+01
 -14.805  0.6876E+01  0.7354E+01
 -14.795  0.6916E+01  0.7423E+01
 -14.785  0.6953E+01  0.7493E+01
 -14.775  0.6988E+01  0.7563E+01
 -14.765  0.7020E+01  0.7633E+01
 -14.755  0.7049E+01  0.7703E+01
 -14.745  0.7075E+01  0.7774E+01
 -14.735  0.7098E+01  0.7845E+01
 -14.725  0.7118E+01  0.7916E+01
 -14.715  0.7134E+01  0.7987E+01
 -14.705  0.7147E+01  0.8059E+01
 -14.695  0.7157E+01  0.8131E+01
 -14.685  0.7163E+01  0.8202E+01
 -14.675  0.7166E+01  0.8274E+01
 -14.665  0.7165E+01  0.8345E+01
 -14.655  0.7161E+01  0.8417E+01
 -14.645  0.7153E+01  0.8489E+01
 -14.635  0.7141E+01  0.8560E+01
 -14.625  0.7126E+01  0.8631E+01
 -14.615  0.7107E+01  0.8702E+01
 -14.605  0.7084E+01  0.8773E+01
 -14.595  0.7058E+01  0.8844E+01
 -14.585  0.7028E+01  0.8914E+01
 -14.575  0.6994E+01  0.8984E+01
 -14.565  0.6956E+01  0.9054E+01
 -14.555  0.6915E+01  0.9123E+01
 -14.545  0.6870E+01  0.9191E+01
 -14.535  0.6822E+01  0.9260E+01
 -14.525  0.6770E+01  0.9327E+01
 -14.515  0.6715E+01  0.9394E+01
 -14.505  0.6657E+01  0.9461E+01
 -14.495  0.6595E+01  0.9527E+01
 -14.485  0.6530E+01  0.9592E+01
 -14.475  0.6462E+01  0.9657E+01
 -14.465  0.6390E+01  0.9721E+01
 -14.455  0.6316E+01  0.9784E+01
 -14.445  0.6239E+01  0.9846E+01
 -14.435  0.6160E+01  0.9908E+01
 -14.425  0.6077E+01  0.9969E+01
 -14.415  0.5993E+01  0.1003E+02
 -14.405  0.5905E+01  0.1009E+02
 -14.395  0.5816E+01  0.1015E+02
 -14.385  0.5725E+01  0.1020E+02
 -14.375  0.5631E+01  0.1026E+02
 -14.365  0.5536E+01  0.1031E+02
 -14.355  0.5439E+01  0.1037E+02
 -14.345  0.5340E+01  0.1042E+02
 -14.335  0.5240E+01  0.1047E+02
 -14.325  0.5138E+01  0.1053E+02
 -14.315  0.5036E+01  0.1058E+02
 -14.305  0.4932E+01  0.1063E+02
 -14.295  0.4828E+01  0.1067E+02
 -14.285  0.4723E+01  0.1072E+02
 -14.275  0.4617E+01  0.1077E+02
 -14.265  0.4511E+01  0.1081E+02
 -14.255  0.4404E+01  0.1086E+02
 -14.245  0.4297E+01  0.1090E+02
 -14.235  0.4190E+01  0.1094E+02
 -14.225  0.4084E+01  0.1098E+02
 -14.215  0.3977E+01  0.1102E+02
 -14.205  0.3871E+01  0.1106E+02
 -14.195  0.3765E+01  0.1110E+02
 -14.185  0.3660E+01  0.1114E+02
 -14.175  0.3555E+01  0.1117E+02
 -14.165  0.3451E+01  0.1121E+02
 -14.155  0.3348E+01  0.1124E+02
 -14.145  0.3246E+01  0.1127E+02
 -14.135  0.3145E+01  0.1130E+02
 -14.125  0.3046E+01  0.1133E+02
 -14.115  0.2947E+01  0.1136E+02
 -14.105  0.2850E+01  0.1139E+02
 -14.095  0.2755E+01  0.1142E+02
 -14.085  0.2660E+01  0.1145E+02
 -14.075  0.2568E+01  0.1147E+02
 -14.065  0.2477E+01  0.1150E+02
 -14.055  0.2387E+01  0.1152E+02
 -14.045  0.2300E+01  0.1154E+02
 -14.035  0.2214E+01  0.1156E+02
 -14.025  0.2130E+01  0.1159E+02
 -14.015  0.2048E+01  0.1161E+02
 -14.005  0.1968E+01  0.1163E+02
 -13.995  0.1889E+01  0.1165E+02
 -13.985  0.1813E+01  0.1166E+02
 -13.975  0.1738E+01  0.1168E+02
 -13.965  0.1666E+01  0.1170E+02
 -13.955  0.1595E+01  0.1171E+02
 -13.945  0.1527E+01  0.1173E+02
 -13.935  0.1460E+01  0.1174E+02
 -13.925  0.1396E+01  0.1176E+02
 -13.915  0.1333E+01  0.1177E+02
 -13.905  0.1272E+01  0.1178E+02
 -13.895  0.1214E+01  0.1180E+02
 -13.885  0.1157E+01  0.1181E+02
 -13.875  0.1102E+01  0.1182E+02
 -13.865  0.1049E+01  0.1183E+02
 -13.855  0.9983E+00  0.1184E+02
 -13.845  0.9491E+00  0.1185E+02
 -13.835  0.9018E+00  0.1186E+02
 -13.825  0.8562E+00  0.1187E+02
 -13.815  0.8125E+00  0.1187E+02
 -13.805  0.7704E+00  0.1188E+02
 -13.795  0.7301E+00  0.1189E+02
 -13.785  0.6914E+00  0.1190E+02
 -13.775  0.6543E+00  0.1190E+02
 -13.765  0.6188E+00  0.1191E+02
 -13.755  0.5848E+00  0.1191E+02
 -13.745  0.5524E+00  0.1192E+02
 -13.735  0.5214E+00  0.1192E+02
 -13.725  0.4918E+00  0.1193E+02
 -13.715  0.4636E+00  0.1193E+02
 -13.705  0.4367E+00  0.1194E+02
 -13.695  0.4111E+00  0.1194E+02
 -13.685  0.3867E+00  0.1195E+02
 -13.675  0.3636E+00  0.1195E+02
 -13.665  0.3416E+00  0.1195E+02
 -13.655  0.3207E+00  0.1196E+02
 -13.645  0.3009E+00  0.1196E+02
 -13.635  0.2821E+00  0.1196E+02
 -13.625  0.2643E+00  0.1197E+02
 -13.615  0.2475E+00  0.1197E+02
 -13.605  0.2316E+00  0.1197E+02
 -13.595  0.2166E+00  0.1197E+02
 -13.585  0.2024E+00  0.1197E+02
 -13.575  0.1890E+00  0.1198E+02
 -13.565  0.1764E+00  0.1198E+02
 -13.555  0.1645E+00  0.1198E+02
 -13.545  0.1534E+00  0.1198E+02
 -13.535  0.1428E+00  0.1198E+02
 -13.525  0.1330E+00  0.1198E+02
 -13.515  0.1237E+00  0.1199E+02
 -13.505  0.1150E+00  0.1199E+02
 -13.495  0.1068E+00  0.1199E+02
 -13.485  0.9913E-01  0.1199E+02
 -13.475  0.9197E-01  0.1199E+02
 -13.465  0.8526E-01  0.1199E+02
 -13.455  0.7899E-01  0.1199E+02
 -13.445  0.7313E-01  0.1199E+02
 -13.435  0.6766E-01  0.1199E+02
 -13.425  0.6256E-01  0.1199E+02
 -13.415  0.5781E-01  0.1199E+02
 -13.405  0.5338E-01  0.1199E+02
 -13.395  0.4926E-01  0.1199E+02
 -13.385  0.4542E-01  0.1200E+02
 -13.375  0.4186E-01  0.1200E+02
 -13.365  0.3855E-01  0.1200E+02
 -13.355  0.3547E-01  0.1200E+02
 -13.345  0.3262E-01  0.1200E+02
 -13.335  0.2998E-01  0.1200E+02
 -13.325  0.2754E-01  0.1200E+02
 -13.315  0.2528E-01  0.1200E+02
 -13.305  0.2319E-01  0.1200E+02
 -13.295  0.2125E-01  0.1200E+02
 -13.285  0.1947E-01  0.1200E+02
 -13.275  0.1782E-01  0.1200E+02
 -13.265  0.1630E-01  0.1200E+02
 -13.255  0.1490E-01  0.1200E+02
 -13.245  0.1361E-01  0.1200E+02
 -13.235  0.1243E-01  0.1200E+02
 -13.225  0.1134E-01  0.1200E+02
 -13.215  0.1034E-01  0.1200E+02
 -13.205  0.9420E-02  0.1200E+02
 -13.195  0.8577E-02  0.1200E+02
 -13.185  0.7804E-02  0.1200E+02
 -13.175  0.7096E-02  0.1200E+02
 -13.165  0.6448E-02  0.1200E+02
 -13.155  0.5856E-02  0.1200E+02
 -13.145  0.5314E-02  0.1200E+02
 -13.135  0.4819E-02  0.1200E+02
 -13.125  0.4367E-02  0.1200E+02
 -13.115  0.3955E-02  0.1200E+02
 -13.105  0.3580E-02  0.1200E+02
 -13.095  0.3238E-02  0.1200E+02
 -13.085  0.2926E-02  0.1200E+02
 -13.075  0.2643E-02  0.1200E+02
 -13.065  0.2386E-02  0.1200E+02
 -13.055  0.2152E-02  0.1200E+02
 -13.045  0.1940E-02  0.1200E+02
 -13.035  0.1748E-02  0.1200E+02
 -13.025  0.1573E-02  0.1200E+02
 -13.015  0.1415E-02  0.1200E+02
 -13.005  0.1272E-02  0.1200E+02
 -12.995  0.1143E-02  0.1200E+02
 -12.985  0.1026E-02  0.1200E+02
 -12.975  0.9208E-03  0.1200E+02
 -12.965  0.8256E-03  0.1200E+02
 -12.955  0.7398E-03  0.1200E+02
 -12.945  0.6624E-03  0.1200E+02
 -12.935  0.5927E-03  0.1200E+02
 -12.925  0.5300E-03  0.1200E+02
 -12.915  0.4737E-03  0.1200E+02
 -12.905  0.4230E-03  0.1200E+02
 -12.895  0.3775E-03  0.1200E+02
 -12.885  0.3366E-03  0.1200E+02
 -12.875  0.3000E-03  0.1200E+02
 -12.865  0.2672E-03  0.1200E+02
 -12.855  0.2378E-03  0.1200E+02
 -12.845  0.2115E-03  0.1200E+02
 -12.835  0.1880E-03  0.1200E+02
 -12.825  0.1670E-03  0.1200E+02
 -12.815  0.1482E-03  0.1200E+02
 -12.805  0.1315E-03  0.1200E+02
 -12.795  0.1166E-03  0.1200E+02
 -12.785  0.1033E-03  0.1200E+02
 -12.775  0.9142E-04  0.1200E+02
 -12.765  0.8088E-04  0.1200E+02
 -12.755  0.7151E-04  0.1200E+02
 -12.745  0.6318E-04  0.1200E+02
 -12.735  0.5578E-04  0.1200E+02
 -12.725  0.4922E-04  0.1200E+02
 -12.715  0.4339E-04  0.1200E+02
 -12.705  0.3824E-04  0.1200E+02
 -12.695  0.3367E-04  0.1200E+02
 -12.685  0.2963E-04  0.1200E+02
 -12.675  0.2605E-04  0.1200E+02
 -12.665  0.2290E-04  0.1200E+02
 -12.655  0.2011E-04  0.1200E+02
 -12.645  0.1765E-04  0.1200E+02
 -12.635  0.1548E-04  0.1200E+02
 -12.625  0.1356E-04  0.1200E+02
 -12.615  0.1188E-04  0.1200E+02
 -12.605  0.1040E-04  0.1200E+02
 -12.595  0.9094E-05  0.1200E+02
 -12.585  0.7949E-05  0.1200E+02
 -12.575  0.6944E-05  0.1200E+02
 -12.565  0.6061E-05  0.1200E+02
 -12.555  0.5287E-05  0.1200E+02
 -12.545  0.4609E-05  0.1200E+02
 -12.535  0.4015E-05  0.1200E+02
 -12.525  0.3496E-05  0.1200E+02
 -12.515  0.3041E-05  0.1200E+02
 -12.505  0.2644E-05  0.1200E+02
 -12.495  0.2297E-05  0.1200E+02
 -12.485  0.1995E-05  0.1200E+02
 -12.475  0.1731E-05  0.1200E+02
 -12.465  0.1501E-05  0.1200E+02
 -12.455  0.1300E-05  0.1200E+02
 -12.445  0.1126E-05  0.1200E+02
 -12.435  0.9743E-06  0.1200E+02
 -12.425  0.8425E-06  0.1200E+02
 -12.415  0.7281E-06  0.1200E+02
 -12.405  0.6288E-06  0.1200E+02
 -12.395  0.5426E-06  0.1200E+02
 -12.385  0.4680E-06  0.1200E+02
 -12.375  0.4034E-06  0.1200E+02
 -12.365  0.3474E-06  0.1200E+02
 -12.355  0.2990E-06  0.1200E+02
 -12.345  0.2572E-06  0.1200E+02
 -12.335  0.2211E-06  0.1200E+02
 -12.325  0.1899E-06  0.1200E+02
 -12.315  0.1630E-06  0.1200E+02
 -12.305  0.1398E-06  0.1200E+02
 -12.295  0.1199E-06  0.1200E+02
 -12.285  0.1027E-06  0.1200E+02
 -12.275  0.8792E-07  0.1200E+02
 -12.265  0.7522E-07  0.1200E+02
 -12.255  0.6431E-07  0.1200E+02
 -12.245  0.5494E-07  0.1200E+02
 -12.235  0.4691E-07  0.1200E+02
 -12.225  0.4003E-07  0.1200E+02
 -12.215  0.3413E-07  0.1200E+02
 -12.205  0.2908E-07  0.1200E+02
 -12.195  0.2476E-07  0.1200E+02
 -12.185  0.2107E-07  0.1200E+02
 -12.175  0.1792E-07  0.1200E+02
 -12.165  0.1523E-07  0.1200E+02
 -12.155  0.1293E-07  0.1200E+02
 -12.145  0.1098E-07  0.1200E+02
 -12.135  0.9309E-08  0.1200E+02
 -12.125  0.7890E-08  0.1200E+02
 -12.115  0.6682E-08  0.1200E+02
 -12.105  0.5656E-08  0.1200E+02
 -12.095  0.4784E-08  0.1200E+02
 -12.085  0.4044E-08  0.1200E+02
 -12.075  0.3416E-08  0.1200E+02
 -12.065  0.2883E-08  0.1200E+02
 -12.055  0.2432E-08  0.1200E+02
 -12.045  0.2050E-08  0.1200E+02
 -12.035  0.1727E-08  0.1200E+02
 -12.025  0.1454E-08  0.1200E+02
 -12.015  0.1223E-08  0.1200E+02
 -12.005  0.1029E-08  0.1200E+02
 -11.995  0.8642E-09  0.1200E+02
 -11.985  0.7256E-09  0.1200E+02
 -11.975  0.6088E-09  0.1200E+02
 -11.965  0.5105E-09  0.1200E+02
 -11.955  0.4278E-09  0.1200E+02
 -11.945  0.3582E-09  0.1200E+02
 -11.935  0.2997E-09  0.1200E+02
 -11.925  0.2507E-09  0.1200E+02
 -11.915  0.2095E-09  0.1200E+02
 -11.905  0.1749E-09  0.1200E+02
 -11.895  0.1460E-09  0.1200E+02
 -11.885  0.1218E-09  0.1200E+02
 -11.875  0.1015E-09  0.1200E+02
 -11.865  0.8452E-10  0.1200E+02
 -11.855  0.7035E-10  0.1200E+02
 -11.845  0.5851E-10  0.1200E+02
 -11.835  0.4864E-10  0.1200E+02
 -11.825  0.4040E-10  0.1200E+02
 -11.815  0.3354E-10  0.1200E+02
 -11.805  0.2782E-10  0.1200E+02
 -11.795  0.2306E-10  0.1200E+02
 -11.785  0.1911E-10  0.1200E+02
 -11.775  0.1582E-10  0.1200E+02
 -11.765  0.1309E-10  0.1200E+02
 -11.755  0.1082E-10  0.1200E+02
 -11.745  0.8938E-11  0.1200E+02
 -11.735  0.7380E-11  0.1200E+02
 -11.725  0.6089E-11  0.1200E+02
 -11.715  0.5021E-11  0.1200E+02
 -11.705  0.4137E-11  0.1200E+02
 -11.695  0.3407E-11  0.1200E+02
 -11.685  0.2803E-11  0.1200E+02
 -11.675  0.2305E-11  0.1200E+02
 -11.665  0.1894E-11  0.1200E+02
 -11.655  0.1556E-11  0.1200E+02
 -11.645  0.1277E-11  0.1200E+02
 -11.635  0.1047E-11  0.1200E+02
 -11.625  0.8582E-12  0.1200E+02
 -11.615  0.7029E-12  0.1200E+02
 -11.605  0.5753E-12  0.1200E+02
 -11.595  0.4706E-12  0.1200E+02
 -11.585  0.3846E-12  0.1200E+02
 -11.575  0.3142E-12  0.1200E+02
 -11.565  0.2565E-12  0.1200E+02
 -11.555  0.2092E-12  0.1200E+02
 -11.545  0.1706E-12  0.1200E+02
 -11.535  0.1389E-12  0.1200E+02
 -11.525  0.1131E-12  0.1200E+02
 -11.515  0.9202E-13  0.1200E+02
 -11.505  0.7481E-13  0.1200E+02
 -11.495  0.6078E-13  0.1200E+02
 -11.485  0.4935E-13  0.1200E+02
 -11.475  0.4004E-13  0.1200E+02
 -11.465  0.3247E-13  0.1200E+02
 -11.455  0.2631E-13  0.1200E+02
 -11.445  0.2130E-13  0.1200E+02
 -11.435  0.1724E-13  0.1200E+02
 -11.425  0.1394E-13  0.1200E+02
 -11.415  0.1126E-13  0.1200E+02
 -11.405  0.9097E-14  0.1200E+02
 -11.395  0.7342E-14  0.1200E+02
 -11.385  0.5921E-14  0.1200E+02
 -11.375  0.4772E-14  0.1200E+02
 -11.365  0.3843E-14  0.1200E+02
 -11.355  0.3093E-14  0.1200E+02
 -11.345  0.2488E-14  0.1200E+02
 -11.335  0.2000E-14  0.1200E+02
 -11.325  0.1606E-14  0.1200E+02
 -11.315  0.1289E-14  0.1200E+02
 -11.305  0.1034E-14  0.1200E+02
 -11.295  0.8292E-15  0.1200E+02
 -11.285  0.6643E-15  0.1200E+02
 -11.275  0.5318E-15  0.1200E+02
 -11.265  0.4254E-15  0.1200E+02
 -11.255  0.3401E-15  0.1200E+02
 -11.245  0.2717E-15  0.1200E+02
 -11.235  0.2170E-15  0.1200E+02
 -11.225  0.1731E-15  0.1200E+02
 -11.215  0.1380E-15  0.1200E+02
 -11.205  0.1100E-15  0.1200E+02
 -11.195  0.8757E-16  0.1200E+02
 -11.185  0.6968E-16  0.1200E+02
 -11.175  0.5541E-16  0.1200E+02
 -11.165  0.4403E-16  0.1200E+02
 -11.155  0.3497E-16  0.1200E+02
 -11.145  0.2775E-16  0.1200E+02
 -11.135  0.2201E-16  0.1200E+02
 -11.125  0.1744E-16  0.1200E+02
 -11.115  0.1381E-16  0.1200E+02
 -11.105  0.1093E-16  0.1200E+02
 -11.095  0.8648E-17  0.1200E+02
 -11.085  0.6835E-17  0.1200E+02
 -11.075  0.5399E-17  0.1200E+02
 -11.065  0.4262E-17  0.1200E+02
 -11.055  0.3362E-17  0.1200E+02
 -11.045  0.2650E-17  0.1200E+02
 -11.035  0.2088E-17  0.1200E+02
 -11.025  0.1643E-17  0.1200E+02
 -11.015  0.1293E-17  0.1200E+02
 -11.005  0.1016E-17  0.1200E+02
 -10.995  0.7986E-18  0.1200E+02
 -10.985  0.6270E-18  0.1200E+02
 -10.975  0.4919E-18  0.1200E+02
 -10.965  0.3857E-18  0.1200E+02
 -10.955  0.3022E-18  0.1200E+02
 -10.945  0.2366E-18  0.1200E+02
 -10.935  0.1852E-18  0.1200E+02
 -10.925  0.1448E-18  0.1200E+02
 -10.915  0.1131E-18  0.1200E+02
 -10.905  0.8836E-19  0.1200E+02
 -10.895  0.6895E-19  0.1200E+02
 -10.885  0.5377E-19  0.1200E+02
 -10.875  0.4191E-19  0.1200E+02
 -10.865  0.3264E-19  0.1200E+02
 -10.855  0.2540E-19  0.1200E+02
 -10.845  0.1976E-19  0.1200E+02
 -10.835  0.1536E-19  0.1200E+02
 -10.825  0.1193E-19  0.1200E+02
 -10.815  0.9259E-20  0.1200E+02
 -10.805  0.7182E-20  0.1200E+02
 -10.795  0.5567E-20  0.1200E+02
 -10.785  0.4313E-20  0.1200E+02
 -10.775  0.3339E-20  0.1200E+02
 -10.765  0.2583E-20  0.1200E+02
 -10.755  0.1997E-20  0.1200E+02
 -10.745  0.1543E-20  0.1200E+02
 -10.735  0.1191E-20  0.1200E+02
 -10.725  0.9193E-21  0.1200E+02
 -10.715  0.7091E-21  0.1200E+02
 -10.705  0.5467E-21  0.1200E+02
 -10.695  0.4214E-21  0.1200E+02
 -10.685  0.3249E-21  0.1200E+02
 -10.675  0.2506E-21  0.1200E+02
 -10.665  0.1936E-21  0.1200E+02
 -10.655  0.1500E-21  0.1200E+02
 -10.645  0.1168E-21  0.1200E+02
 -10.635  0.9184E-22  0.1200E+02
 -10.625  0.7330E-22  0.1200E+02
 -10.615  0.5991E-22  0.1200E+02
 -10.605  0.5073E-22  0.1200E+02
 -10.595  0.4512E-22  0.1200E+02
 -10.585  0.4266E-22  0.1200E+02
 -10.575  0.4315E-22  0.1200E+02
 -10.565  0.4658E-22  0.1200E+02
 -10.555  0.5314E-22  0.1200E+02
 -10.545  0.6321E-22  0.1200E+02
 -10.535  0.7742E-22  0.1200E+02
 -10.525  0.9664E-22  0.1200E+02
 -10.515  0.1220E-21  0.1200E+02
 -10.505  0.1552E-21  0.1200E+02
 -10.495  0.1982E-21  0.1200E+02
 -10.485  0.2535E-21  0.1200E+02
 -10.475  0.3247E-21  0.1200E+02
 -10.465  0.4159E-21  0.1200E+02
 -10.455  0.5327E-21  0.1200E+02
 -10.445  0.6821E-21  0.1200E+02
 -10.435  0.8730E-21  0.1200E+02
 -10.425  0.1117E-20  0.1200E+02
 -10.415  0.1428E-20  0.1200E+02
 -10.405  0.1824E-20  0.1200E+02
 -10.395  0.2329E-20  0.1200E+02
 -10.385  0.2971E-20  0.1200E+02
 -10.375  0.3788E-20  0.1200E+02
 -10.365  0.4827E-20  0.1200E+02
 -10.355  0.6146E-20  0.1200E+02
 -10.345  0.7821E-20  0.1200E+02
 -10.335  0.9946E-20  0.1200E+02
 -10.325  0.1264E-19  0.1200E+02
 -10.315  0.1605E-19  0.1200E+02
 -10.305  0.2037E-19  0.1200E+02
 -10.295  0.2583E-19  0.1200E+02
 -10.285  0.3274E-19  0.1200E+02
 -10.275  0.4146E-19  0.1200E+02
 -10.265  0.5248E-19  0.1200E+02
 -10.255  0.6637E-19  0.1200E+02
 -10.245  0.8389E-19  0.1200E+02
 -10.235  0.1060E-18  0.1200E+02
 -10.225  0.1337E-18  0.1200E+02
 -10.215  0.1687E-18  0.1200E+02
 -10.205  0.2127E-18  0.1200E+02
 -10.195  0.2679E-18  0.1200E+02
 -10.185  0.3372E-18  0.1200E+02
 -10.175  0.4242E-18  0.1200E+02
 -10.165  0.5333E-18  0.1200E+02
 -10.155  0.6699E-18  0.1200E+02
 -10.145  0.8411E-18  0.1200E+02
 -10.135  0.1055E-17  0.1200E+02
 -10.125  0.1323E-17  0.1200E+02
 -10.115  0.1658E-17  0.1200E+02
 -10.105  0.2075E-17  0.1200E+02
 -10.095  0.2597E-17  0.1200E+02
 -10.085  0.3247E-17  0.1200E+02
 -10.075  0.4057E-17  0.1200E+02
 -10.065  0.5066E-17  0.1200E+02
 -10.055  0.6321E-17  0.1200E+02
 -10.045  0.7883E-17  0.1200E+02
 -10.035  0.9823E-17  0.1200E+02
 -10.025  0.1223E-16  0.1200E+02
 -10.015  0.1522E-16  0.1200E+02
 -10.005  0.1893E-16  0.1200E+02
  -9.995  0.2353E-16  0.1200E+02
  -9.985  0.2922E-16  0.1200E+02
  -9.975  0.3627E-16  0.1200E+02
  -9.965  0.4498E-16  0.1200E+02
  -9.955  0.5576E-16  0.1200E+02
  -9.945  0.6906E-16  0.1200E+02
  -9.935  0.8548E-16  0.1200E+02
  -9.925  0.1057E-15  0.1200E+02
  -9.915  0.1307E-15  0.1200E+02
  -9.905  0.1615E-15  0.1200E+02
  -9.895  0.1993E-15  0.1200E+02
  -9.885  0.2459E-15  0.1200E+02
  -9.875  0.3031E-15  0.1200E+02
  -9.865  0.3734E-15  0.1200E+02
  -9.855  0.4597E-15  0.1200E+02
  -9.845  0.5656E-15  0.1200E+02
  -9.835  0.6954E-15  0.1200E+02
  -9.825  0.8544E-15  0.1200E+02
  -9.815  0.1049E-14  0.1200E+02
  -9.805  0.1287E-14  0.1200E+02
  -9.795  0.1578E-14  0.1200E+02
  -9.785  0.1934E-14  0.1200E+02
  -9.775  0.2368E-14  0.1200E+02
  -9.765  0.2898E-14  0.1200E+02
  -9.755  0.3544E-14  0.1200E+02
  -9.745  0.4330E-14  0.1200E+02
  -9.735  0.5288E-14  0.1200E+02
  -9.725  0.6454E-14  0.1200E+02
  -9.715  0.7871E-14  0.1200E+02
  -9.705  0.9593E-14  0.1200E+02
  -9.695  0.1168E-13  0.1200E+02
  -9.685  0.1422E-13  0.1200E+02
  -9.675  0.1730E-13  0.1200E+02
  -9.665  0.2102E-13  0.1200E+02
  -9.655  0.2554E-13  0.1200E+02
  -9.645  0.3100E-13  0.1200E+02
  -9.635  0.3760E-13  0.1200E+02
  -9.625  0.4558E-13  0.1200E+02
  -9.615  0.5521E-13  0.1200E+02
  -9.605  0.6684E-13  0.1200E+02
  -9.595  0.8086E-13  0.1200E+02
  -9.585  0.9776E-13  0.1200E+02
  -9.575  0.1181E-12  0.1200E+02
  -9.565  0.1426E-12  0.1200E+02
  -9.555  0.1720E-12  0.1200E+02
  -9.545  0.2074E-12  0.1200E+02
  -9.535  0.2499E-12  0.1200E+02
  -9.525  0.3009E-12  0.1200E+02
  -9.515  0.3621E-12  0.1200E+02
  -9.505  0.4354E-12  0.1200E+02
  -9.495  0.5233E-12  0.1200E+02
  -9.485  0.6284E-12  0.1200E+02
  -9.475  0.7541E-12  0.1200E+02
  -9.465  0.9043E-12  0.1200E+02
  -9.455  0.1084E-11  0.1200E+02
  -9.445  0.1298E-11  0.1200E+02
  -9.435  0.1553E-11  0.1200E+02
  -9.425  0.1858E-11  0.1200E+02
  -9.415  0.2221E-11  0.1200E+02
  -9.405  0.2652E-11  0.1200E+02
  -9.395  0.3166E-11  0.1200E+02
  -9.385  0.3776E-11  0.1200E+02
  -9.375  0.4501E-11  0.1200E+02
  -9.365  0.5362E-11  0.1200E+02
  -9.355  0.6383E-11  0.1200E+02
  -9.345  0.7594E-11  0.1200E+02
  -9.335  0.9028E-11  0.1200E+02
  -9.325  0.1073E-10  0.1200E+02
  -9.315  0.1273E-10  0.1200E+02
  -9.305  0.1511E-10  0.1200E+02
  -9.295  0.1791E-10  0.1200E+02
  -9.285  0.2122E-10  0.1200E+02
  -9.275  0.2513E-10  0.1200E+02
  -9.265  0.2973E-10  0.1200E+02
  -9.255  0.3516E-10  0.1200E+02
  -9.245  0.4155E-10  0.1200E+02
  -9.235  0.4906E-10  0.1200E+02
  -9.225  0.5790E-10  0.1200E+02
  -9.215  0.6828E-10  0.1200E+02
  -9.205  0.8047E-10  0.1200E+02
  -9.195  0.9477E-10  0.1200E+02
  -9.185  0.1115E-09  0.1200E+02
  -9.175  0.1312E-09  0.1200E+02
  -9.165  0.1542E-09  0.1200E+02
  -9.155  0.1811E-09  0.1200E+02
  -9.145  0.2126E-09  0.1200E+02
  -9.135  0.2494E-09  0.1200E+02
  -9.125  0.2923E-09  0.1200E+02
  -9.115  0.3425E-09  0.1200E+02
  -9.105  0.4009E-09  0.1200E+02
  -9.095  0.4690E-09  0.1200E+02
  -9.085  0.5484E-09  0.1200E+02
  -9.075  0.6407E-09  0.1200E+02
  -9.065  0.7480E-09  0.1200E+02
  -9.055  0.8728E-09  0.1200E+02
  -9.045  0.1018E-08  0.1200E+02
  -9.035  0.1186E-08  0.1200E+02
  -9.025  0.1381E-08  0.1200E+02
  -9.015  0.1607E-08  0.1200E+02
  -9.005  0.1869E-08  0.1200E+02
  -8.995  0.2172E-08  0.1200E+02
  -8.985  0.2522E-08  0.1200E+02
  -8.975  0.2927E-08  0.1200E+02
  -8.965  0.3395E-08  0.1200E+02
  -8.955  0.3935E-08  0.1200E+02
  -8.945  0.4558E-08  0.1200E+02
  -8.935  0.5275E-08  0.1200E+02
  -8.925  0.6102E-08  0.1200E+02
  -8.915  0.7054E-08  0.1200E+02
  -8.905  0.8149E-08  0.1200E+02
  -8.895  0.9408E-08  0.1200E+02
  -8.885  0.1085E-07  0.1200E+02
  -8.875  0.1251E-07  0.1200E+02
  -8.865  0.1442E-07  0.1200E+02
  -8.855  0.1660E-07  0.1200E+02
  -8.845  0.1910E-07  0.1200E+02
  -8.835  0.2196E-07  0.1200E+02
  -8.825  0.2524E-07  0.1200E+02
  -8.815  0.2898E-07  0.1200E+02
  -8.805  0.3326E-07  0.1200E+02
  -8.795  0.3815E-07  0.1200E+02
  -8.785  0.4372E-07  0.1200E+02
  -8.775  0.5008E-07  0.1200E+02
  -8.765  0.5732E-07  0.1200E+02
  -8.755  0.6556E-07  0.1200E+02
  -8.745  0.7494E-07  0.1200E+02
  -8.735  0.8561E-07  0.1200E+02
  -8.725  0.9773E-07  0.1200E+02
  -8.715  0.1115E-06  0.1200E+02
  -8.705  0.1271E-06  0.1200E+02
  -8.695  0.1448E-06  0.1200E+02
  -8.685  0.1649E-06  0.1200E+02
  -8.675  0.1876E-06  0.1200E+02
  -8.665  0.2134E-06  0.1200E+02
  -8.655  0.2425E-06  0.1200E+02
  -8.645  0.2754E-06  0.1200E+02
  -8.635  0.3125E-06  0.1200E+02
  -8.625  0.3545E-06  0.1200E+02
  -8.615  0.4018E-06  0.1200E+02
  -8.605  0.4551E-06  0.1200E+02
  -8.595  0.5151E-06  0.1200E+02
  -8.585  0.5827E-06  0.1200E+02
  -8.575  0.6588E-06  0.1200E+02
  -8.565  0.7443E-06  0.1200E+02
  -8.555  0.8403E-06  0.1200E+02
  -8.545  0.9481E-06  0.1200E+02
  -8.535  0.1069E-05  0.1200E+02
  -8.525  0.1205E-05  0.1200E+02
  -8.515  0.1357E-05  0.1200E+02
  -8.505  0.1527E-05  0.1200E+02
  -8.495  0.1717E-05  0.1200E+02
  -8.485  0.1930E-05  0.1200E+02
  -8.475  0.2168E-05  0.1200E+02
  -8.465  0.2434E-05  0.1200E+02
  -8.455  0.2730E-05  0.1200E+02
  -8.445  0.3061E-05  0.1200E+02
  -8.435  0.3429E-05  0.1200E+02
  -8.425  0.3840E-05  0.1200E+02
  -8.415  0.4297E-05  0.1200E+02
  -8.405  0.4805E-05  0.1200E+02
  -8.395  0.5370E-05  0.1200E+02
  -8.385  0.5997E-05  0.1200E+02
  -8.375  0.6694E-05  0.1200E+02
  -8.365  0.7467E-05  0.1200E+02
  -8.355  0.8324E-05  0.1200E+02
  -8.345  0.9273E-05  0.1200E+02
  -8.335  0.1032E-04  0.1200E+02
  -8.325  0.1149E-04  0.1200E+02
  -8.315  0.1277E-04  0.1200E+02
  -8.305  0.1420E-04  0.1200E+02
  -8.295  0.1577E-04  0.1200E+02
  -8.285  0.1750E-04  0.1200E+02
  -8.275  0.1941E-04  0.1200E+02
  -8.265  0.2152E-04  0.1200E+02
  -8.255  0.2384E-04  0.1200E+02
  -8.245  0.2639E-04  0.1200E+02
  -8.235  0.2920E-04  0.1200E+02
  -8.225  0.3229E-04  0.1200E+02
  -8.215  0.3569E-04  0.1200E+02
  -8.205  0.3942E-04  0.1200E+02
  -8.195  0.4351E-04  0.1200E+02
  -8.185  0.4800E-04  0.1200E+02
  -8.175  0.5291E-04  0.1200E+02
  -8.165  0.5830E-04  0.1200E+02
  -8.155  0.6420E-04  0.1200E+02
  -8.145  0.7065E-04  0.1200E+02
  -8.135  0.7770E-04  0.1200E+02
  -8.125  0.8541E-04  0.1200E+02
  -8.115  0.9382E-04  0.1200E+02
  -8.105  0.1030E-03  0.1200E+02
  -8.095  0.1130E-03  0.1200E+02
  -8.085  0.1239E-03  0.1200E+02
  -8.075  0.1358E-03  0.1200E+02
  -8.065  0.1488E-03  0.1200E+02
  -8.055  0.1629E-03  0.1200E+02
  -8.045  0.1782E-03  0.1200E+02
  -8.035  0.1948E-03  0.1200E+02
  -8.025  0.2129E-03  0.1200E+02
  -8.015  0.2325E-03  0.1200E+02
  -8.005  0.2538E-03  0.1200E+02
  -7.995  0.2769E-03  0.1200E+02
  -7.985  0.3019E-03  0.1200E+02
  -7.975  0.3289E-03  0.1200E+02
  -7.965  0.3582E-03  0.1200E+02
  -7.955  0.3899E-03  0.1200E+02
  -7.945  0.4241E-03  0.1200E+02
  -7.935  0.4611E-03  0.1200E+02
  -7.925  0.5011E-03  0.1200E+02
  -7.915  0.5442E-03  0.1200E+02
  -7.905  0.5907E-03  0.1200E+02
  -7.895  0.6408E-03  0.1200E+02
  -7.885  0.6948E-03  0.1200E+02
  -7.875  0.7529E-03  0.1200E+02
  -7.865  0.8155E-03  0.1200E+02
  -7.855  0.8828E-03  0.1200E+02
  -7.845  0.9551E-03  0.1200E+02
  -7.835  0.1033E-02  0.1200E+02
  -7.825  0.1116E-02  0.1200E+02
  -7.815  0.1206E-02  0.1200E+02
  -7.805  0.1302E-02  0.1200E+02
  -7.795  0.1405E-02  0.1200E+02
  -7.785  0.1515E-02  0.1200E+02
  -7.775  0.1633E-02  0.1200E+02
  -7.765  0.1760E-02  0.1200E+02
  -7.755  0.1895E-02  0.1200E+02
  -7.745  0.2040E-02  0.1200E+02
  -7.735  0.2194E-02  0.1200E+02
  -7.725  0.2359E-02  0.1200E+02
  -7.715  0.2536E-02  0.1200E+02
  -7.705  0.2724E-02  0.1200E+02
  -7.695  0.2924E-02  0.1200E+02
  -7.685  0.3138E-02  0.1200E+02
  -7.675  0.3366E-02  0.1200E+02
  -7.665  0.3609E-02  0.1200E+02
  -7.655  0.3867E-02  0.1200E+02
  -7.645  0.4142E-02  0.1200E+02
  -7.635  0.4434E-02  0.1200E+02
  -7.625  0.4745E-02  0.1200E+02
  -7.615  0.5075E-02  0.1200E+02
  -7.605  0.5425E-02  0.1200E+02
  -7.595  0.5797E-02  0.1200E+02
  -7.585  0.6192E-02  0.1200E+02
  -7.575  0.6610E-02  0.1200E+02
  -7.565  0.7054E-02  0.1200E+02
  -7.555  0.7523E-02  0.1200E+02
  -7.545  0.8021E-02  0.1200E+02
  -7.535  0.8548E-02  0.1200E+02
  -7.525  0.9105E-02  0.1200E+02
  -7.515  0.9694E-02  0.1200E+02
  -7.505  0.1032E-01  0.1200E+02
  -7.495  0.1097E-01  0.1200E+02
  -7.485  0.1167E-01  0.1200E+02
  -7.475  0.1240E-01  0.1200E+02
  -7.465  0.1318E-01  0.1200E+02
  -7.455  0.1399E-01  0.1200E+02
  -7.445  0.1485E-01  0.1200E+02
  -7.435  0.1576E-01  0.1200E+02
  -7.425  0.1672E-01  0.1200E+02
  -7.415  0.1772E-01  0.1200E+02
  -7.405  0.1878E-01  0.1200E+02
  -7.395  0.1989E-01  0.1200E+02
  -7.385  0.2106E-01  0.1200E+02
  -7.375  0.2229E-01  0.1200E+02
  -7.365  0.2359E-01  0.1200E+02
  -7.355  0.2495E-01  0.1200E+02
  -7.345  0.2637E-01  0.1200E+02
  -7.335  0.2787E-01  0.1200E+02
  -7.325  0.2944E-01  0.1200E+02
  -7.315  0.3108E-01  0.1201E+02
  -7.305  0.3280E-01  0.1201E+02
  -7.295  0.3461E-01  0.1201E+02
  -7.285  0.3650E-01  0.1201E+02
  -7.275  0.3848E-01  0.1201E+02
  -7.265  0.4055E-01  0.1201E+02
  -7.255  0.4271E-01  0.1201E+02
  -7.245  0.4498E-01  0.1201E+02
  -7.235  0.4734E-01  0.1201E+02
  -7.225  0.4981E-01  0.1201E+02
  -7.215  0.5239E-01  0.1201E+02
  -7.205  0.5509E-01  0.1201E+02
  -7.195  0.5789E-01  0.1201E+02
  -7.185  0.6082E-01  0.1201E+02
  -7.175  0.6388E-01  0.1201E+02
  -7.165  0.6706E-01  0.1201E+02
  -7.155  0.7037E-01  0.1201E+02
  -7.145  0.7382E-01  0.1201E+02
  -7.135  0.7741E-01  0.1201E+02
  -7.125  0.8114E-01  0.1202E+02
  -7.115  0.8502E-01  0.1202E+02
  -7.105  0.8906E-01  0.1202E+02
  -7.095  0.9325E-01  0.1202E+02
  -7.085  0.9760E-01  0.1202E+02
  -7.075  0.1021E+00  0.1202E+02
  -7.065  0.1068E+00  0.1202E+02
  -7.055  0.1117E+00  0.1202E+02
  -7.045  0.1167E+00  0.1202E+02
  -7.035  0.1219E+00  0.1202E+02
  -7.025  0.1273E+00  0.1203E+02
  -7.015  0.1330E+00  0.1203E+02
  -7.005  0.1388E+00  0.1203E+02
  -6.995  0.1448E+00  0.1203E+02
  -6.985  0.1510E+00  0.1203E+02
  -6.975  0.1574E+00  0.1203E+02
  -6.965  0.1640E+00  0.1203E+02
  -6.955  0.1709E+00  0.1204E+02
  -6.945  0.1779E+00  0.1204E+02
  -6.935  0.1852E+00  0.1204E+02
  -6.925  0.1927E+00  0.1204E+02
  -6.915  0.2005E+00  0.1204E+02
  -6.905  0.2085E+00  0.1205E+02
  -6.895  0.2167E+00  0.1205E+02
  -6.885  0.2252E+00  0.1205E+02
  -6.875  0.2340E+00  0.1205E+02
  -6.865  0.2429E+00  0.1206E+02
  -6.855  0.2522E+00  0.1206E+02
  -6.845  0.2617E+00  0.1206E+02
  -6.835  0.2715E+00  0.1206E+02
  -6.825  0.2815E+00  0.1207E+02
  -6.815  0.2918E+00  0.1207E+02
  -6.805  0.3024E+00  0.1207E+02
  -6.795  0.3132E+00  0.1208E+02
  -6.785  0.3243E+00  0.1208E+02
  -6.775  0.3357E+00  0.1208E+02
  -6.765  0.3474E+00  0.1209E+02
  -6.755  0.3594E+00  0.1209E+02
  -6.745  0.3716E+00  0.1209E+02
  -6.735  0.3842E+00  0.1210E+02
  -6.725  0.3970E+00  0.1210E+02
  -6.715  0.4101E+00  0.1210E+02
  -6.705  0.4235E+00  0.1211E+02
  -6.695  0.4372E+00  0.1211E+02
  -6.685  0.4512E+00  0.1212E+02
  -6.675  0.4654E+00  0.1212E+02
  -6.665  0.4800E+00  0.1213E+02
  -6.655  0.4948E+00  0.1213E+02
  -6.645  0.5100E+00  0.1214E+02
  -6.635  0.5254E+00  0.1214E+02
  -6.625  0.5411E+00  0.1215E+02
  -6.615  0.5571E+00  0.1215E+02
  -6.605  0.5733E+00  0.1216E+02
  -6.595  0.5899E+00  0.1217E+02
  -6.585  0.6067E+00  0.1217E+02
  -6.575  0.6238E+00  0.1218E+02
  -6.565  0.6411E+00  0.1218E+02
  -6.555  0.6588E+00  0.1219E+02
  -6.545  0.6766E+00  0.1220E+02
  -6.535  0.6948E+00  0.1220E+02
  -6.525  0.7132E+00  0.1221E+02
  -6.515  0.7318E+00  0.1222E+02
  -6.505  0.7507E+00  0.1223E+02
  -6.495  0.7698E+00  0.1223E+02
  -6.485  0.7891E+00  0.1224E+02
  -6.475  0.8087E+00  0.1225E+02
  -6.465  0.8284E+00  0.1226E+02
  -6.455  0.8484E+00  0.1227E+02
  -6.445  0.8686E+00  0.1228E+02
  -6.435  0.8889E+00  0.1228E+02
  -6.425  0.9094E+00  0.1229E+02
  -6.415  0.9301E+00  0.1230E+02
  -6.405  0.9509E+00  0.1231E+02
  -6.395  0.9719E+00  0.1232E+02
  -6.385  0.9930E+00  0.1233E+02
  -6.375  0.1014E+01  0.1234E+02
  -6.365  0.1036E+01  0.1235E+02
  -6.355  0.1057E+01  0.1236E+02
  -6.345  0.1079E+01  0.1237E+02
  -6.335  0.1100E+01  0.1238E+02
  -6.325  0.1122E+01  0.1240E+02
  -6.315  0.1143E+01  0.1241E+02
  -6.305  0.1165E+01  0.1242E+02
  -6.295  0.1187E+01  0.1243E+02
  -6.285  0.1209E+01  0.1244E+02
  -6.275  0.1230E+01  0.1246E+02
  -6.265  0.1252E+01  0.1247E+02
  -6.255  0.1273E+01  0.1248E+02
  -6.245  0.1295E+01  0.1249E+02
  -6.235  0.1316E+01  0.1251E+02
  -6.225  0.1337E+01  0.1252E+02
  -6.215  0.1359E+01  0.1253E+02
  -6.205  0.1380E+01  0.1255E+02
  -6.195  0.1400E+01  0.1256E+02
  -6.185  0.1421E+01  0.1258E+02
  -6.175  0.1441E+01  0.1259E+02
  -6.165  0.1461E+01  0.1260E+02
  -6.155  0.1481E+01  0.1262E+02
  -6.145  0.1501E+01  0.1263E+02
  -6.135  0.1520E+01  0.1265E+02
  -6.125  0.1539E+01  0.1266E+02
  -6.115  0.1558E+01  0.1268E+02
  -6.105  0.1576E+01  0.1270E+02
  -6.095  0.1594E+01  0.1271E+02
  -6.085  0.1611E+01  0.1273E+02
  -6.075  0.1628E+01  0.1274E+02
  -6.065  0.1645E+01  0.1276E+02
  -6.055  0.1661E+01  0.1278E+02
  -6.045  0.1677E+01  0.1279E+02
  -6.035  0.1692E+01  0.1281E+02
  -6.025  0.1706E+01  0.1283E+02
  -6.015  0.1720E+01  0.1285E+02
  -6.005  0.1734E+01  0.1286E+02
  -5.995  0.1747E+01  0.1288E+02
  -5.985  0.1759E+01  0.1290E+02
  -5.975  0.1771E+01  0.1292E+02
  -5.965  0.1782E+01  0.1293E+02
  -5.955  0.1792E+01  0.1295E+02
  -5.945  0.1802E+01  0.1297E+02
  -5.935  0.1811E+01  0.1299E+02
  -5.925  0.1819E+01  0.1301E+02
  -5.915  0.1827E+01  0.1302E+02
  -5.905  0.1834E+01  0.1304E+02
  -5.895  0.1841E+01  0.1306E+02
  -5.885  0.1846E+01  0.1308E+02
  -5.875  0.1851E+01  0.1310E+02
  -5.865  0.1855E+01  0.1312E+02
  -5.855  0.1859E+01  0.1313E+02
  -5.845  0.1862E+01  0.1315E+02
  -5.835  0.1864E+01  0.1317E+02
  -5.825  0.1865E+01  0.1319E+02
  -5.815  0.1866E+01  0.1321E+02
  -5.805  0.1866E+01  0.1323E+02
  -5.795  0.1865E+01  0.1325E+02
  -5.785  0.1863E+01  0.1327E+02
  -5.775  0.1861E+01  0.1328E+02
  -5.765  0.1858E+01  0.1330E+02
  -5.755  0.1855E+01  0.1332E+02
  -5.745  0.1851E+01  0.1334E+02
  -5.735  0.1846E+01  0.1336E+02
  -5.725  0.1840E+01  0.1338E+02
  -5.715  0.1835E+01  0.1339E+02
  -5.705  0.1828E+01  0.1341E+02
  -5.695  0.1821E+01  0.1343E+02
  -5.685  0.1813E+01  0.1345E+02
  -5.675  0.1805E+01  0.1347E+02
  -5.665  0.1797E+01  0.1349E+02
  -5.655  0.1788E+01  0.1350E+02
  -5.645  0.1778E+01  0.1352E+02
  -5.635  0.1768E+01  0.1354E+02
  -5.625  0.1758E+01  0.1356E+02
  -5.615  0.1747E+01  0.1357E+02
  -5.605  0.1737E+01  0.1359E+02
  -5.595  0.1726E+01  0.1361E+02
  -5.585  0.1714E+01  0.1363E+02
  -5.575  0.1703E+01  0.1364E+02
  -5.565  0.1691E+01  0.1366E+02
  -5.555  0.1679E+01  0.1368E+02
  -5.545  0.1667E+01  0.1369E+02
  -5.535  0.1655E+01  0.1371E+02
  -5.525  0.1643E+01  0.1373E+02
  -5.515  0.1631E+01  0.1374E+02
  -5.505  0.1619E+01  0.1376E+02
  -5.495  0.1607E+01  0.1377E+02
  -5.485  0.1596E+01  0.1379E+02
  -5.475  0.1584E+01  0.1381E+02
  -5.465  0.1573E+01  0.1382E+02
  -5.455  0.1562E+01  0.1384E+02
  -5.445  0.1551E+01  0.1385E+02
  -5.435  0.1540E+01  0.1387E+02
  -5.425  0.1530E+01  0.1388E+02
  -5.415  0.1520E+01  0.1390E+02
  -5.405  0.1511E+01  0.1391E+02
  -5.395  0.1502E+01  0.1393E+02
  -5.385  0.1493E+01  0.1394E+02
  -5.375  0.1485E+01  0.1396E+02
  -5.365  0.1477E+01  0.1397E+02
  -5.355  0.1470E+01  0.1399E+02
  -5.345  0.1463E+01  0.1400E+02
  -5.335  0.1457E+01  0.1402E+02
  -5.325  0.1452E+01  0.1403E+02
  -5.315  0.1447E+01  0.1405E+02
  -5.305  0.1443E+01  0.1406E+02
  -5.295  0.1439E+01  0.1408E+02
  -5.285  0.1436E+01  0.1409E+02
  -5.275  0.1434E+01  0.1410E+02
  -5.265  0.1432E+01  0.1412E+02
  -5.255  0.1431E+01  0.1413E+02
  -5.245  0.1431E+01  0.1415E+02
  -5.235  0.1431E+01  0.1416E+02
  -5.225  0.1432E+01  0.1418E+02
  -5.215  0.1434E+01  0.1419E+02
  -5.205  0.1436E+01  0.1420E+02
  -5.195  0.1439E+01  0.1422E+02
  -5.185  0.1443E+01  0.1423E+02
  -5.175  0.1447E+01  0.1425E+02
  -5.165  0.1452E+01  0.1426E+02
  -5.155  0.1457E+01  0.1428E+02
  -5.145  0.1463E+01  0.1429E+02
  -5.135  0.1470E+01  0.1431E+02
  -5.125  0.1477E+01  0.1432E+02
  -5.115  0.1484E+01  0.1434E+02
  -5.105  0.1492E+01  0.1435E+02
  -5.095  0.1501E+01  0.1437E+02
  -5.085  0.1510E+01  0.1438E+02
  -5.075  0.1519E+01  0.1440E+02
  -5.065  0.1529E+01  0.1441E+02
  -5.055  0.1539E+01  0.1443E+02
  -5.045  0.1550E+01  0.1444E+02
  -5.035  0.1560E+01  0.1446E+02
  -5.025  0.1571E+01  0.1447E+02
  -5.015  0.1583E+01  0.1449E+02
  -5.005  0.1594E+01  0.1451E+02
  -4.995  0.1606E+01  0.1452E+02
  -4.985  0.1617E+01  0.1454E+02
  -4.975  0.1629E+01  0.1455E+02
  -4.965  0.1641E+01  0.1457E+02
  -4.955  0.1653E+01  0.1459E+02
  -4.945  0.1665E+01  0.1460E+02
  -4.935  0.1676E+01  0.1462E+02
  -4.925  0.1688E+01  0.1464E+02
  -4.915  0.1699E+01  0.1465E+02
  -4.905  0.1711E+01  0.1467E+02
  -4.895  0.1722E+01  0.1469E+02
  -4.885  0.1733E+01  0.1471E+02
  -4.875  0.1743E+01  0.1472E+02
  -4.865  0.1754E+01  0.1474E+02
  -4.855  0.1763E+01  0.1476E+02
  -4.845  0.1773E+01  0.1478E+02
  -4.835  0.1782E+01  0.1479E+02
  -4.825  0.1791E+01  0.1481E+02
  -4.815  0.1800E+01  0.1483E+02
  -4.805  0.1808E+01  0.1485E+02
  -4.795  0.1815E+01  0.1487E+02
  -4.785  0.1822E+01  0.1488E+02
  -4.775  0.1829E+01  0.1490E+02
  -4.765  0.1835E+01  0.1492E+02
  -4.755  0.1840E+01  0.1494E+02
  -4.745  0.1845E+01  0.1496E+02
  -4.735  0.1849E+01  0.1498E+02
  -4.725  0.1853E+01  0.1499E+02
  -4.715  0.1857E+01  0.1501E+02
  -4.705  0.1859E+01  0.1503E+02
  -4.695  0.1861E+01  0.1505E+02
  -4.685  0.1863E+01  0.1507E+02
  -4.675  0.1864E+01  0.1509E+02
  -4.665  0.1865E+01  0.1511E+02
  -4.655  0.1865E+01  0.1512E+02
  -4.645  0.1864E+01  0.1514E+02
  -4.635  0.1863E+01  0.1516E+02
  -4.625  0.1862E+01  0.1518E+02
  -4.615  0.1860E+01  0.1520E+02
  -4.605  0.1857E+01  0.1522E+02
  -4.595  0.1854E+01  0.1524E+02
  -4.585  0.1851E+01  0.1526E+02
  -4.575  0.1847E+01  0.1527E+02
  -4.565  0.1843E+01  0.1529E+02
  -4.555  0.1839E+01  0.1531E+02
  -4.545  0.1834E+01  0.1533E+02
  -4.535  0.1829E+01  0.1535E+02
  -4.525  0.1824E+01  0.1537E+02
  -4.515  0.1818E+01  0.1538E+02
  -4.505  0.1812E+01  0.1540E+02
  -4.495  0.1806E+01  0.1542E+02
  -4.485  0.1800E+01  0.1544E+02
  -4.475  0.1794E+01  0.1546E+02
  -4.465  0.1788E+01  0.1547E+02
  -4.455  0.1782E+01  0.1549E+02
  -4.445  0.1775E+01  0.1551E+02
  -4.435  0.1769E+01  0.1553E+02
  -4.425  0.1763E+01  0.1554E+02
  -4.415  0.1756E+01  0.1556E+02
  -4.405  0.1750E+01  0.1558E+02
  -4.395  0.1744E+01  0.1560E+02
  -4.385  0.1739E+01  0.1561E+02
  -4.375  0.1733E+01  0.1563E+02
  -4.365  0.1728E+01  0.1565E+02
  -4.355  0.1723E+01  0.1567E+02
  -4.345  0.1718E+01  0.1568E+02
  -4.335  0.1713E+01  0.1570E+02
  -4.325  0.1709E+01  0.1572E+02
  -4.315  0.1705E+01  0.1573E+02
  -4.305  0.1701E+01  0.1575E+02
  -4.295  0.1698E+01  0.1577E+02
  -4.285  0.1695E+01  0.1579E+02
  -4.275  0.1693E+01  0.1580E+02
  -4.265  0.1691E+01  0.1582E+02
  -4.255  0.1689E+01  0.1584E+02
  -4.245  0.1688E+01  0.1585E+02
  -4.235  0.1687E+01  0.1587E+02
  -4.225  0.1687E+01  0.1589E+02
  -4.215  0.1687E+01  0.1590E+02
  -4.205  0.1688E+01  0.1592E+02
  -4.195  0.1689E+01  0.1594E+02
  -4.185  0.1691E+01  0.1595E+02
  -4.175  0.1693E+01  0.1597E+02
  -4.165  0.1696E+01  0.1599E+02
  -4.155  0.1699E+01  0.1601E+02
  -4.145  0.1702E+01  0.1602E+02
  -4.135  0.1706E+01  0.1604E+02
  -4.125  0.1711E+01  0.1606E+02
  -4.115  0.1716E+01  0.1607E+02
  -4.105  0.1721E+01  0.1609E+02
  -4.095  0.1727E+01  0.1611E+02
  -4.085  0.1733E+01  0.1613E+02
  -4.075  0.1739E+01  0.1614E+02
  -4.065  0.1746E+01  0.1616E+02
  -4.055  0.1753E+01  0.1618E+02
  -4.045  0.1761E+01  0.1620E+02
  -4.035  0.1769E+01  0.1621E+02
  -4.025  0.1777E+01  0.1623E+02
  -4.015  0.1786E+01  0.1625E+02
  -4.005  0.1795E+01  0.1627E+02
  -3.995  0.1804E+01  0.1628E+02
  -3.985  0.1814E+01  0.1630E+02
  -3.975  0.1824E+01  0.1632E+02
  -3.965  0.1834E+01  0.1634E+02
  -3.955  0.1844E+01  0.1636E+02
  -3.945  0.1854E+01  0.1638E+02
  -3.935  0.1865E+01  0.1640E+02
  -3.925  0.1876E+01  0.1641E+02
  -3.915  0.1887E+01  0.1643E+02
  -3.905  0.1899E+01  0.1645E+02
  -3.895  0.1910E+01  0.1647E+02
  -3.885  0.1922E+01  0.1649E+02
  -3.875  0.1933E+01  0.1651E+02
  -3.865  0.1945E+01  0.1653E+02
  -3.855  0.1958E+01  0.1655E+02
  -3.845  0.1970E+01  0.1657E+02
  -3.835  0.1982E+01  0.1659E+02
  -3.825  0.1995E+01  0.1661E+02
  -3.815  0.2007E+01  0.1663E+02
  -3.805  0.2020E+01  0.1665E+02
  -3.795  0.2033E+01  0.1667E+02
  -3.785  0.2047E+01  0.1669E+02
  -3.775  0.2060E+01  0.1671E+02
  -3.765  0.2073E+01  0.1673E+02
  -3.755  0.2087E+01  0.1675E+02
  -3.745  0.2101E+01  0.1677E+02
  -3.735  0.2115E+01  0.1679E+02
  -3.725  0.2130E+01  0.1681E+02
  -3.715  0.2144E+01  0.1684E+02
  -3.705  0.2159E+01  0.1686E+02
  -3.695  0.2174E+01  0.1688E+02
  -3.685  0.2189E+01  0.1690E+02
  -3.675  0.2205E+01  0.1692E+02
  -3.665  0.2221E+01  0.1695E+02
  -3.655  0.2238E+01  0.1697E+02
  -3.645  0.2255E+01  0.1699E+02
  -3.635  0.2272E+01  0.1701E+02
  -3.625  0.2289E+01  0.1704E+02
  -3.615  0.2307E+01  0.1706E+02
  -3.605  0.2326E+01  0.1708E+02
  -3.595  0.2345E+01  0.1711E+02
  -3.585  0.2365E+01  0.1713E+02
  -3.575  0.2385E+01  0.1715E+02
  -3.565  0.2405E+01  0.1718E+02
  -3.555  0.2427E+01  0.1720E+02
  -3.545  0.2449E+01  0.1723E+02
  -3.535  0.2471E+01  0.1725E+02
  -3.525  0.2495E+01  0.1728E+02
  -3.515  0.2518E+01  0.1730E+02
  -3.505  0.2543E+01  0.1733E+02
  -3.495  0.2569E+01  0.1735E+02
  -3.485  0.2595E+01  0.1738E+02
  -3.475  0.2622E+01  0.1740E+02
  -3.465  0.2649E+01  0.1743E+02
  -3.455  0.2678E+01  0.1746E+02
  -3.445  0.2707E+01  0.1748E+02
  -3.435  0.2738E+01  0.1751E+02
  -3.425  0.2769E+01  0.1754E+02
  -3.415  0.2801E+01  0.1757E+02
  -3.405  0.2834E+01  0.1760E+02
  -3.395  0.2867E+01  0.1762E+02
  -3.385  0.2902E+01  0.1765E+02
  -3.375  0.2937E+01  0.1768E+02
  -3.365  0.2974E+01  0.1771E+02
  -3.355  0.3011E+01  0.1774E+02
  -3.345  0.3049E+01  0.1777E+02
  -3.335  0.3088E+01  0.1780E+02
  -3.325  0.3128E+01  0.1784E+02
  -3.315  0.3168E+01  0.1787E+02
  -3.305  0.3210E+01  0.1790E+02
  -3.295  0.3252E+01  0.1793E+02
  -3.285  0.3295E+01  0.1796E+02
  -3.275  0.3338E+01  0.1800E+02
  -3.265  0.3383E+01  0.1803E+02
  -3.255  0.3428E+01  0.1807E+02
  -3.245  0.3474E+01  0.1810E+02
  -3.235  0.3520E+01  0.1814E+02
  -3.225  0.3567E+01  0.1817E+02
  -3.215  0.3615E+01  0.1821E+02
  -3.205  0.3663E+01  0.1824E+02
  -3.195  0.3711E+01  0.1828E+02
  -3.185  0.3760E+01  0.1832E+02
  -3.175  0.3809E+01  0.1836E+02
  -3.165  0.3859E+01  0.1840E+02
  -3.155  0.3909E+01  0.1844E+02
  -3.145  0.3959E+01  0.1847E+02
  -3.135  0.4009E+01  0.1851E+02
  -3.125  0.4059E+01  0.1856E+02
  -3.115  0.4109E+01  0.1860E+02
  -3.105  0.4159E+01  0.1864E+02
  -3.095  0.4210E+01  0.1868E+02
  -3.085  0.4260E+01  0.1872E+02
  -3.075  0.4309E+01  0.1877E+02
  -3.065  0.4359E+01  0.1881E+02
  -3.055  0.4408E+01  0.1885E+02
  -3.045  0.4456E+01  0.1890E+02
  -3.035  0.4504E+01  0.1894E+02
  -3.025  0.4552E+01  0.1899E+02
  -3.015  0.4599E+01  0.1903E+02
  -3.005  0.4645E+01  0.1908E+02
  -2.995  0.4691E+01  0.1913E+02
  -2.985  0.4735E+01  0.1918E+02
  -2.975  0.4779E+01  0.1922E+02
  -2.965  0.4822E+01  0.1927E+02
  -2.955  0.4864E+01  0.1932E+02
  -2.945  0.4904E+01  0.1937E+02
  -2.935  0.4944E+01  0.1942E+02
  -2.925  0.4982E+01  0.1947E+02
  -2.915  0.5019E+01  0.1952E+02
  -2.905  0.5055E+01  0.1957E+02
  -2.895  0.5089E+01  0.1962E+02
  -2.885  0.5122E+01  0.1967E+02
  -2.875  0.5153E+01  0.1972E+02
  -2.865  0.5183E+01  0.1977E+02
  -2.855  0.5212E+01  0.1983E+02
  -2.845  0.5238E+01  0.1988E+02
  -2.835  0.5263E+01  0.1993E+02
  -2.825  0.5286E+01  0.1998E+02
  -2.815  0.5308E+01  0.2004E+02
  -2.805  0.5327E+01  0.2009E+02
  -2.795  0.5345E+01  0.2014E+02
  -2.785  0.5361E+01  0.2020E+02
  -2.775  0.5375E+01  0.2025E+02
  -2.765  0.5388E+01  0.2031E+02
  -2.755  0.5398E+01  0.2036E+02
  -2.745  0.5406E+01  0.2041E+02
  -2.735  0.5412E+01  0.2047E+02
  -2.725  0.5417E+01  0.2052E+02
  -2.715  0.5419E+01  0.2058E+02
  -2.705  0.5419E+01  0.2063E+02
  -2.695  0.5418E+01  0.2068E+02
  -2.685  0.5414E+01  0.2074E+02
  -2.675  0.5408E+01  0.2079E+02
  -2.665  0.5400E+01  0.2085E+02
  -2.655  0.5391E+01  0.2090E+02
  -2.645  0.5379E+01  0.2095E+02
  -2.635  0.5365E+01  0.2101E+02
  -2.625  0.5349E+01  0.2106E+02
  -2.615  0.5332E+01  0.2111E+02
  -2.605  0.5312E+01  0.2117E+02
  -2.595  0.5290E+01  0.2122E+02
  -2.585  0.5267E+01  0.2127E+02
  -2.575  0.5241E+01  0.2133E+02
  -2.565  0.5214E+01  0.2138E+02
  -2.555  0.5185E+01  0.2143E+02
  -2.545  0.5154E+01  0.2148E+02
  -2.535  0.5121E+01  0.2153E+02
  -2.525  0.5087E+01  0.2158E+02
  -2.515  0.5050E+01  0.2163E+02
  -2.505  0.5013E+01  0.2168E+02
  -2.495  0.4973E+01  0.2173E+02
  -2.485  0.4932E+01  0.2178E+02
  -2.475  0.4889E+01  0.2183E+02
  -2.465  0.4845E+01  0.2188E+02
  -2.455  0.4800E+01  0.2193E+02
  -2.445  0.4753E+01  0.2198E+02
  -2.435  0.4704E+01  0.2202E+02
  -2.425  0.4655E+01  0.2207E+02
  -2.415  0.4604E+01  0.2212E+02
  -2.405  0.4552E+01  0.2216E+02
  -2.395  0.4498E+01  0.2221E+02
  -2.385  0.4444E+01  0.2225E+02
  -2.375  0.4388E+01  0.2229E+02
  -2.365  0.4332E+01  0.2234E+02
  -2.355  0.4274E+01  0.2238E+02
  -2.345  0.4216E+01  0.2242E+02
  -2.335  0.4156E+01  0.2246E+02
  -2.325  0.4096E+01  0.2251E+02
  -2.315  0.4036E+01  0.2255E+02
  -2.305  0.3974E+01  0.2259E+02
  -2.295  0.3912E+01  0.2262E+02
  -2.285  0.3849E+01  0.2266E+02
  -2.275  0.3786E+01  0.2270E+02
  -2.265  0.3722E+01  0.2274E+02
  -2.255  0.3658E+01  0.2277E+02
  -2.245  0.3594E+01  0.2281E+02
  -2.235  0.3529E+01  0.2285E+02
  -2.225  0.3464E+01  0.2288E+02
  -2.215  0.3399E+01  0.2291E+02
  -2.205  0.3333E+01  0.2295E+02
  -2.195  0.3268E+01  0.2298E+02
  -2.185  0.3202E+01  0.2301E+02
  -2.175  0.3136E+01  0.2304E+02
  -2.165  0.3071E+01  0.2307E+02
  -2.155  0.3006E+01  0.2310E+02
  -2.145  0.2940E+01  0.2313E+02
  -2.135  0.2875E+01  0.2316E+02
  -2.125  0.2810E+01  0.2319E+02
  -2.115  0.2746E+01  0.2322E+02
  -2.105  0.2682E+01  0.2325E+02
  -2.095  0.2618E+01  0.2327E+02
  -2.085  0.2554E+01  0.2330E+02
  -2.075  0.2491E+01  0.2332E+02
  -2.065  0.2429E+01  0.2335E+02
  -2.055  0.2367E+01  0.2337E+02
  -2.045  0.2306E+01  0.2339E+02
  -2.035  0.2245E+01  0.2342E+02
  -2.025  0.2185E+01  0.2344E+02
  -2.015  0.2125E+01  0.2346E+02
  -2.005  0.2067E+01  0.2348E+02
  -1.995  0.2009E+01  0.2350E+02
  -1.985  0.1951E+01  0.2352E+02
  -1.975  0.1895E+01  0.2354E+02
  -1.965  0.1839E+01  0.2356E+02
  -1.955  0.1784E+01  0.2357E+02
  -1.945  0.1731E+01  0.2359E+02
  -1.935  0.1678E+01  0.2361E+02
  -1.925  0.1625E+01  0.2362E+02
  -1.915  0.1574E+01  0.2364E+02
  -1.905  0.1524E+01  0.2366E+02
  -1.895  0.1475E+01  0.2367E+02
  -1.885  0.1427E+01  0.2368E+02
  -1.875  0.1379E+01  0.2370E+02
  -1.865  0.1333E+01  0.2371E+02
  -1.855  0.1288E+01  0.2372E+02
  -1.845  0.1244E+01  0.2374E+02
  -1.835  0.1201E+01  0.2375E+02
  -1.825  0.1159E+01  0.2376E+02
  -1.815  0.1118E+01  0.2377E+02
  -1.805  0.1078E+01  0.2378E+02
  -1.795  0.1039E+01  0.2379E+02
  -1.785  0.1001E+01  0.2380E+02
  -1.775  0.9647E+00  0.2381E+02
  -1.765  0.9292E+00  0.2382E+02
  -1.755  0.8948E+00  0.2383E+02
  -1.745  0.8614E+00  0.2384E+02
  -1.735  0.8292E+00  0.2385E+02
  -1.725  0.7981E+00  0.2386E+02
  -1.715  0.7680E+00  0.2386E+02
  -1.705  0.7391E+00  0.2387E+02
  -1.695  0.7113E+00  0.2388E+02
  -1.685  0.6846E+00  0.2388E+02
  -1.675  0.6589E+00  0.2389E+02
  -1.665  0.6344E+00  0.2390E+02
  -1.655  0.6110E+00  0.2390E+02
  -1.645  0.5886E+00  0.2391E+02
  -1.635  0.5674E+00  0.2391E+02
  -1.625  0.5472E+00  0.2392E+02
  -1.615  0.5281E+00  0.2393E+02
  -1.605  0.5101E+00  0.2393E+02
  -1.595  0.4932E+00  0.2394E+02
  -1.585  0.4774E+00  0.2394E+02
  -1.575  0.4626E+00  0.2395E+02
  -1.565  0.4489E+00  0.2395E+02
  -1.555  0.4363E+00  0.2395E+02
  -1.545  0.4248E+00  0.2396E+02
  -1.535  0.4143E+00  0.2396E+02
  -1.525  0.4049E+00  0.2397E+02
  -1.515  0.3966E+00  0.2397E+02
  -1.505  0.3893E+00  0.2397E+02
  -1.495  0.3831E+00  0.2398E+02
  -1.485  0.3780E+00  0.2398E+02
  -1.475  0.3739E+00  0.2399E+02
  -1.465  0.3710E+00  0.2399E+02
  -1.455  0.3691E+00  0.2399E+02
  -1.445  0.3683E+00  0.2400E+02
  -1.435  0.3686E+00  0.2400E+02
  -1.425  0.3700E+00  0.2400E+02
  -1.415  0.3724E+00  0.2401E+02
  -1.405  0.3760E+00  0.2401E+02
  -1.395  0.3807E+00  0.2402E+02
  -1.385  0.3865E+00  0.2402E+02
  -1.375  0.3934E+00  0.2402E+02
  -1.365  0.4015E+00  0.2403E+02
  -1.355  0.4107E+00  0.2403E+02
  -1.345  0.4210E+00  0.2404E+02
  -1.335  0.4325E+00  0.2404E+02
  -1.325  0.4452E+00  0.2404E+02
  -1.315  0.4590E+00  0.2405E+02
  -1.305  0.4740E+00  0.2405E+02
  -1.295  0.4902E+00  0.2406E+02
  -1.285  0.5076E+00  0.2406E+02
  -1.275  0.5262E+00  0.2407E+02
  -1.265  0.5461E+00  0.2407E+02
  -1.255  0.5671E+00  0.2408E+02
  -1.245  0.5894E+00  0.2409E+02
  -1.235  0.6130E+00  0.2409E+02
  -1.225  0.6378E+00  0.2410E+02
  -1.215  0.6639E+00  0.2411E+02
  -1.205  0.6912E+00  0.2411E+02
  -1.195  0.7199E+00  0.2412E+02
  -1.185  0.7498E+00  0.2413E+02
  -1.175  0.7810E+00  0.2413E+02
  -1.165  0.8135E+00  0.2414E+02
  -1.155  0.8473E+00  0.2415E+02
  -1.145  0.8824E+00  0.2416E+02
  -1.135  0.9188E+00  0.2417E+02
  -1.125  0.9566E+00  0.2418E+02
  -1.115  0.9956E+00  0.2419E+02
  -1.105  0.1036E+01  0.2420E+02
  -1.095  0.1078E+01  0.2421E+02
  -1.085  0.1121E+01  0.2422E+02
  -1.075  0.1165E+01  0.2423E+02
  -1.065  0.1210E+01  0.2424E+02
  -1.055  0.1257E+01  0.2426E+02
  -1.045  0.1305E+01  0.2427E+02
  -1.035  0.1355E+01  0.2428E+02
  -1.025  0.1406E+01  0.2430E+02
  -1.015  0.1457E+01  0.2431E+02
  -1.005  0.1511E+01  0.2433E+02
  -0.995  0.1565E+01  0.2434E+02
  -0.985  0.1620E+01  0.2436E+02
  -0.975  0.1677E+01  0.2438E+02
  -0.965  0.1735E+01  0.2439E+02
  -0.955  0.1794E+01  0.2441E+02
  -0.945  0.1854E+01  0.2443E+02
  -0.935  0.1915E+01  0.2445E+02
  -0.925  0.1977E+01  0.2447E+02
  -0.915  0.2040E+01  0.2449E+02
  -0.905  0.2104E+01  0.2451E+02
  -0.895  0.2169E+01  0.2453E+02
  -0.885  0.2235E+01  0.2455E+02
  -0.875  0.2302E+01  0.2458E+02
  -0.865  0.2369E+01  0.2460E+02
  -0.855  0.2438E+01  0.2463E+02
  -0.845  0.2507E+01  0.2465E+02
  -0.835  0.2576E+01  0.2468E+02
  -0.825  0.2647E+01  0.2470E+02
  -0.815  0.2717E+01  0.2473E+02
  -0.805  0.2789E+01  0.2476E+02
  -0.795  0.2861E+01  0.2479E+02
  -0.785  0.2933E+01  0.2482E+02
  -0.775  0.3006E+01  0.2485E+02
  -0.765  0.3079E+01  0.2488E+02
  -0.755  0.3152E+01  0.2491E+02
  -0.745  0.3226E+01  0.2494E+02
  -0.735  0.3299E+01  0.2497E+02
  -0.725  0.3373E+01  0.2501E+02
  -0.715  0.3447E+01  0.2504E+02
  -0.705  0.3520E+01  0.2508E+02
  -0.695  0.3594E+01  0.2511E+02
  -0.685  0.3668E+01  0.2515E+02
  -0.675  0.3741E+01  0.2519E+02
  -0.665  0.3814E+01  0.2523E+02
  -0.655  0.3887E+01  0.2526E+02
  -0.645  0.3959E+01  0.2530E+02
  -0.635  0.4032E+01  0.2534E+02
  -0.625  0.4103E+01  0.2538E+02
  -0.615  0.4174E+01  0.2543E+02
  -0.605  0.4245E+01  0.2547E+02
  -0.595  0.4315E+01  0.2551E+02
  -0.585  0.4384E+01  0.2556E+02
  -0.575  0.4452E+01  0.2560E+02
  -0.565  0.4520E+01  0.2565E+02
  -0.555  0.4587E+01  0.2569E+02
  -0.545  0.4653E+01  0.2574E+02
  -0.535  0.4718E+01  0.2579E+02
  -0.525  0.4783E+01  0.2583E+02
  -0.515  0.4846E+01  0.2588E+02
  -0.505  0.4908E+01  0.2593E+02
  -0.495  0.4970E+01  0.2598E+02
  -0.485  0.5030E+01  0.2603E+02
  -0.475  0.5089E+01  0.2608E+02
  -0.465  0.5147E+01  0.2613E+02
  -0.455  0.5204E+01  0.2619E+02
  -0.445  0.5259E+01  0.2624E+02
  -0.435  0.5314E+01  0.2629E+02
  -0.425  0.5367E+01  0.2634E+02
  -0.415  0.5419E+01  0.2640E+02
  -0.405  0.5469E+01  0.2645E+02
  -0.395  0.5519E+01  0.2651E+02
  -0.385  0.5567E+01  0.2656E+02
  -0.375  0.5614E+01  0.2662E+02
  -0.365  0.5660E+01  0.2668E+02
  -0.355  0.5704E+01  0.2673E+02
  -0.345  0.5747E+01  0.2679E+02
  -0.335  0.5789E+01  0.2685E+02
  -0.325  0.5830E+01  0.2691E+02
  -0.315  0.5869E+01  0.2697E+02
  -0.305  0.5907E+01  0.2703E+02
  -0.295  0.5944E+01  0.2708E+02
  -0.285  0.5979E+01  0.2714E+02
  -0.275  0.6013E+01  0.2720E+02
  -0.265  0.6046E+01  0.2727E+02
  -0.255  0.6078E+01  0.2733E+02
  -0.245  0.6109E+01  0.2739E+02
  -0.235  0.6139E+01  0.2745E+02
  -0.225  0.6167E+01  0.2751E+02
  -0.215  0.6194E+01  0.2757E+02
  -0.205  0.6221E+01  0.2763E+02
  -0.195  0.6246E+01  0.2770E+02
  -0.185  0.6270E+01  0.2776E+02
  -0.175  0.6293E+01  0.2782E+02
  -0.165  0.6315E+01  0.2789E+02
  -0.155  0.6337E+01  0.2795E+02
  -0.145  0.6357E+01  0.2801E+02
  -0.135  0.6377E+01  0.2808E+02
  -0.125  0.6395E+01  0.2814E+02
  -0.115  0.6413E+01  0.2820E+02
  -0.105  0.6430E+01  0.2827E+02
  -0.095  0.6446E+01  0.2833E+02
  -0.085  0.6462E+01  0.2840E+02
  -0.075  0.6477E+01  0.2846E+02
  -0.065  0.6491E+01  0.2853E+02
  -0.055  0.6505E+01  0.2859E+02
  -0.045  0.6518E+01  0.2866E+02
  -0.035  0.6531E+01  0.2872E+02
  -0.025  0.6543E+01  0.2879E+02
  -0.015  0.6554E+01  0.2885E+02
  -0.005  0.6565E+01  0.2892E+02
   0.005  0.6576E+01  0.2899E+02
   0.015  0.6586E+01  0.2905E+02
   0.025  0.6596E+01  0.2912E+02
   0.035  0.6606E+01  0.2918E+02
   0.045  0.6615E+01  0.2925E+02
   0.055  0.6624E+01  0.2932E+02
   0.065  0.6633E+01  0.2938E+02
   0.075  0.6642E+01  0.2945E+02
   0.085  0.6650E+01  0.2951E+02
   0.095  0.6658E+01  0.2958E+02
   0.105  0.6667E+01  0.2965E+02
   0.115  0.6674E+01  0.2971E+02
   0.125  0.6682E+01  0.2978E+02
   0.135  0.6690E+01  0.2985E+02
   0.145  0.6698E+01  0.2992E+02
   0.155  0.6705E+01  0.2998E+02
   0.165  0.6713E+01  0.3005E+02
   0.175  0.6720E+01  0.3012E+02
   0.185  0.6728E+01  0.3018E+02
   0.195  0.6736E+01  0.3025E+02
   0.205  0.6743E+01  0.3032E+02
   0.215  0.6751E+01  0.3039E+02
   0.225  0.6758E+01  0.3045E+02
   0.235  0.6766E+01  0.3052E+02
   0.245  0.6774E+01  0.3059E+02
   0.255  0.6782E+01  0.3066E+02
   0.265  0.6790E+01  0.3073E+02
   0.275  0.6798E+01  0.3079E+02
   0.285  0.6806E+01  0.3086E+02
   0.295  0.6814E+01  0.3093E+02
   0.305  0.6822E+01  0.3100E+02
   0.315  0.6831E+01  0.3107E+02
   0.325  0.6839E+01  0.3113E+02
   0.335  0.6848E+01  0.3120E+02
   0.345  0.6857E+01  0.3127E+02
   0.355  0.6866E+01  0.3134E+02
   0.365  0.6875E+01  0.3141E+02
   0.375  0.6884E+01  0.3148E+02
   0.385  0.6893E+01  0.3155E+02
   0.395  0.6903E+01  0.3162E+02
   0.405  0.6912E+01  0.3168E+02
   0.415  0.6922E+01  0.3175E+02
   0.425  0.6932E+01  0.3182E+02
   0.435  0.6942E+01  0.3189E+02
   0.445  0.6952E+01  0.3196E+02
   0.455  0.6962E+01  0.3203E+02
   0.465  0.6973E+01  0.3210E+02
   0.475  0.6983E+01  0.3217E+02
   0.485  0.6994E+01  0.3224E+02
   0.495  0.7005E+01  0.3231E+02
   0.505  0.7016E+01  0.3238E+02
   0.515  0.7027E+01  0.3245E+02
   0.525  0.7038E+01  0.3252E+02
   0.535  0.7049E+01  0.3259E+02
   0.545  0.7061E+01  0.3266E+02
   0.555  0.7073E+01  0.3273E+02
   0.565  0.7084E+01  0.3280E+02
   0.575  0.7096E+01  0.3288E+02
   0.585  0.7108E+01  0.3295E+02
   0.595  0.7121E+01  0.3302E+02
   0.605  0.7133E+01  0.3309E+02
   0.615  0.7145E+01  0.3316E+02
   0.625  0.7158E+01  0.3323E+02
   0.635  0.7171E+01  0.3330E+02
   0.645  0.7183E+01  0.3338E+02
   0.655  0.7196E+01  0.3345E+02
   0.665  0.7210E+01  0.3352E+02
   0.675  0.7223E+01  0.3359E+02
   0.685  0.7236E+01  0.3366E+02
   0.695  0.7250E+01  0.3374E+02
   0.705  0.7263E+01  0.3381E+02
   0.715  0.7277E+01  0.3388E+02
   0.725  0.7291E+01  0.3396E+02
   0.735  0.7305E+01  0.3403E+02
   0.745  0.7319E+01  0.3410E+02
   0.755  0.7333E+01  0.3418E+02
   0.765  0.7347E+01  0.3425E+02
   0.775  0.7361E+01  0.3432E+02
   0.785  0.7376E+01  0.3440E+02
   0.795  0.7390E+01  0.3447E+02
   0.805  0.7405E+01  0.3454E+02
   0.815  0.7420E+01  0.3462E+02
   0.825  0.7434E+01  0.3469E+02
   0.835  0.7449E+01  0.3477E+02
   0.845  0.7464E+01  0.3484E+02
   0.855  0.7479E+01  0.3492E+02
   0.865  0.7493E+01  0.3499E+02
   0.875  0.7508E+01  0.3507E+02
   0.885  0.7523E+01  0.3514E+02
   0.895  0.7538E+01  0.3522E+02
   0.905  0.7553E+01  0.3529E+02
   0.915  0.7567E+01  0.3537E+02
   0.925  0.7582E+01  0.3544E+02
   0.935  0.7597E+01  0.3552E+02
   0.945  0.7611E+01  0.3560E+02
   0.955  0.7626E+01  0.3567E+02
   0.965  0.7640E+01  0.3575E+02
   0.975  0.7654E+01  0.3583E+02
   0.985  0.7668E+01  0.3590E+02
   0.995  0.7682E+01  0.3598E+02
   1.005  0.7696E+01  0.3606E+02
   1.015  0.7709E+01  0.3613E+02
   1.025  0.7723E+01  0.3621E+02
   1.035  0.7736E+01  0.3629E+02
   1.045  0.7749E+01  0.3636E+02
   1.055  0.7762E+01  0.3644E+02
   1.065  0.7774E+01  0.3652E+02
   1.075  0.7786E+01  0.3660E+02
   1.085  0.7798E+01  0.3668E+02
   1.095  0.7809E+01  0.3675E+02
   1.105  0.7821E+01  0.3683E+02
   1.115  0.7831E+01  0.3691E+02
   1.125  0.7842E+01  0.3699E+02
   1.135  0.7852E+01  0.3707E+02
   1.145  0.7862E+01  0.3715E+02
   1.155  0.7871E+01  0.3722E+02
   1.165  0.7880E+01  0.3730E+02
   1.175  0.7888E+01  0.3738E+02
   1.185  0.7896E+01  0.3746E+02
   1.195  0.7904E+01  0.3754E+02
   1.205  0.7911E+01  0.3762E+02
   1.215  0.7918E+01  0.3770E+02
   1.225  0.7924E+01  0.3778E+02
   1.235  0.7929E+01  0.3786E+02
   1.245  0.7934E+01  0.3794E+02
   1.255  0.7939E+01  0.3802E+02
   1.265  0.7943E+01  0.3810E+02
   1.275  0.7946E+01  0.3818E+02
   1.285  0.7949E+01  0.3825E+02
   1.295  0.7951E+01  0.3833E+02
   1.305  0.7953E+01  0.3841E+02
   1.315  0.7954E+01  0.3849E+02
   1.325  0.7954E+01  0.3857E+02
   1.335  0.7954E+01  0.3865E+02
   1.345  0.7954E+01  0.3873E+02
   1.355  0.7952E+01  0.3881E+02
   1.365  0.7950E+01  0.3889E+02
   1.375  0.7948E+01  0.3897E+02
   1.385  0.7945E+01  0.3905E+02
   1.395  0.7941E+01  0.3913E+02
   1.405  0.7937E+01  0.3921E+02
   1.415  0.7932E+01  0.3929E+02
   1.425  0.7926E+01  0.3937E+02
   1.435  0.7920E+01  0.3945E+02
   1.445  0.7913E+01  0.3953E+02
   1.455  0.7906E+01  0.3960E+02
   1.465  0.7898E+01  0.3968E+02
   1.475  0.7889E+01  0.3976E+02
   1.485  0.7880E+01  0.3984E+02
   1.495  0.7871E+01  0.3992E+02
   1.505  0.7860E+01  0.4000E+02
   1.515  0.7849E+01  0.4008E+02
   1.525  0.7838E+01  0.4016E+02
   1.535  0.7826E+01  0.4023E+02
   1.545  0.7814E+01  0.4031E+02
   1.555  0.7801E+01  0.4039E+02
   1.565  0.7787E+01  0.4047E+02
   1.575  0.7773E+01  0.4055E+02
   1.585  0.7759E+01  0.4062E+02
   1.595  0.7744E+01  0.4070E+02
   1.605  0.7728E+01  0.4078E+02
   1.615  0.7712E+01  0.4085E+02
   1.625  0.7696E+01  0.4093E+02
   1.635  0.7679E+01  0.4101E+02
   1.645  0.7661E+01  0.4109E+02
   1.655  0.7644E+01  0.4116E+02
   1.665  0.7626E+01  0.4124E+02
   1.675  0.7607E+01  0.4131E+02
   1.685  0.7588E+01  0.4139E+02
   1.695  0.7569E+01  0.4147E+02
   1.705  0.7549E+01  0.4154E+02
   1.715  0.7529E+01  0.4162E+02
   1.725  0.7508E+01  0.4169E+02
   1.735  0.7487E+01  0.4177E+02
   1.745  0.7466E+01  0.4184E+02
   1.755  0.7445E+01  0.4192E+02
   1.765  0.7423E+01  0.4199E+02
   1.775  0.7401E+01  0.4206E+02
   1.785  0.7378E+01  0.4214E+02
   1.795  0.7355E+01  0.4221E+02
   1.805  0.7332E+01  0.4228E+02
   1.815  0.7309E+01  0.4236E+02
   1.825  0.7285E+01  0.4243E+02
   1.835  0.7261E+01  0.4250E+02
   1.845  0.7237E+01  0.4258E+02
   1.855  0.7212E+01  0.4265E+02
   1.865  0.7187E+01  0.4272E+02
   1.875  0.7161E+01  0.4279E+02
   1.885  0.7136E+01  0.4286E+02
   1.895  0.7110E+01  0.4293E+02
   1.905  0.7083E+01  0.4300E+02
   1.915  0.7056E+01  0.4307E+02
   1.925  0.7029E+01  0.4314E+02
   1.935  0.7002E+01  0.4321E+02
   1.945  0.6974E+01  0.4328E+02
   1.955  0.6945E+01  0.4335E+02
   1.965  0.6917E+01  0.4342E+02
   1.975  0.6887E+01  0.4349E+02
   1.985  0.6858E+01  0.4356E+02
   1.995  0.6828E+01  0.4363E+02
   2.005  0.6797E+01  0.4370E+02
   2.015  0.6766E+01  0.4376E+02
   2.025  0.6734E+01  0.4383E+02
   2.035  0.6702E+01  0.4390E+02
   2.045  0.6669E+01  0.4397E+02
   2.055  0.6636E+01  0.4403E+02
   2.065  0.6602E+01  0.4410E+02
   2.075  0.6567E+01  0.4416E+02
   2.085  0.6532E+01  0.4423E+02
   2.095  0.6496E+01  0.4429E+02
   2.105  0.6460E+01  0.4436E+02
   2.115  0.6422E+01  0.4442E+02
   2.125  0.6384E+01  0.4449E+02
   2.135  0.6346E+01  0.4455E+02
   2.145  0.6306E+01  0.4461E+02
   2.155  0.6266E+01  0.4468E+02
   2.165  0.6225E+01  0.4474E+02
   2.175  0.6183E+01  0.4480E+02
   2.185  0.6140E+01  0.4486E+02
   2.195  0.6096E+01  0.4492E+02
   2.205  0.6051E+01  0.4498E+02
   2.215  0.6006E+01  0.4504E+02
   2.225  0.5960E+01  0.4510E+02
   2.235  0.5912E+01  0.4516E+02
   2.245  0.5864E+01  0.4522E+02
   2.255  0.5815E+01  0.4528E+02
   2.265  0.5765E+01  0.4534E+02
   2.275  0.5713E+01  0.4539E+02
   2.285  0.5661E+01  0.4545E+02
   2.295  0.5608E+01  0.4551E+02
   2.305  0.5554E+01  0.4556E+02
   2.315  0.5499E+01  0.4562E+02
   2.325  0.5443E+01  0.4567E+02
   2.335  0.5386E+01  0.4572E+02
   2.345  0.5328E+01  0.4578E+02
   2.355  0.5270E+01  0.4583E+02
   2.365  0.5210E+01  0.4588E+02
   2.375  0.5149E+01  0.4593E+02
   2.385  0.5087E+01  0.4598E+02
   2.395  0.5025E+01  0.4604E+02
   2.405  0.4962E+01  0.4608E+02
   2.415  0.4897E+01  0.4613E+02
   2.425  0.4832E+01  0.4618E+02
   2.435  0.4767E+01  0.4623E+02
   2.445  0.4700E+01  0.4628E+02
   2.455  0.4633E+01  0.4632E+02
   2.465  0.4565E+01  0.4637E+02
   2.475  0.4496E+01  0.4641E+02
   2.485  0.4427E+01  0.4646E+02
   2.495  0.4357E+01  0.4650E+02
   2.505  0.4286E+01  0.4654E+02
   2.515  0.4215E+01  0.4659E+02
   2.525  0.4144E+01  0.4663E+02
   2.535  0.4072E+01  0.4667E+02
   2.545  0.4000E+01  0.4671E+02
   2.555  0.3927E+01  0.4675E+02
   2.565  0.3854E+01  0.4679E+02
   2.575  0.3781E+01  0.4682E+02
   2.585  0.3707E+01  0.4686E+02
   2.595  0.3634E+01  0.4690E+02
   2.605  0.3560E+01  0.4693E+02
   2.615  0.3487E+01  0.4697E+02
   2.625  0.3413E+01  0.4700E+02
   2.635  0.3339E+01  0.4704E+02
   2.645  0.3266E+01  0.4707E+02
   2.655  0.3192E+01  0.4710E+02
   2.665  0.3119E+01  0.4713E+02
   2.675  0.3046E+01  0.4716E+02
   2.685  0.2973E+01  0.4719E+02
   2.695  0.2901E+01  0.4722E+02
   2.705  0.2829E+01  0.4725E+02
   2.715  0.2758E+01  0.4728E+02
   2.725  0.2687E+01  0.4730E+02
   2.735  0.2616E+01  0.4733E+02
   2.745  0.2546E+01  0.4736E+02
   2.755  0.2477E+01  0.4738E+02
   2.765  0.2409E+01  0.4740E+02
   2.775  0.2341E+01  0.4743E+02
   2.785  0.2274E+01  0.4745E+02
   2.795  0.2208E+01  0.4747E+02
   2.805  0.2142E+01  0.4749E+02
   2.815  0.2077E+01  0.4751E+02
   2.825  0.2014E+01  0.4753E+02
   2.835  0.1951E+01  0.4755E+02
   2.845  0.1889E+01  0.4757E+02
   2.855  0.1828E+01  0.4759E+02
   2.865  0.1769E+01  0.4761E+02
   2.875  0.1710E+01  0.4763E+02
   2.885  0.1652E+01  0.4764E+02
   2.895  0.1596E+01  0.4766E+02
   2.905  0.1540E+01  0.4767E+02
   2.915  0.1486E+01  0.4769E+02
   2.925  0.1433E+01  0.4770E+02
   2.935  0.1381E+01  0.4772E+02
   2.945  0.1330E+01  0.4773E+02
   2.955  0.1280E+01  0.4774E+02
   2.965  0.1231E+01  0.4776E+02
   2.975  0.1184E+01  0.4777E+02
   2.985  0.1138E+01  0.4778E+02
   2.995  0.1093E+01  0.4779E+02
   3.005  0.1049E+01  0.4780E+02
   3.015  0.1006E+01  0.4781E+02
   3.025  0.9649E+00  0.4782E+02
   3.035  0.9247E+00  0.4783E+02
   3.045  0.8856E+00  0.4784E+02
   3.055  0.8477E+00  0.4785E+02
   3.065  0.8109E+00  0.4785E+02
   3.075  0.7753E+00  0.4786E+02
   3.085  0.7409E+00  0.4787E+02
   3.095  0.7075E+00  0.4788E+02
   3.105  0.6753E+00  0.4788E+02
   3.115  0.6441E+00  0.4789E+02
   3.125  0.6141E+00  0.4790E+02
   3.135  0.5851E+00  0.4790E+02
   3.145  0.5571E+00  0.4791E+02
   3.155  0.5302E+00  0.4791E+02
   3.165  0.5043E+00  0.4792E+02
   3.175  0.4793E+00  0.4792E+02
   3.185  0.4553E+00  0.4793E+02
   3.195  0.4323E+00  0.4793E+02
   3.205  0.4102E+00  0.4794E+02
   3.215  0.3890E+00  0.4794E+02
   3.225  0.3687E+00  0.4794E+02
   3.235  0.3492E+00  0.4795E+02
   3.245  0.3305E+00  0.4795E+02
   3.255  0.3127E+00  0.4795E+02
   3.265  0.2956E+00  0.4796E+02
   3.275  0.2794E+00  0.4796E+02
   3.285  0.2638E+00  0.4796E+02
   3.295  0.2490E+00  0.4796E+02
   3.305  0.2348E+00  0.4797E+02
   3.315  0.2214E+00  0.4797E+02
   3.325  0.2085E+00  0.4797E+02
   3.335  0.1963E+00  0.4797E+02
   3.345  0.1847E+00  0.4797E+02
   3.355  0.1737E+00  0.4798E+02
   3.365  0.1632E+00  0.4798E+02
   3.375  0.1533E+00  0.4798E+02
   3.385  0.1439E+00  0.4798E+02
   3.395  0.1350E+00  0.4798E+02
   3.405  0.1265E+00  0.4798E+02
   3.415  0.1186E+00  0.4798E+02
   3.425  0.1110E+00  0.4799E+02
   3.435  0.1039E+00  0.4799E+02
   3.445  0.9714E-01  0.4799E+02
   3.455  0.9079E-01  0.4799E+02
   3.465  0.8480E-01  0.4799E+02
   3.475  0.7915E-01  0.4799E+02
   3.485  0.7384E-01  0.4799E+02
   3.495  0.6884E-01  0.4799E+02
   3.505  0.6414E-01  0.4799E+02
   3.515  0.5972E-01  0.4799E+02
   3.525  0.5557E-01  0.4799E+02
   3.535  0.5168E-01  0.4799E+02
   3.545  0.4803E-01  0.4799E+02
   3.555  0.4461E-01  0.4799E+02
   3.565  0.4141E-01  0.4800E+02
   3.575  0.3841E-01  0.4800E+02
   3.585  0.3561E-01  0.4800E+02
   3.595  0.3300E-01  0.4800E+02
   3.605  0.3055E-01  0.4800E+02
   3.615  0.2827E-01  0.4800E+02
   3.625  0.2614E-01  0.4800E+02
   3.635  0.2416E-01  0.4800E+02
   3.645  0.2231E-01  0.4800E+02
   3.655  0.2060E-01  0.4800E+02
   3.665  0.1900E-01  0.4800E+02
   3.675  0.1751E-01  0.4800E+02
   3.685  0.1613E-01  0.4800E+02
   3.695  0.1485E-01  0.4800E+02
   3.705  0.1367E-01  0.4800E+02
   3.715  0.1257E-01  0.4800E+02
   3.725  0.1155E-01  0.4800E+02
   3.735  0.1061E-01  0.4800E+02
   3.745  0.9734E-02  0.4800E+02
   3.755  0.8928E-02  0.4800E+02
   3.765  0.8184E-02  0.4800E+02
   3.775  0.7497E-02  0.4800E+02
   3.785  0.6863E-02  0.4800E+02
   3.795  0.6279E-02  0.4800E+02
   3.805  0.5741E-02  0.4800E+02
   3.815  0.5245E-02  0.4800E+02
   3.825  0.4789E-02  0.4800E+02
   3.835  0.4371E-02  0.4800E+02
   3.845  0.3986E-02  0.4800E+02
   3.855  0.3633E-02  0.4800E+02
   3.865  0.3309E-02  0.4800E+02
   3.875  0.3012E-02  0.4800E+02
   3.885  0.2739E-02  0.4800E+02
   3.895  0.2490E-02  0.4800E+02
   3.905  0.2262E-02  0.4800E+02
   3.915  0.2054E-02  0.4800E+02
   3.925  0.1864E-02  0.4800E+02
   3.935  0.1690E-02  0.4800E+02
   3.945  0.1531E-02  0.4800E+02
   3.955  0.1387E-02  0.4800E+02
   3.965  0.1255E-02  0.4800E+02
   3.975  0.1135E-02  0.4800E+02
   3.985  0.1026E-02  0.4800E+02
   3.995  0.9265E-03  0.4800E+02
   4.005  0.8363E-03  0.4800E+02
   4.015  0.7544E-03  0.4800E+02
   4.025  0.6801E-03  0.4800E+02
   4.035  0.6127E-03  0.4800E+02
   4.045  0.5517E-03  0.4800E+02
   4.055  0.4964E-03  0.4800E+02
   4.065  0.4463E-03  0.4800E+02
   4.075  0.4011E-03  0.4800E+02
   4.085  0.3602E-03  0.4800E+02
   4.095  0.3232E-03  0.4800E+02
   4.105  0.2899E-03  0.4800E+02
   4.115  0.2598E-03  0.4800E+02
   4.125  0.2327E-03  0.4800E+02
   4.135  0.2083E-03  0.4800E+02
   4.145  0.1864E-03  0.4800E+02
   4.155  0.1666E-03  0.4800E+02
   4.165  0.1488E-03  0.4800E+02
   4.175  0.1329E-03  0.4800E+02
   4.185  0.1186E-03  0.4800E+02
