#  E (eV)   dos(E)     Int dos(E) EFermi =    2.576 eV
 -17.181  0.4985E-05  0.4985E-07
 -17.171  0.7954E-05  0.1294E-06
 -17.161  0.1257E-04  0.2551E-06
 -17.151  0.1966E-04  0.4517E-06
 -17.141  0.3046E-04  0.7562E-06
 -17.131  0.4672E-04  0.1223E-05
 -17.121  0.7097E-04  0.1933E-05
 -17.111  0.1067E-03  0.3001E-05
 -17.101  0.1590E-03  0.4591E-05
 -17.091  0.2345E-03  0.6936E-05
 -17.081  0.3426E-03  0.1036E-04
 -17.071  0.4957E-03  0.1532E-04
 -17.061  0.7102E-03  0.2242E-04
 -17.051  0.1008E-02  0.3250E-04
 -17.041  0.1416E-02  0.4666E-04
 -17.031  0.1972E-02  0.6638E-04
 -17.021  0.2719E-02  0.9357E-04
 -17.011  0.3714E-02  0.1307E-03
 -17.001  0.5025E-02  0.1810E-03
 -16.991  0.6736E-02  0.2483E-03
 -16.981  0.8945E-02  0.3378E-03
 -16.971  0.1177E-01  0.4554E-03
 -16.961  0.1534E-01  0.6089E-03
 -16.951  0.1982E-01  0.8071E-03
 -16.941  0.2537E-01  0.1061E-02
 -16.931  0.3219E-01  0.1383E-02
 -16.921  0.4049E-01  0.1788E-02
 -16.911  0.5048E-01  0.2292E-02
 -16.901  0.6239E-01  0.2916E-02
 -16.891  0.7646E-01  0.3681E-02
 -16.881  0.9292E-01  0.4610E-02
 -16.871  0.1120E+00  0.5730E-02
 -16.861  0.1339E+00  0.7069E-02
 -16.851  0.1589E+00  0.8658E-02
 -16.841  0.1870E+00  0.1053E-01
 -16.831  0.2184E+00  0.1271E-01
 -16.821  0.2533E+00  0.1524E-01
 -16.811  0.2916E+00  0.1816E-01
 -16.801  0.3334E+00  0.2149E-01
 -16.791  0.3785E+00  0.2528E-01
 -16.781  0.4270E+00  0.2955E-01
 -16.771  0.4787E+00  0.3434E-01
 -16.761  0.5333E+00  0.3967E-01
 -16.751  0.5906E+00  0.4558E-01
 -16.741  0.6505E+00  0.5208E-01
 -16.731  0.7125E+00  0.5920E-01
 -16.721  0.7763E+00  0.6697E-01
 -16.711  0.8417E+00  0.7539E-01
 -16.701  0.9084E+00  0.8447E-01
 -16.691  0.9760E+00  0.9423E-01
 -16.681  0.1044E+01  0.1047E+00
 -16.671  0.1113E+01  0.1158E+00
 -16.661  0.1182E+01  0.1276E+00
 -16.651  0.1251E+01  0.1401E+00
 -16.641  0.1321E+01  0.1533E+00
 -16.631  0.1390E+01  0.1672E+00
 -16.621  0.1459E+01  0.1818E+00
 -16.611  0.1529E+01  0.1971E+00
 -16.601  0.1599E+01  0.2131E+00
 -16.591  0.1670E+01  0.2298E+00
 -16.581  0.1742E+01  0.2473E+00
 -16.571  0.1815E+01  0.2654E+00
 -16.561  0.1890E+01  0.2843E+00
 -16.551  0.1966E+01  0.3040E+00
 -16.541  0.2045E+01  0.3244E+00
 -16.531  0.2126E+01  0.3457E+00
 -16.521  0.2210E+01  0.3678E+00
 -16.511  0.2297E+01  0.3907E+00
 -16.501  0.2388E+01  0.4146E+00
 -16.491  0.2482E+01  0.4394E+00
 -16.481  0.2581E+01  0.4653E+00
 -16.471  0.2684E+01  0.4921E+00
 -16.461  0.2792E+01  0.5200E+00
 -16.451  0.2905E+01  0.5491E+00
 -16.441  0.3024E+01  0.5793E+00
 -16.431  0.3148E+01  0.6108E+00
 -16.421  0.3279E+01  0.6436E+00
 -16.411  0.3415E+01  0.6777E+00
 -16.401  0.3556E+01  0.7133E+00
 -16.391  0.3702E+01  0.7503E+00
 -16.381  0.3853E+01  0.7888E+00
 -16.371  0.4005E+01  0.8289E+00
 -16.361  0.4159E+01  0.8705E+00
 -16.351  0.4311E+01  0.9136E+00
 -16.341  0.4459E+01  0.9582E+00
 -16.331  0.4601E+01  0.1004E+01
 -16.321  0.4732E+01  0.1051E+01
 -16.311  0.4851E+01  0.1100E+01
 -16.301  0.4953E+01  0.1150E+01
 -16.291  0.5035E+01  0.1200E+01
 -16.281  0.5095E+01  0.1251E+01
 -16.271  0.5129E+01  0.1302E+01
 -16.261  0.5137E+01  0.1353E+01
 -16.251  0.5116E+01  0.1405E+01
 -16.241  0.5067E+01  0.1455E+01
 -16.231  0.4988E+01  0.1505E+01
 -16.221  0.4883E+01  0.1554E+01
 -16.211  0.4751E+01  0.1602E+01
 -16.201  0.4597E+01  0.1648E+01
 -16.191  0.4423E+01  0.1692E+01
 -16.181  0.4233E+01  0.1734E+01
 -16.171  0.4031E+01  0.1774E+01
 -16.161  0.3822E+01  0.1813E+01
 -16.151  0.3609E+01  0.1849E+01
 -16.141  0.3398E+01  0.1883E+01
 -16.131  0.3192E+01  0.1915E+01
 -16.121  0.2995E+01  0.1945E+01
 -16.111  0.2812E+01  0.1973E+01
 -16.101  0.2643E+01  0.1999E+01
 -16.091  0.2493E+01  0.2024E+01
 -16.081  0.2362E+01  0.2048E+01
 -16.071  0.2252E+01  0.2070E+01
 -16.061  0.2163E+01  0.2092E+01
 -16.051  0.2097E+01  0.2113E+01
 -16.041  0.2053E+01  0.2133E+01
 -16.031  0.2032E+01  0.2154E+01
 -16.021  0.2031E+01  0.2174E+01
 -16.011  0.2052E+01  0.2194E+01
 -16.001  0.2094E+01  0.2215E+01
 -15.991  0.2155E+01  0.2237E+01
 -15.981  0.2236E+01  0.2259E+01
 -15.971  0.2335E+01  0.2283E+01
 -15.961  0.2452E+01  0.2307E+01
 -15.951  0.2587E+01  0.2333E+01
 -15.941  0.2737E+01  0.2360E+01
 -15.931  0.2903E+01  0.2389E+01
 -15.921  0.3081E+01  0.2420E+01
 -15.911  0.3271E+01  0.2453E+01
 -15.901  0.3470E+01  0.2488E+01
 -15.891  0.3674E+01  0.2524E+01
 -15.881  0.3880E+01  0.2563E+01
 -15.871  0.4084E+01  0.2604E+01
 -15.861  0.4283E+01  0.2647E+01
 -15.851  0.4471E+01  0.2692E+01
 -15.841  0.4643E+01  0.2738E+01
 -15.831  0.4796E+01  0.2786E+01
 -15.821  0.4924E+01  0.2835E+01
 -15.811  0.5025E+01  0.2885E+01
 -15.801  0.5095E+01  0.2936E+01
 -15.791  0.5132E+01  0.2988E+01
 -15.781  0.5135E+01  0.3039E+01
 -15.771  0.5103E+01  0.3090E+01
 -15.761  0.5037E+01  0.3140E+01
 -15.751  0.4940E+01  0.3190E+01
 -15.741  0.4814E+01  0.3238E+01
 -15.731  0.4662E+01  0.3285E+01
 -15.721  0.4489E+01  0.3330E+01
 -15.711  0.4300E+01  0.3373E+01
 -15.701  0.4098E+01  0.3413E+01
 -15.691  0.3889E+01  0.3452E+01
 -15.681  0.3677E+01  0.3489E+01
 -15.671  0.3466E+01  0.3524E+01
 -15.661  0.3259E+01  0.3556E+01
 -15.651  0.3060E+01  0.3587E+01
 -15.641  0.2871E+01  0.3616E+01
 -15.631  0.2693E+01  0.3643E+01
 -15.621  0.2528E+01  0.3668E+01
 -15.611  0.2375E+01  0.3692E+01
 -15.601  0.2236E+01  0.3714E+01
 -15.591  0.2109E+01  0.3735E+01
 -15.581  0.1994E+01  0.3755E+01
 -15.571  0.1891E+01  0.3774E+01
 -15.561  0.1798E+01  0.3792E+01
 -15.551  0.1716E+01  0.3809E+01
 -15.541  0.1644E+01  0.3826E+01
 -15.531  0.1581E+01  0.3841E+01
 -15.521  0.1528E+01  0.3857E+01
 -15.511  0.1484E+01  0.3871E+01
 -15.501  0.1451E+01  0.3886E+01
 -15.491  0.1428E+01  0.3900E+01
 -15.481  0.1418E+01  0.3914E+01
 -15.471  0.1420E+01  0.3929E+01
 -15.461  0.1436E+01  0.3943E+01
 -15.451  0.1467E+01  0.3958E+01
 -15.441  0.1513E+01  0.3973E+01
 -15.431  0.1577E+01  0.3989E+01
 -15.421  0.1659E+01  0.4005E+01
 -15.411  0.1760E+01  0.4023E+01
 -15.401  0.1879E+01  0.4042E+01
 -15.391  0.2018E+01  0.4062E+01
 -15.381  0.2175E+01  0.4083E+01
 -15.371  0.2349E+01  0.4107E+01
 -15.361  0.2539E+01  0.4132E+01
 -15.351  0.2744E+01  0.4160E+01
 -15.341  0.2960E+01  0.4189E+01
 -15.331  0.3185E+01  0.4221E+01
 -15.321  0.3414E+01  0.4255E+01
 -15.311  0.3646E+01  0.4292E+01
 -15.301  0.3874E+01  0.4331E+01
 -15.291  0.4096E+01  0.4372E+01
 -15.281  0.4307E+01  0.4415E+01
 -15.271  0.4502E+01  0.4460E+01
 -15.261  0.4678E+01  0.4506E+01
 -15.251  0.4831E+01  0.4555E+01
 -15.241  0.4959E+01  0.4604E+01
 -15.231  0.5059E+01  0.4655E+01
 -15.221  0.5129E+01  0.4706E+01
 -15.211  0.5168E+01  0.4758E+01
 -15.201  0.5177E+01  0.4810E+01
 -15.191  0.5155E+01  0.4861E+01
 -15.181  0.5105E+01  0.4912E+01
 -15.171  0.5027E+01  0.4963E+01
 -15.161  0.4924E+01  0.5012E+01
 -15.151  0.4799E+01  0.5060E+01
 -15.141  0.4656E+01  0.5106E+01
 -15.131  0.4496E+01  0.5151E+01
 -15.121  0.4325E+01  0.5195E+01
 -15.111  0.4144E+01  0.5236E+01
 -15.101  0.3957E+01  0.5276E+01
 -15.091  0.3767E+01  0.5313E+01
 -15.081  0.3577E+01  0.5349E+01
 -15.071  0.3388E+01  0.5383E+01
 -15.061  0.3204E+01  0.5415E+01
 -15.051  0.3026E+01  0.5445E+01
 -15.041  0.2855E+01  0.5474E+01
 -15.031  0.2693E+01  0.5501E+01
 -15.021  0.2540E+01  0.5526E+01
 -15.011  0.2397E+01  0.5550E+01
 -15.001  0.2266E+01  0.5573E+01
 -14.991  0.2146E+01  0.5594E+01
 -14.981  0.2039E+01  0.5615E+01
 -14.971  0.1943E+01  0.5634E+01
 -14.961  0.1861E+01  0.5653E+01
 -14.951  0.1793E+01  0.5670E+01
 -14.941  0.1740E+01  0.5688E+01
 -14.931  0.1702E+01  0.5705E+01
 -14.921  0.1683E+01  0.5722E+01
 -14.911  0.1683E+01  0.5739E+01
 -14.901  0.1706E+01  0.5756E+01
 -14.891  0.1755E+01  0.5773E+01
 -14.881  0.1835E+01  0.5792E+01
 -14.871  0.1950E+01  0.5811E+01
 -14.861  0.2106E+01  0.5832E+01
 -14.851  0.2311E+01  0.5855E+01
 -14.841  0.2570E+01  0.5881E+01
 -14.831  0.2891E+01  0.5910E+01
 -14.821  0.3283E+01  0.5943E+01
 -14.811  0.3753E+01  0.5980E+01
 -14.801  0.4308E+01  0.6023E+01
 -14.791  0.4954E+01  0.6073E+01
 -14.781  0.5696E+01  0.6130E+01
 -14.771  0.6536E+01  0.6195E+01
 -14.761  0.7474E+01  0.6270E+01
 -14.751  0.8508E+01  0.6355E+01
 -14.741  0.9630E+01  0.6451E+01
 -14.731  0.1083E+02  0.6560E+01
 -14.721  0.1210E+02  0.6681E+01
 -14.711  0.1341E+02  0.6815E+01
 -14.701  0.1475E+02  0.6962E+01
 -14.691  0.1609E+02  0.7123E+01
 -14.681  0.1740E+02  0.7297E+01
 -14.671  0.1866E+02  0.7484E+01
 -14.661  0.1983E+02  0.7682E+01
 -14.651  0.2089E+02  0.7891E+01
 -14.641  0.2181E+02  0.8109E+01
 -14.631  0.2256E+02  0.8335E+01
 -14.621  0.2313E+02  0.8566E+01
 -14.611  0.2349E+02  0.8801E+01
 -14.601  0.2364E+02  0.9037E+01
 -14.591  0.2356E+02  0.9273E+01
 -14.581  0.2327E+02  0.9505E+01
 -14.571  0.2277E+02  0.9733E+01
 -14.561  0.2207E+02  0.9954E+01
 -14.551  0.2119E+02  0.1017E+02
 -14.541  0.2015E+02  0.1037E+02
 -14.531  0.1898E+02  0.1056E+02
 -14.521  0.1771E+02  0.1073E+02
 -14.511  0.1637E+02  0.1090E+02
 -14.501  0.1498E+02  0.1105E+02
 -14.491  0.1358E+02  0.1118E+02
 -14.481  0.1220E+02  0.1131E+02
 -14.471  0.1085E+02  0.1141E+02
 -14.461  0.9554E+01  0.1151E+02
 -14.451  0.8334E+01  0.1159E+02
 -14.441  0.7199E+01  0.1166E+02
 -14.431  0.6158E+01  0.1173E+02
 -14.421  0.5217E+01  0.1178E+02
 -14.411  0.4377E+01  0.1182E+02
 -14.401  0.3636E+01  0.1186E+02
 -14.391  0.2991E+01  0.1189E+02
 -14.381  0.2436E+01  0.1191E+02
 -14.371  0.1965E+01  0.1193E+02
 -14.361  0.1569E+01  0.1195E+02
 -14.351  0.1241E+01  0.1196E+02
 -14.341  0.9715E+00  0.1197E+02
 -14.331  0.7531E+00  0.1198E+02
 -14.321  0.5780E+00  0.1198E+02
 -14.311  0.4393E+00  0.1199E+02
 -14.301  0.3305E+00  0.1199E+02
 -14.291  0.2462E+00  0.1199E+02
 -14.281  0.1815E+00  0.1200E+02
 -14.271  0.1325E+00  0.1200E+02
 -14.261  0.9579E-01  0.1200E+02
 -14.251  0.6854E-01  0.1200E+02
 -14.241  0.4856E-01  0.1200E+02
 -14.231  0.3405E-01  0.1200E+02
 -14.221  0.2364E-01  0.1200E+02
 -14.211  0.1624E-01  0.1200E+02
 -14.201  0.1105E-01  0.1200E+02
 -14.191  0.7443E-02  0.1200E+02
 -14.181  0.4962E-02  0.1200E+02
 -14.171  0.3274E-02  0.1200E+02
 -14.161  0.2139E-02  0.1200E+02
 -14.151  0.1383E-02  0.1200E+02
 -14.141  0.8852E-03  0.1200E+02
 -14.131  0.5608E-03  0.1200E+02
 -14.121  0.3517E-03  0.1200E+02
 -14.111  0.2183E-03  0.1200E+02
 -14.101  0.1342E-03  0.1200E+02
 -14.091  0.8160E-04  0.1200E+02
 -14.081  0.4912E-04  0.1200E+02
 -14.071  0.2927E-04  0.1200E+02
 -14.061  0.1726E-04  0.1200E+02
 -14.051  0.1008E-04  0.1200E+02
 -14.041  0.5823E-05  0.1200E+02
 -14.031  0.3330E-05  0.1200E+02
 -14.021  0.1885E-05  0.1200E+02
 -14.011  0.1056E-05  0.1200E+02
 -14.001  0.5855E-06  0.1200E+02
 -13.991  0.3214E-06  0.1200E+02
 -13.981  0.1746E-06  0.1200E+02
 -13.971  0.9384E-07  0.1200E+02
 -13.961  0.4993E-07  0.1200E+02
 -13.951  0.2630E-07  0.1200E+02
 -13.941  0.1371E-07  0.1200E+02
 -13.931  0.7070E-08  0.1200E+02
 -13.921  0.3609E-08  0.1200E+02
 -13.911  0.1824E-08  0.1200E+02
 -13.901  0.9119E-09  0.1200E+02
 -13.891  0.4513E-09  0.1200E+02
 -13.881  0.2210E-09  0.1200E+02
 -13.871  0.1071E-09  0.1200E+02
 -13.861  0.5140E-10  0.1200E+02
 -13.851  0.2440E-10  0.1200E+02
 -13.841  0.1147E-10  0.1200E+02
 -13.831  0.5332E-11  0.1200E+02
 -13.821  0.2453E-11  0.1200E+02
 -13.811  0.1117E-11  0.1200E+02
 -13.801  0.5035E-12  0.1200E+02
 -13.791  0.2246E-12  0.1200E+02
 -13.781  0.9913E-13  0.1200E+02
 -13.771  0.4330E-13  0.1200E+02
 -13.761  0.1872E-13  0.1200E+02
 -13.751  0.8006E-14  0.1200E+02
 -13.741  0.3389E-14  0.1200E+02
 -13.731  0.1420E-14  0.1200E+02
 -13.721  0.5886E-15  0.1200E+02
 -13.711  0.2414E-15  0.1200E+02
 -13.701  0.9802E-16  0.1200E+02
 -13.691  0.3938E-16  0.1200E+02
 -13.681  0.1565E-16  0.1200E+02
 -13.671  0.6158E-17  0.1200E+02
 -13.661  0.2397E-17  0.1200E+02
 -13.651  0.9234E-18  0.1200E+02
 -13.641  0.3520E-18  0.1200E+02
 -13.631  0.1328E-18  0.1200E+02
 -13.621  0.4956E-19  0.1200E+02
 -13.611  0.1830E-19  0.1200E+02
 -13.601  0.6690E-20  0.1200E+02
 -13.591  0.2419E-20  0.1200E+02
 -13.581  0.8658E-21  0.1200E+02
 -13.571  0.3066E-21  0.1200E+02
 -13.561  0.1074E-21  0.1200E+02
 -13.551  0.3725E-22  0.1200E+02
 -13.541  0.1278E-22  0.1200E+02
 -13.531  0.4338E-23  0.1200E+02
 -13.521  0.1457E-23  0.1200E+02
 -13.511  0.4844E-24  0.1200E+02
 -13.501  0.1593E-24  0.1200E+02
 -13.491  0.5184E-25  0.1200E+02
 -13.481  0.1669E-25  0.1200E+02
 -13.471  0.5319E-26  0.1200E+02
 -13.461  0.1677E-26  0.1200E+02
 -13.451  0.5231E-27  0.1200E+02
 -13.441  0.1614E-27  0.1200E+02
 -13.431  0.4931E-28  0.1200E+02
 -13.421  0.1490E-28  0.1200E+02
 -13.411  0.4455E-29  0.1200E+02
 -13.401  0.1318E-29  0.1200E+02
 -13.391  0.3858E-30  0.1200E+02
 -13.381  0.1117E-30  0.1200E+02
 -13.371  0.3202E-31  0.1200E+02
 -13.361  0.9079E-32  0.1200E+02
 -13.351  0.2547E-32  0.1200E+02
 -13.341  0.7070E-33  0.1200E+02
 -13.331  0.1942E-33  0.1200E+02
 -13.321  0.5276E-34  0.1200E+02
 -13.311  0.1419E-34  0.1200E+02
 -13.301  0.3774E-35  0.1200E+02
 -13.291  0.9933E-36  0.1200E+02
 -13.281  0.2587E-36  0.1200E+02
 -13.271  0.6665E-37  0.1200E+02
 -13.261  0.1699E-37  0.1200E+02
 -13.251  0.4286E-38  0.1200E+02
 -13.241  0.1070E-38  0.1200E+02
 -13.231  0.2641E-39  0.1200E+02
 -13.221  0.6452E-40  0.1200E+02
 -13.211  0.1559E-40  0.1200E+02
 -13.201  0.3729E-41  0.1200E+02
 -13.191  0.8824E-42  0.1200E+02
 -13.181  0.2066E-42  0.1200E+02
 -13.171  0.4784E-43  0.1200E+02
 -13.161  0.1096E-43  0.1200E+02
 -13.151  0.2485E-44  0.1200E+02
 -13.141  0.5575E-45  0.1200E+02
 -13.131  0.1237E-45  0.1200E+02
 -13.121  0.2717E-46  0.1200E+02
 -13.111  0.5902E-47  0.1200E+02
 -13.101  0.1268E-47  0.1200E+02
 -13.091  0.2697E-48  0.1200E+02
 -13.081  0.5675E-49  0.1200E+02
 -13.071  0.1181E-49  0.1200E+02
 -13.061  0.2432E-50  0.1200E+02
 -13.051  0.4956E-51  0.1200E+02
 -13.041  0.9990E-52  0.1200E+02
 -13.031  0.1992E-52  0.1200E+02
 -13.021  0.3931E-53  0.1200E+02
 -13.011  0.7674E-54  0.1200E+02
 -13.001  0.1482E-54  0.1200E+02
 -12.991  0.2832E-55  0.1200E+02
 -12.981  0.5353E-56  0.1200E+02
 -12.971  0.1001E-56  0.1200E+02
 -12.961  0.1853E-57  0.1200E+02
 -12.951  0.3391E-58  0.1200E+02
 -12.941  0.6142E-59  0.1200E+02
 -12.931  0.1101E-59  0.1200E+02
 -12.921  0.1951E-60  0.1200E+02
 -12.911  0.3422E-61  0.1200E+02
 -12.901  0.5938E-62  0.1200E+02
 -12.891  0.1019E-62  0.1200E+02
 -12.881  0.1731E-63  0.1200E+02
 -12.871  0.2909E-64  0.1200E+02
 -12.861  0.4836E-65  0.1200E+02
 -12.851  0.7954E-66  0.1200E+02
 -12.841  0.1294E-66  0.1200E+02
 -12.831  0.2083E-67  0.1200E+02
 -12.821  0.3318E-68  0.1200E+02
 -12.811  0.5227E-69  0.1200E+02
 -12.801  0.8148E-70  0.1200E+02
 -12.791  0.1257E-70  0.1200E+02
 -12.781  0.1917E-71  0.1200E+02
 -12.771  0.2894E-72  0.1200E+02
 -12.761  0.4322E-73  0.1200E+02
 -12.751  0.6385E-74  0.1200E+02
 -12.741  0.9332E-75  0.1200E+02
 -12.731  0.1349E-75  0.1200E+02
 -12.721  0.1930E-76  0.1200E+02
 -12.711  0.2732E-77  0.1200E+02
 -12.701  0.3825E-78  0.1200E+02
 -12.691  0.5299E-79  0.1200E+02
 -12.681  0.7263E-80  0.1200E+02
 -12.671  0.9849E-81  0.1200E+02
 -12.661  0.1323E-81  0.1200E+02
 -12.651  0.1779E-82  0.1200E+02
 -12.641  0.2568E-83  0.1200E+02
 -12.631  0.5701E-84  0.1200E+02
 -12.621  0.3114E-84  0.1200E+02
 -12.611  0.2792E-84  0.1200E+02
 -12.601  0.2757E-84  0.1200E+02
 -12.591  0.2755E-84  0.1200E+02
 -12.581  0.2755E-84  0.1200E+02
 -12.571  0.2755E-84  0.1200E+02
 -12.561  0.2755E-84  0.1200E+02
 -12.551  0.2755E-84  0.1200E+02
 -12.541  0.2755E-84  0.1200E+02
 -12.531  0.2755E-84  0.1200E+02
 -12.521  0.2755E-84  0.1200E+02
 -12.511  0.2755E-84  0.1200E+02
 -12.501  0.2755E-84  0.1200E+02
 -12.491  0.2755E-84  0.1200E+02
 -12.481  0.2755E-84  0.1200E+02
 -12.471  0.2755E-84  0.1200E+02
 -12.461  0.2755E-84  0.1200E+02
 -12.451  0.2755E-84  0.1200E+02
 -12.441  0.2755E-84  0.1200E+02
 -12.431  0.2755E-84  0.1200E+02
 -12.421  0.2755E-84  0.1200E+02
 -12.411  0.2755E-84  0.1200E+02
 -12.401  0.2755E-84  0.1200E+02
 -12.391  0.2755E-84  0.1200E+02
 -12.381  0.2755E-84  0.1200E+02
 -12.371  0.2755E-84  0.1200E+02
 -12.361  0.2755E-84  0.1200E+02
 -12.351  0.2755E-84  0.1200E+02
 -12.341  0.2755E-84  0.1200E+02
 -12.331  0.2755E-84  0.1200E+02
 -12.321  0.2755E-84  0.1200E+02
 -12.311  0.2755E-84  0.1200E+02
 -12.301  0.2755E-84  0.1200E+02
 -12.291  0.2755E-84  0.1200E+02
 -12.281  0.2755E-84  0.1200E+02
 -12.271  0.2755E-84  0.1200E+02
 -12.261  0.2755E-84  0.1200E+02
 -12.251  0.2755E-84  0.1200E+02
 -12.241  0.2755E-84  0.1200E+02
 -12.231  0.2755E-84  0.1200E+02
 -12.221  0.2755E-84  0.1200E+02
 -12.211  0.2755E-84  0.1200E+02
 -12.201  0.2755E-84  0.1200E+02
 -12.191  0.2755E-84  0.1200E+02
 -12.181  0.2755E-84  0.1200E+02
 -12.171  0.2755E-84  0.1200E+02
 -12.161  0.2755E-84  0.1200E+02
 -12.151  0.2755E-84  0.1200E+02
 -12.141  0.2755E-84  0.1200E+02
 -12.131  0.2755E-84  0.1200E+02
 -12.121  0.2755E-84  0.1200E+02
 -12.111  0.2755E-84  0.1200E+02
 -12.101  0.2755E-84  0.1200E+02
 -12.091  0.2755E-84  0.1200E+02
 -12.081  0.2755E-84  0.1200E+02
 -12.071  0.2755E-84  0.1200E+02
 -12.061  0.2755E-84  0.1200E+02
 -12.051  0.2755E-84  0.1200E+02
 -12.041  0.2755E-84  0.1200E+02
 -12.031  0.2755E-84  0.1200E+02
 -12.021  0.2755E-84  0.1200E+02
 -12.011  0.2755E-84  0.1200E+02
 -12.001  0.2755E-84  0.1200E+02
 -11.991  0.2755E-84  0.1200E+02
 -11.981  0.2755E-84  0.1200E+02
 -11.971  0.2755E-84  0.1200E+02
 -11.961  0.2755E-84  0.1200E+02
 -11.951  0.2755E-84  0.1200E+02
 -11.941  0.2755E-84  0.1200E+02
 -11.931  0.2755E-84  0.1200E+02
 -11.921  0.2755E-84  0.1200E+02
 -11.911  0.2755E-84  0.1200E+02
 -11.901  0.2755E-84  0.1200E+02
 -11.891  0.2755E-84  0.1200E+02
 -11.881  0.2755E-84  0.1200E+02
 -11.871  0.2755E-84  0.1200E+02
 -11.861  0.2755E-84  0.1200E+02
 -11.851  0.2755E-84  0.1200E+02
 -11.841  0.2755E-84  0.1200E+02
 -11.831  0.2755E-84  0.1200E+02
 -11.821  0.2755E-84  0.1200E+02
 -11.811  0.2755E-84  0.1200E+02
 -11.801  0.2755E-84  0.1200E+02
 -11.791  0.2755E-84  0.1200E+02
 -11.781  0.2755E-84  0.1200E+02
 -11.771  0.2755E-84  0.1200E+02
 -11.761  0.2755E-84  0.1200E+02
 -11.751  0.2755E-84  0.1200E+02
 -11.741  0.2755E-84  0.1200E+02
 -11.731  0.2755E-84  0.1200E+02
 -11.721  0.2755E-84  0.1200E+02
 -11.711  0.2755E-84  0.1200E+02
 -11.701  0.2755E-84  0.1200E+02
 -11.691  0.2755E-84  0.1200E+02
 -11.681  0.2755E-84  0.1200E+02
 -11.671  0.2755E-84  0.1200E+02
 -11.661  0.2755E-84  0.1200E+02
 -11.651  0.2755E-84  0.1200E+02
 -11.641  0.2755E-84  0.1200E+02
 -11.631  0.2755E-84  0.1200E+02
 -11.621  0.2755E-84  0.1200E+02
 -11.611  0.2755E-84  0.1200E+02
 -11.601  0.2755E-84  0.1200E+02
 -11.591  0.2755E-84  0.1200E+02
 -11.581  0.2755E-84  0.1200E+02
 -11.571  0.2755E-84  0.1200E+02
 -11.561  0.2755E-84  0.1200E+02
 -11.551  0.2755E-84  0.1200E+02
 -11.541  0.2755E-84  0.1200E+02
 -11.531  0.2755E-84  0.1200E+02
 -11.521  0.2755E-84  0.1200E+02
 -11.511  0.2755E-84  0.1200E+02
 -11.501  0.2755E-84  0.1200E+02
 -11.491  0.2755E-84  0.1200E+02
 -11.481  0.2755E-84  0.1200E+02
 -11.471  0.2755E-84  0.1200E+02
 -11.461  0.2755E-84  0.1200E+02
 -11.451  0.2755E-84  0.1200E+02
 -11.441  0.2755E-84  0.1200E+02
 -11.431  0.2755E-84  0.1200E+02
 -11.421  0.2755E-84  0.1200E+02
 -11.411  0.2755E-84  0.1200E+02
 -11.401  0.2755E-84  0.1200E+02
 -11.391  0.2755E-84  0.1200E+02
 -11.381  0.2755E-84  0.1200E+02
 -11.371  0.2755E-84  0.1200E+02
 -11.361  0.2755E-84  0.1200E+02
 -11.351  0.2755E-84  0.1200E+02
 -11.341  0.2755E-84  0.1200E+02
 -11.331  0.2755E-84  0.1200E+02
 -11.321  0.2755E-84  0.1200E+02
 -11.311  0.2755E-84  0.1200E+02
 -11.301  0.2755E-84  0.1200E+02
 -11.291  0.2755E-84  0.1200E+02
 -11.281  0.2755E-84  0.1200E+02
 -11.271  0.2755E-84  0.1200E+02
 -11.261  0.2755E-84  0.1200E+02
 -11.251  0.2755E-84  0.1200E+02
 -11.241  0.2755E-84  0.1200E+02
 -11.231  0.2755E-84  0.1200E+02
 -11.221  0.2755E-84  0.1200E+02
 -11.211  0.2755E-84  0.1200E+02
 -11.201  0.2755E-84  0.1200E+02
 -11.191  0.2755E-84  0.1200E+02
 -11.181  0.2755E-84  0.1200E+02
 -11.171  0.2755E-84  0.1200E+02
 -11.161  0.2755E-84  0.1200E+02
 -11.151  0.2755E-84  0.1200E+02
 -11.141  0.2755E-84  0.1200E+02
 -11.131  0.2755E-84  0.1200E+02
 -11.121  0.2755E-84  0.1200E+02
 -11.111  0.2755E-84  0.1200E+02
 -11.101  0.2755E-84  0.1200E+02
 -11.091  0.2755E-84  0.1200E+02
 -11.081  0.2755E-84  0.1200E+02
 -11.071  0.2755E-84  0.1200E+02
 -11.061  0.2755E-84  0.1200E+02
 -11.051  0.2755E-84  0.1200E+02
 -11.041  0.2755E-84  0.1200E+02
 -11.031  0.2755E-84  0.1200E+02
 -11.021  0.2755E-84  0.1200E+02
 -11.011  0.2755E-84  0.1200E+02
 -11.001  0.2755E-84  0.1200E+02
 -10.991  0.2755E-84  0.1200E+02
 -10.981  0.2755E-84  0.1200E+02
 -10.971  0.2755E-84  0.1200E+02
 -10.961  0.2755E-84  0.1200E+02
 -10.951  0.2755E-84  0.1200E+02
 -10.941  0.2755E-84  0.1200E+02
 -10.931  0.2755E-84  0.1200E+02
 -10.921  0.2755E-84  0.1200E+02
 -10.911  0.2755E-84  0.1200E+02
 -10.901  0.2755E-84  0.1200E+02
 -10.891  0.2755E-84  0.1200E+02
 -10.881  0.2755E-84  0.1200E+02
 -10.871  0.2755E-84  0.1200E+02
 -10.861  0.2755E-84  0.1200E+02
 -10.851  0.2755E-84  0.1200E+02
 -10.841  0.2755E-84  0.1200E+02
 -10.831  0.2755E-84  0.1200E+02
 -10.821  0.2755E-84  0.1200E+02
 -10.811  0.2755E-84  0.1200E+02
 -10.801  0.2755E-84  0.1200E+02
 -10.791  0.2755E-84  0.1200E+02
 -10.781  0.2755E-84  0.1200E+02
 -10.771  0.2755E-84  0.1200E+02
 -10.761  0.2755E-84  0.1200E+02
 -10.751  0.2755E-84  0.1200E+02
 -10.741  0.2755E-84  0.1200E+02
 -10.731  0.2755E-84  0.1200E+02
 -10.721  0.2755E-84  0.1200E+02
 -10.711  0.2755E-84  0.1200E+02
 -10.701  0.2755E-84  0.1200E+02
 -10.691  0.2755E-84  0.1200E+02
 -10.681  0.2755E-84  0.1200E+02
 -10.671  0.2755E-84  0.1200E+02
 -10.661  0.2755E-84  0.1200E+02
 -10.651  0.2755E-84  0.1200E+02
 -10.641  0.2755E-84  0.1200E+02
 -10.631  0.2755E-84  0.1200E+02
 -10.621  0.2755E-84  0.1200E+02
 -10.611  0.2755E-84  0.1200E+02
 -10.601  0.2755E-84  0.1200E+02
 -10.591  0.2755E-84  0.1200E+02
 -10.581  0.2755E-84  0.1200E+02
 -10.571  0.2755E-84  0.1200E+02
 -10.561  0.2755E-84  0.1200E+02
 -10.551  0.2755E-84  0.1200E+02
 -10.541  0.2755E-84  0.1200E+02
 -10.531  0.2755E-84  0.1200E+02
 -10.521  0.2755E-84  0.1200E+02
 -10.511  0.2755E-84  0.1200E+02
 -10.501  0.2755E-84  0.1200E+02
 -10.491  0.2755E-84  0.1200E+02
 -10.481  0.2755E-84  0.1200E+02
 -10.471  0.2755E-84  0.1200E+02
 -10.461  0.2755E-84  0.1200E+02
 -10.451  0.2755E-84  0.1200E+02
 -10.441  0.2755E-84  0.1200E+02
 -10.431  0.2755E-84  0.1200E+02
 -10.421  0.2755E-84  0.1200E+02
 -10.411  0.2755E-84  0.1200E+02
 -10.401  0.2755E-84  0.1200E+02
 -10.391  0.2755E-84  0.1200E+02
 -10.381  0.2755E-84  0.1200E+02
 -10.371  0.2755E-84  0.1200E+02
 -10.361  0.2755E-84  0.1200E+02
 -10.351  0.2755E-84  0.1200E+02
 -10.341  0.2755E-84  0.1200E+02
 -10.331  0.2755E-84  0.1200E+02
 -10.321  0.2755E-84  0.1200E+02
 -10.311  0.2755E-84  0.1200E+02
 -10.301  0.2755E-84  0.1200E+02
 -10.291  0.2755E-84  0.1200E+02
 -10.281  0.2755E-84  0.1200E+02
 -10.271  0.2755E-84  0.1200E+02
 -10.261  0.2755E-84  0.1200E+02
 -10.251  0.2755E-84  0.1200E+02
 -10.241  0.2755E-84  0.1200E+02
 -10.231  0.2755E-84  0.1200E+02
 -10.221  0.2755E-84  0.1200E+02
 -10.211  0.2755E-84  0.1200E+02
 -10.201  0.2755E-84  0.1200E+02
 -10.191  0.2755E-84  0.1200E+02
 -10.181  0.2755E-84  0.1200E+02
 -10.171  0.2755E-84  0.1200E+02
 -10.161  0.2755E-84  0.1200E+02
 -10.151  0.2755E-84  0.1200E+02
 -10.141  0.2755E-84  0.1200E+02
 -10.131  0.2755E-84  0.1200E+02
 -10.121  0.2755E-84  0.1200E+02
 -10.111  0.2755E-84  0.1200E+02
 -10.101  0.2755E-84  0.1200E+02
 -10.091  0.2755E-84  0.1200E+02
 -10.081  0.2755E-84  0.1200E+02
 -10.071  0.2755E-84  0.1200E+02
 -10.061  0.2755E-84  0.1200E+02
 -10.051  0.2755E-84  0.1200E+02
 -10.041  0.2755E-84  0.1200E+02
 -10.031  0.2755E-84  0.1200E+02
 -10.021  0.2755E-84  0.1200E+02
 -10.011  0.2755E-84  0.1200E+02
 -10.001  0.2755E-84  0.1200E+02
  -9.991  0.2755E-84  0.1200E+02
  -9.981  0.2755E-84  0.1200E+02
  -9.971  0.2755E-84  0.1200E+02
  -9.961  0.2755E-84  0.1200E+02
  -9.951  0.2755E-84  0.1200E+02
  -9.941  0.2755E-84  0.1200E+02
  -9.931  0.2755E-84  0.1200E+02
  -9.921  0.2755E-84  0.1200E+02
  -9.911  0.2755E-84  0.1200E+02
  -9.901  0.2755E-84  0.1200E+02
  -9.891  0.2755E-84  0.1200E+02
  -9.881  0.2755E-84  0.1200E+02
  -9.871  0.2755E-84  0.1200E+02
  -9.861  0.2755E-84  0.1200E+02
  -9.851  0.2755E-84  0.1200E+02
  -9.841  0.2755E-84  0.1200E+02
  -9.831  0.2755E-84  0.1200E+02
  -9.821  0.2755E-84  0.1200E+02
  -9.811  0.2755E-84  0.1200E+02
  -9.801  0.2755E-84  0.1200E+02
  -9.791  0.2755E-84  0.1200E+02
  -9.781  0.2755E-84  0.1200E+02
  -9.771  0.2755E-84  0.1200E+02
  -9.761  0.2755E-84  0.1200E+02
  -9.751  0.2755E-84  0.1200E+02
  -9.741  0.2755E-84  0.1200E+02
  -9.731  0.2755E-84  0.1200E+02
  -9.721  0.2755E-84  0.1200E+02
  -9.711  0.2755E-84  0.1200E+02
  -9.701  0.2755E-84  0.1200E+02
  -9.691  0.2755E-84  0.1200E+02
  -9.681  0.2755E-84  0.1200E+02
  -9.671  0.2755E-84  0.1200E+02
  -9.661  0.2755E-84  0.1200E+02
  -9.651  0.2755E-84  0.1200E+02
  -9.641  0.2755E-84  0.1200E+02
  -9.631  0.2755E-84  0.1200E+02
  -9.621  0.2755E-84  0.1200E+02
  -9.611  0.2755E-84  0.1200E+02
  -9.601  0.2755E-84  0.1200E+02
  -9.591  0.2755E-84  0.1200E+02
  -9.581  0.2755E-84  0.1200E+02
  -9.571  0.2755E-84  0.1200E+02
  -9.561  0.2755E-84  0.1200E+02
  -9.551  0.2755E-84  0.1200E+02
  -9.541  0.2755E-84  0.1200E+02
  -9.531  0.2755E-84  0.1200E+02
  -9.521  0.2755E-84  0.1200E+02
  -9.511  0.2755E-84  0.1200E+02
  -9.501  0.2755E-84  0.1200E+02
  -9.491  0.2755E-84  0.1200E+02
  -9.481  0.2755E-84  0.1200E+02
  -9.471  0.2755E-84  0.1200E+02
  -9.461  0.2755E-84  0.1200E+02
  -9.451  0.2755E-84  0.1200E+02
  -9.441  0.2755E-84  0.1200E+02
  -9.431  0.2755E-84  0.1200E+02
  -9.421  0.2755E-84  0.1200E+02
  -9.411  0.2755E-84  0.1200E+02
  -9.401  0.2755E-84  0.1200E+02
  -9.391  0.2755E-84  0.1200E+02
  -9.381  0.2755E-84  0.1200E+02
  -9.371  0.2755E-84  0.1200E+02
  -9.361  0.2755E-84  0.1200E+02
  -9.351  0.2755E-84  0.1200E+02
  -9.341  0.2755E-84  0.1200E+02
  -9.331  0.2755E-84  0.1200E+02
  -9.321  0.2755E-84  0.1200E+02
  -9.311  0.2755E-84  0.1200E+02
  -9.301  0.2755E-84  0.1200E+02
  -9.291  0.2755E-84  0.1200E+02
  -9.281  0.2755E-84  0.1200E+02
  -9.271  0.2755E-84  0.1200E+02
  -9.261  0.2755E-84  0.1200E+02
  -9.251  0.2755E-84  0.1200E+02
  -9.241  0.2755E-84  0.1200E+02
  -9.231  0.2755E-84  0.1200E+02
  -9.221  0.2755E-84  0.1200E+02
  -9.211  0.2755E-84  0.1200E+02
  -9.201  0.2755E-84  0.1200E+02
  -9.191  0.2755E-84  0.1200E+02
  -9.181  0.2755E-84  0.1200E+02
  -9.171  0.2755E-84  0.1200E+02
  -9.161  0.2755E-84  0.1200E+02
  -9.151  0.2755E-84  0.1200E+02
  -9.141  0.2755E-84  0.1200E+02
  -9.131  0.2755E-84  0.1200E+02
  -9.121  0.2755E-84  0.1200E+02
  -9.111  0.2755E-84  0.1200E+02
  -9.101  0.2755E-84  0.1200E+02
  -9.091  0.2755E-84  0.1200E+02
  -9.081  0.2755E-84  0.1200E+02
  -9.071  0.2755E-84  0.1200E+02
  -9.061  0.2755E-84  0.1200E+02
  -9.051  0.2755E-84  0.1200E+02
  -9.041  0.2755E-84  0.1200E+02
  -9.031  0.2755E-84  0.1200E+02
  -9.021  0.2755E-84  0.1200E+02
  -9.011  0.2755E-84  0.1200E+02
  -9.001  0.2755E-84  0.1200E+02
  -8.991  0.2755E-84  0.1200E+02
  -8.981  0.2755E-84  0.1200E+02
  -8.971  0.2755E-84  0.1200E+02
  -8.961  0.2755E-84  0.1200E+02
  -8.951  0.2755E-84  0.1200E+02
  -8.941  0.2755E-84  0.1200E+02
  -8.931  0.2755E-84  0.1200E+02
  -8.921  0.2755E-84  0.1200E+02
  -8.911  0.2755E-84  0.1200E+02
  -8.901  0.2755E-84  0.1200E+02
  -8.891  0.2755E-84  0.1200E+02
  -8.881  0.2755E-84  0.1200E+02
  -8.871  0.2755E-84  0.1200E+02
  -8.861  0.2755E-84  0.1200E+02
  -8.851  0.2755E-84  0.1200E+02
  -8.841  0.2755E-84  0.1200E+02
  -8.831  0.2755E-84  0.1200E+02
  -8.821  0.2755E-84  0.1200E+02
  -8.811  0.2755E-84  0.1200E+02
  -8.801  0.2755E-84  0.1200E+02
  -8.791  0.2755E-84  0.1200E+02
  -8.781  0.2755E-84  0.1200E+02
  -8.771  0.2755E-84  0.1200E+02
  -8.761  0.2755E-84  0.1200E+02
  -8.751  0.2755E-84  0.1200E+02
  -8.741  0.2755E-84  0.1200E+02
  -8.731  0.2755E-84  0.1200E+02
  -8.721  0.2755E-84  0.1200E+02
  -8.711  0.2755E-84  0.1200E+02
  -8.701  0.2755E-84  0.1200E+02
  -8.691  0.2760E-84  0.1200E+02
  -8.681  0.2796E-84  0.1200E+02
  -8.671  0.3080E-84  0.1200E+02
  -8.661  0.5248E-84  0.1200E+02
  -8.651  0.2164E-83  0.1200E+02
  -8.641  0.1442E-82  0.1200E+02
  -8.631  0.1051E-81  0.1200E+02
  -8.621  0.7687E-81  0.1200E+02
  -8.611  0.5572E-80  0.1200E+02
  -8.601  0.3997E-79  0.1200E+02
  -8.591  0.2837E-78  0.1200E+02
  -8.581  0.1992E-77  0.1200E+02
  -8.571  0.1383E-76  0.1200E+02
  -8.561  0.9503E-76  0.1200E+02
  -8.551  0.6458E-75  0.1200E+02
  -8.541  0.4342E-74  0.1200E+02
  -8.531  0.2888E-73  0.1200E+02
  -8.521  0.1900E-72  0.1200E+02
  -8.511  0.1237E-71  0.1200E+02
  -8.501  0.7965E-71  0.1200E+02
  -8.491  0.5074E-70  0.1200E+02
  -8.481  0.3197E-69  0.1200E+02
  -8.471  0.1993E-68  0.1200E+02
  -8.461  0.1229E-67  0.1200E+02
  -8.451  0.7498E-67  0.1200E+02
  -8.441  0.4525E-66  0.1200E+02
  -8.431  0.2701E-65  0.1200E+02
  -8.421  0.1595E-64  0.1200E+02
  -8.411  0.9321E-64  0.1200E+02
  -8.401  0.5387E-63  0.1200E+02
  -8.391  0.3080E-62  0.1200E+02
  -8.381  0.1742E-61  0.1200E+02
  -8.371  0.9749E-61  0.1200E+02
  -8.361  0.5396E-60  0.1200E+02
  -8.351  0.2955E-59  0.1200E+02
  -8.341  0.1601E-58  0.1200E+02
  -8.331  0.8577E-58  0.1200E+02
  -8.321  0.4547E-57  0.1200E+02
  -8.311  0.2384E-56  0.1200E+02
  -8.301  0.1237E-55  0.1200E+02
  -8.291  0.6348E-55  0.1200E+02
  -8.281  0.3223E-54  0.1200E+02
  -8.271  0.1619E-53  0.1200E+02
  -8.261  0.8042E-53  0.1200E+02
  -8.251  0.3953E-52  0.1200E+02
  -8.241  0.1922E-51  0.1200E+02
  -8.231  0.9244E-51  0.1200E+02
  -8.221  0.4399E-50  0.1200E+02
  -8.211  0.2071E-49  0.1200E+02
  -8.201  0.9641E-49  0.1200E+02
  -8.191  0.4441E-48  0.1200E+02
  -8.181  0.2024E-47  0.1200E+02
  -8.171  0.9124E-47  0.1200E+02
  -8.161  0.4069E-46  0.1200E+02
  -8.151  0.1795E-45  0.1200E+02
  -8.141  0.7834E-45  0.1200E+02
  -8.131  0.3382E-44  0.1200E+02
  -8.121  0.1445E-43  0.1200E+02
  -8.111  0.6103E-43  0.1200E+02
  -8.101  0.2551E-42  0.1200E+02
  -8.091  0.1055E-41  0.1200E+02
  -8.081  0.4314E-41  0.1200E+02
  -8.071  0.1746E-40  0.1200E+02
  -8.061  0.6988E-40  0.1200E+02
  -8.051  0.2767E-39  0.1200E+02
  -8.041  0.1084E-38  0.1200E+02
  -8.031  0.4201E-38  0.1200E+02
  -8.021  0.1610E-37  0.1200E+02
  -8.011  0.6107E-37  0.1200E+02
  -8.001  0.2291E-36  0.1200E+02
  -7.991  0.8503E-36  0.1200E+02
  -7.981  0.3122E-35  0.1200E+02
  -7.971  0.1134E-34  0.1200E+02
  -7.961  0.4074E-34  0.1200E+02
  -7.951  0.1448E-33  0.1200E+02
  -7.941  0.5091E-33  0.1200E+02
  -7.931  0.1771E-32  0.1200E+02
  -7.921  0.6094E-32  0.1200E+02
  -7.911  0.2074E-31  0.1200E+02
  -7.901  0.6986E-31  0.1200E+02
  -7.891  0.2327E-30  0.1200E+02
  -7.881  0.7669E-30  0.1200E+02
  -7.871  0.2500E-29  0.1200E+02
  -7.861  0.8063E-29  0.1200E+02
  -7.851  0.2572E-28  0.1200E+02
  -7.841  0.8119E-28  0.1200E+02
  -7.831  0.2535E-27  0.1200E+02
  -7.821  0.7829E-27  0.1200E+02
  -7.811  0.2392E-26  0.1200E+02
  -7.801  0.7231E-26  0.1200E+02
  -7.791  0.2162E-25  0.1200E+02
  -7.781  0.6396E-25  0.1200E+02
  -7.771  0.1872E-24  0.1200E+02
  -7.761  0.5418E-24  0.1200E+02
  -7.751  0.1551E-23  0.1200E+02
  -7.741  0.4395E-23  0.1200E+02
  -7.731  0.1232E-22  0.1200E+02
  -7.721  0.3415E-22  0.1200E+02
  -7.711  0.9366E-22  0.1200E+02
  -7.701  0.2541E-21  0.1200E+02
  -7.691  0.6821E-21  0.1200E+02
  -7.681  0.1811E-20  0.1200E+02
  -7.671  0.4757E-20  0.1200E+02
  -7.661  0.1236E-19  0.1200E+02
  -7.651  0.3178E-19  0.1200E+02
  -7.641  0.8081E-19  0.1200E+02
  -7.631  0.2033E-18  0.1200E+02
  -7.621  0.5059E-18  0.1200E+02
  -7.611  0.1245E-17  0.1200E+02
  -7.601  0.3033E-17  0.1200E+02
  -7.591  0.7309E-17  0.1200E+02
  -7.581  0.1742E-16  0.1200E+02
  -7.571  0.4108E-16  0.1200E+02
  -7.561  0.9582E-16  0.1200E+02
  -7.551  0.2211E-15  0.1200E+02
  -7.541  0.5048E-15  0.1200E+02
  -7.531  0.1140E-14  0.1200E+02
  -7.521  0.2547E-14  0.1200E+02
  -7.511  0.5629E-14  0.1200E+02
  -7.501  0.1231E-13  0.1200E+02
  -7.491  0.2662E-13  0.1200E+02
  -7.481  0.5697E-13  0.1200E+02
  -7.471  0.1206E-12  0.1200E+02
  -7.461  0.2526E-12  0.1200E+02
  -7.451  0.5233E-12  0.1200E+02
  -7.441  0.1073E-11  0.1200E+02
  -7.431  0.2175E-11  0.1200E+02
  -7.421  0.4364E-11  0.1200E+02
  -7.411  0.8661E-11  0.1200E+02
  -7.401  0.1701E-10  0.1200E+02
  -7.391  0.3304E-10  0.1200E+02
  -7.381  0.6349E-10  0.1200E+02
  -7.371  0.1207E-09  0.1200E+02
  -7.361  0.2271E-09  0.1200E+02
  -7.351  0.4226E-09  0.1200E+02
  -7.341  0.7782E-09  0.1200E+02
  -7.331  0.1418E-08  0.1200E+02
  -7.321  0.2555E-08  0.1200E+02
  -7.311  0.4557E-08  0.1200E+02
  -7.301  0.8040E-08  0.1200E+02
  -7.291  0.1404E-07  0.1200E+02
  -7.281  0.2425E-07  0.1200E+02
  -7.271  0.4145E-07  0.1200E+02
  -7.261  0.7010E-07  0.1200E+02
  -7.251  0.1173E-06  0.1200E+02
  -7.241  0.1943E-06  0.1200E+02
  -7.231  0.3184E-06  0.1200E+02
  -7.221  0.5165E-06  0.1200E+02
  -7.211  0.8289E-06  0.1200E+02
  -7.201  0.1317E-05  0.1200E+02
  -7.191  0.2070E-05  0.1200E+02
  -7.181  0.3222E-05  0.1200E+02
  -7.171  0.4962E-05  0.1200E+02
  -7.161  0.7566E-05  0.1200E+02
  -7.151  0.1142E-04  0.1200E+02
  -7.141  0.1707E-04  0.1200E+02
  -7.131  0.2525E-04  0.1200E+02
  -7.121  0.3699E-04  0.1200E+02
  -7.111  0.5367E-04  0.1200E+02
  -7.101  0.7710E-04  0.1200E+02
  -7.091  0.1097E-03  0.1200E+02
  -7.081  0.1547E-03  0.1200E+02
  -7.071  0.2160E-03  0.1200E+02
  -7.061  0.2988E-03  0.1200E+02
  -7.051  0.4097E-03  0.1200E+02
  -7.041  0.5567E-03  0.1200E+02
  -7.031  0.7499E-03  0.1200E+02
  -7.021  0.1001E-02  0.1200E+02
  -7.011  0.1326E-02  0.1200E+02
  -7.001  0.1741E-02  0.1200E+02
  -6.991  0.2268E-02  0.1200E+02
  -6.981  0.2930E-02  0.1200E+02
  -6.971  0.3757E-02  0.1200E+02
  -6.961  0.4781E-02  0.1200E+02
  -6.951  0.6038E-02  0.1200E+02
  -6.941  0.7572E-02  0.1200E+02
  -6.931  0.9428E-02  0.1200E+02
  -6.921  0.1166E-01  0.1200E+02
  -6.911  0.1432E-01  0.1200E+02
  -6.901  0.1747E-01  0.1200E+02
  -6.891  0.2117E-01  0.1200E+02
  -6.881  0.2549E-01  0.1200E+02
  -6.871  0.3051E-01  0.1200E+02
  -6.861  0.3627E-01  0.1200E+02
  -6.851  0.4286E-01  0.1200E+02
  -6.841  0.5034E-01  0.1200E+02
  -6.831  0.5874E-01  0.1200E+02
  -6.821  0.6813E-01  0.1200E+02
  -6.811  0.7852E-01  0.1200E+02
  -6.801  0.8993E-01  0.1201E+02
  -6.791  0.1023E+00  0.1201E+02
  -6.781  0.1157E+00  0.1201E+02
  -6.771  0.1300E+00  0.1201E+02
  -6.761  0.1451E+00  0.1201E+02
  -6.751  0.1610E+00  0.1201E+02
  -6.741  0.1774E+00  0.1201E+02
  -6.731  0.1941E+00  0.1202E+02
  -6.721  0.2111E+00  0.1202E+02
  -6.711  0.2281E+00  0.1202E+02
  -6.701  0.2449E+00  0.1202E+02
  -6.691  0.2613E+00  0.1203E+02
  -6.681  0.2770E+00  0.1203E+02
  -6.671  0.2920E+00  0.1203E+02
  -6.661  0.3061E+00  0.1203E+02
  -6.651  0.3191E+00  0.1204E+02
  -6.641  0.3312E+00  0.1204E+02
  -6.631  0.3423E+00  0.1204E+02
  -6.621  0.3525E+00  0.1205E+02
  -6.611  0.3619E+00  0.1205E+02
  -6.601  0.3709E+00  0.1206E+02
  -6.591  0.3798E+00  0.1206E+02
  -6.581  0.3887E+00  0.1206E+02
  -6.571  0.3982E+00  0.1207E+02
  -6.561  0.4085E+00  0.1207E+02
  -6.551  0.4201E+00  0.1208E+02
  -6.541  0.4332E+00  0.1208E+02
  -6.531  0.4481E+00  0.1208E+02
  -6.521  0.4650E+00  0.1209E+02
  -6.511  0.4839E+00  0.1209E+02
  -6.501  0.5049E+00  0.1210E+02
  -6.491  0.5277E+00  0.1210E+02
  -6.481  0.5523E+00  0.1211E+02
  -6.471  0.5781E+00  0.1212E+02
  -6.461  0.6048E+00  0.1212E+02
  -6.451  0.6319E+00  0.1213E+02
  -6.441  0.6587E+00  0.1213E+02
  -6.431  0.6848E+00  0.1214E+02
  -6.421  0.7096E+00  0.1215E+02
  -6.411  0.7326E+00  0.1216E+02
  -6.401  0.7532E+00  0.1216E+02
  -6.391  0.7713E+00  0.1217E+02
  -6.381  0.7864E+00  0.1218E+02
  -6.371  0.7984E+00  0.1219E+02
  -6.361  0.8075E+00  0.1219E+02
  -6.351  0.8136E+00  0.1220E+02
  -6.341  0.8170E+00  0.1221E+02
  -6.331  0.8182E+00  0.1222E+02
  -6.321  0.8175E+00  0.1223E+02
  -6.311  0.8155E+00  0.1224E+02
  -6.301  0.8128E+00  0.1224E+02
  -6.291  0.8100E+00  0.1225E+02
  -6.281  0.8079E+00  0.1226E+02
  -6.271  0.8070E+00  0.1227E+02
  -6.261  0.8080E+00  0.1228E+02
  -6.251  0.8115E+00  0.1228E+02
  -6.241  0.8182E+00  0.1229E+02
  -6.231  0.8285E+00  0.1230E+02
  -6.221  0.8428E+00  0.1231E+02
  -6.211  0.8616E+00  0.1232E+02
  -6.201  0.8851E+00  0.1233E+02
  -6.191  0.9137E+00  0.1234E+02
  -6.181  0.9474E+00  0.1234E+02
  -6.171  0.9863E+00  0.1235E+02
  -6.161  0.1031E+01  0.1236E+02
  -6.151  0.1080E+01  0.1238E+02
  -6.141  0.1134E+01  0.1239E+02
  -6.131  0.1194E+01  0.1240E+02
  -6.121  0.1258E+01  0.1241E+02
  -6.111  0.1327E+01  0.1242E+02
  -6.101  0.1400E+01  0.1244E+02
  -6.091  0.1477E+01  0.1245E+02
  -6.081  0.1559E+01  0.1247E+02
  -6.071  0.1645E+01  0.1249E+02
  -6.061  0.1734E+01  0.1250E+02
  -6.051  0.1828E+01  0.1252E+02
  -6.041  0.1926E+01  0.1254E+02
  -6.031  0.2027E+01  0.1256E+02
  -6.021  0.2133E+01  0.1258E+02
  -6.011  0.2243E+01  0.1260E+02
  -6.001  0.2356E+01  0.1263E+02
  -5.991  0.2473E+01  0.1265E+02
  -5.981  0.2594E+01  0.1268E+02
  -5.971  0.2718E+01  0.1271E+02
  -5.961  0.2844E+01  0.1273E+02
  -5.951  0.2971E+01  0.1276E+02
  -5.941  0.3098E+01  0.1280E+02
  -5.931  0.3225E+01  0.1283E+02
  -5.921  0.3349E+01  0.1286E+02
  -5.911  0.3469E+01  0.1290E+02
  -5.901  0.3584E+01  0.1293E+02
  -5.891  0.3691E+01  0.1297E+02
  -5.881  0.3788E+01  0.1301E+02
  -5.871  0.3875E+01  0.1304E+02
  -5.861  0.3949E+01  0.1308E+02
  -5.851  0.4009E+01  0.1312E+02
  -5.841  0.4054E+01  0.1317E+02
  -5.831  0.4082E+01  0.1321E+02
  -5.821  0.4093E+01  0.1325E+02
  -5.811  0.4087E+01  0.1329E+02
  -5.801  0.4063E+01  0.1333E+02
  -5.791  0.4021E+01  0.1337E+02
  -5.781  0.3961E+01  0.1341E+02
  -5.771  0.3885E+01  0.1345E+02
  -5.761  0.3793E+01  0.1348E+02
  -5.751  0.3685E+01  0.1352E+02
  -5.741  0.3564E+01  0.1356E+02
  -5.731  0.3431E+01  0.1359E+02
  -5.721  0.3287E+01  0.1362E+02
  -5.711  0.3133E+01  0.1366E+02
  -5.701  0.2972E+01  0.1369E+02
  -5.691  0.2806E+01  0.1371E+02
  -5.681  0.2635E+01  0.1374E+02
  -5.671  0.2463E+01  0.1376E+02
  -5.661  0.2292E+01  0.1379E+02
  -5.651  0.2122E+01  0.1381E+02
  -5.641  0.1956E+01  0.1383E+02
  -5.631  0.1795E+01  0.1385E+02
  -5.621  0.1641E+01  0.1386E+02
  -5.611  0.1495E+01  0.1388E+02
  -5.601  0.1359E+01  0.1389E+02
  -5.591  0.1232E+01  0.1390E+02
  -5.581  0.1117E+01  0.1391E+02
  -5.571  0.1012E+01  0.1392E+02
  -5.561  0.9177E+00  0.1393E+02
  -5.551  0.8345E+00  0.1394E+02
  -5.541  0.7616E+00  0.1395E+02
  -5.531  0.6986E+00  0.1396E+02
  -5.521  0.6447E+00  0.1396E+02
  -5.511  0.5992E+00  0.1397E+02
  -5.501  0.5612E+00  0.1398E+02
  -5.491  0.5299E+00  0.1398E+02
  -5.481  0.5043E+00  0.1399E+02
  -5.471  0.4837E+00  0.1399E+02
  -5.461  0.4672E+00  0.1399E+02
  -5.451  0.4541E+00  0.1400E+02
  -5.441  0.4438E+00  0.1400E+02
  -5.431  0.4357E+00  0.1401E+02
  -5.421  0.4293E+00  0.1401E+02
  -5.411  0.4242E+00  0.1402E+02
  -5.401  0.4201E+00  0.1402E+02
  -5.391  0.4169E+00  0.1403E+02
  -5.381  0.4144E+00  0.1403E+02
  -5.371  0.4126E+00  0.1403E+02
  -5.361  0.4115E+00  0.1404E+02
  -5.351  0.4113E+00  0.1404E+02
  -5.341  0.4121E+00  0.1405E+02
  -5.331  0.4142E+00  0.1405E+02
  -5.321  0.4179E+00  0.1405E+02
  -5.311  0.4235E+00  0.1406E+02
  -5.301  0.4312E+00  0.1406E+02
  -5.291  0.4413E+00  0.1407E+02
  -5.281  0.4541E+00  0.1407E+02
  -5.271  0.4698E+00  0.1408E+02
  -5.261  0.4885E+00  0.1408E+02
  -5.251  0.5102E+00  0.1409E+02
  -5.241  0.5348E+00  0.1409E+02
  -5.231  0.5622E+00  0.1410E+02
  -5.221  0.5922E+00  0.1410E+02
  -5.211  0.6243E+00  0.1411E+02
  -5.201  0.6583E+00  0.1412E+02
  -5.191  0.6935E+00  0.1412E+02
  -5.181  0.7296E+00  0.1413E+02
  -5.171  0.7660E+00  0.1414E+02
  -5.161  0.8023E+00  0.1415E+02
  -5.151  0.8379E+00  0.1415E+02
  -5.141  0.8725E+00  0.1416E+02
  -5.131  0.9058E+00  0.1417E+02
  -5.121  0.9374E+00  0.1418E+02
  -5.111  0.9673E+00  0.1419E+02
  -5.101  0.9952E+00  0.1420E+02
  -5.091  0.1021E+01  0.1421E+02
  -5.081  0.1046E+01  0.1422E+02
  -5.071  0.1068E+01  0.1423E+02
  -5.061  0.1089E+01  0.1424E+02
  -5.051  0.1109E+01  0.1425E+02
  -5.041  0.1128E+01  0.1427E+02
  -5.031  0.1146E+01  0.1428E+02
  -5.021  0.1164E+01  0.1429E+02
  -5.011  0.1183E+01  0.1430E+02
  -5.001  0.1202E+01  0.1431E+02
  -4.991  0.1223E+01  0.1432E+02
  -4.981  0.1247E+01  0.1434E+02
  -4.971  0.1274E+01  0.1435E+02
  -4.961  0.1305E+01  0.1436E+02
  -4.951  0.1343E+01  0.1438E+02
  -4.941  0.1387E+01  0.1439E+02
  -4.931  0.1440E+01  0.1440E+02
  -4.921  0.1504E+01  0.1442E+02
  -4.911  0.1578E+01  0.1444E+02
  -4.901  0.1665E+01  0.1445E+02
  -4.891  0.1765E+01  0.1447E+02
  -4.881  0.1879E+01  0.1449E+02
  -4.871  0.2006E+01  0.1451E+02
  -4.861  0.2147E+01  0.1453E+02
  -4.851  0.2300E+01  0.1455E+02
  -4.841  0.2464E+01  0.1458E+02
  -4.831  0.2637E+01  0.1460E+02
  -4.821  0.2814E+01  0.1463E+02
  -4.811  0.2994E+01  0.1466E+02
  -4.801  0.3172E+01  0.1469E+02
  -4.791  0.3344E+01  0.1473E+02
  -4.781  0.3506E+01  0.1476E+02
  -4.771  0.3654E+01  0.1480E+02
  -4.761  0.3782E+01  0.1484E+02
  -4.751  0.3889E+01  0.1488E+02
  -4.741  0.3971E+01  0.1492E+02
  -4.731  0.4025E+01  0.1496E+02
  -4.721  0.4050E+01  0.1500E+02
  -4.711  0.4045E+01  0.1504E+02
  -4.701  0.4011E+01  0.1508E+02
  -4.691  0.3948E+01  0.1512E+02
  -4.681  0.3860E+01  0.1515E+02
  -4.671  0.3747E+01  0.1519E+02
  -4.661  0.3615E+01  0.1523E+02
  -4.651  0.3466E+01  0.1526E+02
  -4.641  0.3305E+01  0.1530E+02
  -4.631  0.3136E+01  0.1533E+02
  -4.621  0.2963E+01  0.1536E+02
  -4.611  0.2790E+01  0.1539E+02
  -4.601  0.2620E+01  0.1541E+02
  -4.591  0.2457E+01  0.1544E+02
  -4.581  0.2303E+01  0.1546E+02
  -4.571  0.2160E+01  0.1548E+02
  -4.561  0.2028E+01  0.1550E+02
  -4.551  0.1910E+01  0.1552E+02
  -4.541  0.1804E+01  0.1554E+02
  -4.531  0.1711E+01  0.1556E+02
  -4.521  0.1630E+01  0.1557E+02
  -4.511  0.1560E+01  0.1559E+02
  -4.501  0.1500E+01  0.1560E+02
  -4.491  0.1449E+01  0.1562E+02
  -4.481  0.1404E+01  0.1563E+02
  -4.471  0.1365E+01  0.1564E+02
  -4.461  0.1331E+01  0.1566E+02
  -4.451  0.1301E+01  0.1567E+02
  -4.441  0.1272E+01  0.1568E+02
  -4.431  0.1245E+01  0.1570E+02
  -4.421  0.1219E+01  0.1571E+02
  -4.411  0.1193E+01  0.1572E+02
  -4.401  0.1167E+01  0.1573E+02
  -4.391  0.1140E+01  0.1574E+02
  -4.381  0.1113E+01  0.1575E+02
  -4.371  0.1084E+01  0.1576E+02
  -4.361  0.1054E+01  0.1578E+02
  -4.351  0.1024E+01  0.1579E+02
  -4.341  0.9925E+00  0.1580E+02
  -4.331  0.9604E+00  0.1581E+02
  -4.321  0.9278E+00  0.1581E+02
  -4.311  0.8950E+00  0.1582E+02
  -4.301  0.8620E+00  0.1583E+02
  -4.291  0.8293E+00  0.1584E+02
  -4.281  0.7972E+00  0.1585E+02
  -4.271  0.7658E+00  0.1586E+02
  -4.261  0.7356E+00  0.1586E+02
  -4.251  0.7068E+00  0.1587E+02
  -4.241  0.6799E+00  0.1588E+02
  -4.231  0.6551E+00  0.1588E+02
  -4.221  0.6328E+00  0.1589E+02
  -4.211  0.6133E+00  0.1590E+02
  -4.201  0.5972E+00  0.1590E+02
  -4.191  0.5849E+00  0.1591E+02
  -4.181  0.5767E+00  0.1591E+02
  -4.171  0.5732E+00  0.1592E+02
  -4.161  0.5750E+00  0.1593E+02
  -4.151  0.5825E+00  0.1593E+02
  -4.141  0.5963E+00  0.1594E+02
  -4.131  0.6169E+00  0.1594E+02
  -4.121  0.6448E+00  0.1595E+02
  -4.111  0.6805E+00  0.1596E+02
  -4.101  0.7242E+00  0.1596E+02
  -4.091  0.7762E+00  0.1597E+02
  -4.081  0.8367E+00  0.1598E+02
  -4.071  0.9055E+00  0.1599E+02
  -4.061  0.9825E+00  0.1600E+02
  -4.051  0.1067E+01  0.1601E+02
  -4.041  0.1159E+01  0.1602E+02
  -4.031  0.1258E+01  0.1603E+02
  -4.021  0.1362E+01  0.1605E+02
  -4.011  0.1471E+01  0.1606E+02
  -4.001  0.1583E+01  0.1608E+02
  -3.991  0.1697E+01  0.1609E+02
  -3.981  0.1812E+01  0.1611E+02
  -3.971  0.1927E+01  0.1613E+02
  -3.961  0.2041E+01  0.1615E+02
  -3.951  0.2151E+01  0.1617E+02
  -3.941  0.2257E+01  0.1620E+02
  -3.931  0.2357E+01  0.1622E+02
  -3.921  0.2451E+01  0.1624E+02
  -3.911  0.2538E+01  0.1627E+02
  -3.901  0.2617E+01  0.1630E+02
  -3.891  0.2687E+01  0.1632E+02
  -3.881  0.2748E+01  0.1635E+02
  -3.871  0.2799E+01  0.1638E+02
  -3.861  0.2841E+01  0.1641E+02
  -3.851  0.2874E+01  0.1644E+02
  -3.841  0.2897E+01  0.1646E+02
  -3.831  0.2911E+01  0.1649E+02
  -3.821  0.2917E+01  0.1652E+02
  -3.811  0.2915E+01  0.1655E+02
  -3.801  0.2905E+01  0.1658E+02
  -3.791  0.2889E+01  0.1661E+02
  -3.781  0.2868E+01  0.1664E+02
  -3.771  0.2843E+01  0.1667E+02
  -3.761  0.2813E+01  0.1670E+02
  -3.751  0.2782E+01  0.1672E+02
  -3.741  0.2748E+01  0.1675E+02
  -3.731  0.2714E+01  0.1678E+02
  -3.721  0.2680E+01  0.1680E+02
  -3.711  0.2647E+01  0.1683E+02
  -3.701  0.2615E+01  0.1686E+02
  -3.691  0.2584E+01  0.1688E+02
  -3.681  0.2554E+01  0.1691E+02
  -3.671  0.2526E+01  0.1693E+02
  -3.661  0.2499E+01  0.1696E+02
  -3.651  0.2472E+01  0.1698E+02
  -3.641  0.2446E+01  0.1701E+02
  -3.631  0.2420E+01  0.1703E+02
  -3.621  0.2393E+01  0.1706E+02
  -3.611  0.2365E+01  0.1708E+02
  -3.601  0.2336E+01  0.1710E+02
  -3.591  0.2305E+01  0.1713E+02
  -3.581  0.2272E+01  0.1715E+02
  -3.571  0.2238E+01  0.1717E+02
  -3.561  0.2202E+01  0.1719E+02
  -3.551  0.2165E+01  0.1721E+02
  -3.541  0.2127E+01  0.1724E+02
  -3.531  0.2090E+01  0.1726E+02
  -3.521  0.2053E+01  0.1728E+02
  -3.511  0.2016E+01  0.1730E+02
  -3.501  0.1982E+01  0.1732E+02
  -3.491  0.1949E+01  0.1734E+02
  -3.481  0.1918E+01  0.1736E+02
  -3.471  0.1889E+01  0.1738E+02
  -3.461  0.1862E+01  0.1739E+02
  -3.451  0.1836E+01  0.1741E+02
  -3.441  0.1812E+01  0.1743E+02
  -3.431  0.1789E+01  0.1745E+02
  -3.421  0.1766E+01  0.1747E+02
  -3.411  0.1743E+01  0.1748E+02
  -3.401  0.1720E+01  0.1750E+02
  -3.391  0.1697E+01  0.1752E+02
  -3.381  0.1672E+01  0.1753E+02
  -3.371  0.1646E+01  0.1755E+02
  -3.361  0.1619E+01  0.1757E+02
  -3.351  0.1591E+01  0.1758E+02
  -3.341  0.1561E+01  0.1760E+02
  -3.331  0.1531E+01  0.1761E+02
  -3.321  0.1501E+01  0.1763E+02
  -3.311  0.1470E+01  0.1764E+02
  -3.301  0.1440E+01  0.1766E+02
  -3.291  0.1410E+01  0.1767E+02
  -3.281  0.1382E+01  0.1769E+02
  -3.271  0.1354E+01  0.1770E+02
  -3.261  0.1329E+01  0.1771E+02
  -3.251  0.1305E+01  0.1773E+02
  -3.241  0.1285E+01  0.1774E+02
  -3.231  0.1267E+01  0.1775E+02
  -3.221  0.1255E+01  0.1776E+02
  -3.211  0.1247E+01  0.1778E+02
  -3.201  0.1246E+01  0.1779E+02
  -3.191  0.1253E+01  0.1780E+02
  -3.181  0.1270E+01  0.1781E+02
  -3.171  0.1298E+01  0.1783E+02
  -3.161  0.1340E+01  0.1784E+02
  -3.151  0.1398E+01  0.1785E+02
  -3.141  0.1473E+01  0.1787E+02
  -3.131  0.1570E+01  0.1788E+02
  -3.121  0.1690E+01  0.1790E+02
  -3.111  0.1835E+01  0.1792E+02
  -3.101  0.2007E+01  0.1794E+02
  -3.091  0.2209E+01  0.1796E+02
  -3.081  0.2442E+01  0.1799E+02
  -3.071  0.2707E+01  0.1801E+02
  -3.061  0.3004E+01  0.1804E+02
  -3.051  0.3333E+01  0.1808E+02
  -3.041  0.3692E+01  0.1811E+02
  -3.031  0.4079E+01  0.1815E+02
  -3.021  0.4491E+01  0.1820E+02
  -3.011  0.4925E+01  0.1825E+02
  -3.001  0.5375E+01  0.1830E+02
  -2.991  0.5835E+01  0.1836E+02
  -2.981  0.6300E+01  0.1842E+02
  -2.971  0.6762E+01  0.1849E+02
  -2.961  0.7215E+01  0.1856E+02
  -2.951  0.7650E+01  0.1864E+02
  -2.941  0.8061E+01  0.1872E+02
  -2.931  0.8442E+01  0.1881E+02
  -2.921  0.8785E+01  0.1889E+02
  -2.911  0.9086E+01  0.1898E+02
  -2.901  0.9341E+01  0.1908E+02
  -2.891  0.9547E+01  0.1917E+02
  -2.881  0.9701E+01  0.1927E+02
  -2.871  0.9804E+01  0.1937E+02
  -2.861  0.9856E+01  0.1947E+02
  -2.851  0.9859E+01  0.1956E+02
  -2.841  0.9815E+01  0.1966E+02
  -2.831  0.9730E+01  0.1976E+02
  -2.821  0.9608E+01  0.1986E+02
  -2.811  0.9452E+01  0.1995E+02
  -2.801  0.9270E+01  0.2004E+02
  -2.791  0.9066E+01  0.2013E+02
  -2.781  0.8845E+01  0.2022E+02
  -2.771  0.8614E+01  0.2031E+02
  -2.761  0.8376E+01  0.2039E+02
  -2.751  0.8137E+01  0.2047E+02
  -2.741  0.7900E+01  0.2055E+02
  -2.731  0.7669E+01  0.2063E+02
  -2.721  0.7447E+01  0.2070E+02
  -2.711  0.7237E+01  0.2078E+02
  -2.701  0.7041E+01  0.2085E+02
  -2.691  0.6859E+01  0.2092E+02
  -2.681  0.6693E+01  0.2098E+02
  -2.671  0.6544E+01  0.2105E+02
  -2.661  0.6411E+01  0.2111E+02
  -2.651  0.6295E+01  0.2117E+02
  -2.641  0.6195E+01  0.2124E+02
  -2.631  0.6109E+01  0.2130E+02
  -2.621  0.6038E+01  0.2136E+02
  -2.611  0.5980E+01  0.2142E+02
  -2.601  0.5934E+01  0.2148E+02
  -2.591  0.5899E+01  0.2154E+02
  -2.581  0.5874E+01  0.2160E+02
  -2.571  0.5857E+01  0.2165E+02
  -2.561  0.5848E+01  0.2171E+02
  -2.551  0.5846E+01  0.2177E+02
  -2.541  0.5849E+01  0.2183E+02
  -2.531  0.5857E+01  0.2189E+02
  -2.521  0.5869E+01  0.2195E+02
  -2.511  0.5884E+01  0.2201E+02
  -2.501  0.5901E+01  0.2206E+02
  -2.491  0.5918E+01  0.2212E+02
  -2.481  0.5936E+01  0.2218E+02
  -2.471  0.5952E+01  0.2224E+02
  -2.461  0.5965E+01  0.2230E+02
  -2.451  0.5974E+01  0.2236E+02
  -2.441  0.5978E+01  0.2242E+02
  -2.431  0.5975E+01  0.2248E+02
  -2.421  0.5964E+01  0.2254E+02
  -2.411  0.5945E+01  0.2260E+02
  -2.401  0.5915E+01  0.2266E+02
  -2.391  0.5875E+01  0.2272E+02
  -2.381  0.5824E+01  0.2278E+02
  -2.371  0.5761E+01  0.2283E+02
  -2.361  0.5687E+01  0.2289E+02
  -2.351  0.5600E+01  0.2295E+02
  -2.341  0.5502E+01  0.2300E+02
  -2.331  0.5393E+01  0.2306E+02
  -2.321  0.5274E+01  0.2311E+02
  -2.311  0.5145E+01  0.2316E+02
  -2.301  0.5007E+01  0.2321E+02
  -2.291  0.4861E+01  0.2326E+02
  -2.281  0.4708E+01  0.2331E+02
  -2.271  0.4550E+01  0.2335E+02
  -2.261  0.4387E+01  0.2340E+02
  -2.251  0.4219E+01  0.2344E+02
  -2.241  0.4050E+01  0.2348E+02
  -2.231  0.3878E+01  0.2352E+02
  -2.221  0.3705E+01  0.2355E+02
  -2.211  0.3532E+01  0.2359E+02
  -2.201  0.3359E+01  0.2362E+02
  -2.191  0.3187E+01  0.2365E+02
  -2.181  0.3017E+01  0.2368E+02
  -2.171  0.2848E+01  0.2371E+02
  -2.161  0.2681E+01  0.2374E+02
  -2.151  0.2516E+01  0.2377E+02
  -2.141  0.2353E+01  0.2379E+02
  -2.131  0.2194E+01  0.2381E+02
  -2.121  0.2038E+01  0.2383E+02
  -2.111  0.1885E+01  0.2385E+02
  -2.101  0.1736E+01  0.2387E+02
  -2.091  0.1592E+01  0.2388E+02
  -2.081  0.1452E+01  0.2390E+02
  -2.071  0.1318E+01  0.2391E+02
  -2.061  0.1190E+01  0.2392E+02
  -2.051  0.1068E+01  0.2393E+02
  -2.041  0.9532E+00  0.2394E+02
  -2.031  0.8454E+00  0.2395E+02
  -2.021  0.7449E+00  0.2396E+02
  -2.011  0.6521E+00  0.2397E+02
  -2.001  0.5670E+00  0.2397E+02
  -1.991  0.4896E+00  0.2398E+02
  -1.981  0.4198E+00  0.2398E+02
  -1.971  0.3574E+00  0.2398E+02
  -1.961  0.3020E+00  0.2399E+02
  -1.951  0.2533E+00  0.2399E+02
  -1.941  0.2109E+00  0.2399E+02
  -1.931  0.1742E+00  0.2399E+02
  -1.921  0.1428E+00  0.2399E+02
  -1.911  0.1161E+00  0.2400E+02
  -1.901  0.9372E-01  0.2400E+02
  -1.891  0.7502E-01  0.2400E+02
  -1.881  0.5958E-01  0.2400E+02
  -1.871  0.4692E-01  0.2400E+02
  -1.861  0.3666E-01  0.2400E+02
  -1.851  0.2840E-01  0.2400E+02
  -1.841  0.2182E-01  0.2400E+02
  -1.831  0.1662E-01  0.2400E+02
  -1.821  0.1256E-01  0.2400E+02
  -1.811  0.9403E-02  0.2400E+02
  -1.801  0.6981E-02  0.2400E+02
  -1.791  0.5138E-02  0.2400E+02
  -1.781  0.3748E-02  0.2400E+02
  -1.771  0.2710E-02  0.2400E+02
  -1.761  0.1942E-02  0.2400E+02
  -1.751  0.1379E-02  0.2400E+02
  -1.741  0.9703E-03  0.2400E+02
  -1.731  0.6765E-03  0.2400E+02
  -1.721  0.4673E-03  0.2400E+02
  -1.711  0.3198E-03  0.2400E+02
  -1.701  0.2168E-03  0.2400E+02
  -1.691  0.1456E-03  0.2400E+02
  -1.681  0.9685E-04  0.2400E+02
  -1.671  0.6380E-04  0.2400E+02
  -1.661  0.4163E-04  0.2400E+02
  -1.651  0.2690E-04  0.2400E+02
  -1.641  0.1721E-04  0.2400E+02
  -1.631  0.1090E-04  0.2400E+02
  -1.621  0.6838E-05  0.2400E+02
  -1.611  0.4247E-05  0.2400E+02
  -1.601  0.2611E-05  0.2400E+02
  -1.591  0.1589E-05  0.2400E+02
  -1.581  0.9577E-06  0.2400E+02
  -1.571  0.5713E-06  0.2400E+02
  -1.561  0.3373E-06  0.2400E+02
  -1.551  0.1971E-06  0.2400E+02
  -1.541  0.1140E-06  0.2400E+02
  -1.531  0.6528E-07  0.2400E+02
  -1.521  0.3699E-07  0.2400E+02
  -1.511  0.2074E-07  0.2400E+02
  -1.501  0.1151E-07  0.2400E+02
  -1.491  0.6324E-08  0.2400E+02
  -1.481  0.3437E-08  0.2400E+02
  -1.471  0.1849E-08  0.2400E+02
  -1.461  0.9840E-09  0.2400E+02
  -1.451  0.5183E-09  0.2400E+02
  -1.441  0.2701E-09  0.2400E+02
  -1.431  0.1393E-09  0.2400E+02
  -1.421  0.7110E-10  0.2400E+02
  -1.411  0.3593E-10  0.2400E+02
  -1.401  0.1802E-10  0.2400E+02
  -1.391  0.9057E-11  0.2400E+02
  -1.381  0.4758E-11  0.2400E+02
  -1.371  0.3009E-11  0.2400E+02
  -1.361  0.2946E-11  0.2400E+02
  -1.351  0.4572E-11  0.2400E+02
  -1.341  0.8773E-11  0.2400E+02
  -1.331  0.1777E-10  0.2400E+02
  -1.321  0.3617E-10  0.2400E+02
  -1.311  0.7312E-10  0.2400E+02
  -1.301  0.1464E-09  0.2400E+02
  -1.291  0.2903E-09  0.2400E+02
  -1.281  0.5698E-09  0.2400E+02
  -1.271  0.1107E-08  0.2400E+02
  -1.261  0.2128E-08  0.2400E+02
  -1.251  0.4050E-08  0.2400E+02
  -1.241  0.7630E-08  0.2400E+02
  -1.231  0.1423E-07  0.2400E+02
  -1.221  0.2627E-07  0.2400E+02
  -1.211  0.4800E-07  0.2400E+02
  -1.201  0.8683E-07  0.2400E+02
  -1.191  0.1555E-06  0.2400E+02
  -1.181  0.2757E-06  0.2400E+02
  -1.171  0.4838E-06  0.2400E+02
  -1.161  0.8407E-06  0.2400E+02
  -1.151  0.1446E-05  0.2400E+02
  -1.141  0.2463E-05  0.2400E+02
  -1.131  0.4154E-05  0.2400E+02
  -1.121  0.6935E-05  0.2400E+02
  -1.111  0.1146E-04  0.2400E+02
  -1.101  0.1876E-04  0.2400E+02
  -1.091  0.3041E-04  0.2400E+02
  -1.081  0.4880E-04  0.2400E+02
  -1.071  0.7755E-04  0.2400E+02
  -1.061  0.1220E-03  0.2400E+02
  -1.051  0.1902E-03  0.2400E+02
  -1.041  0.2935E-03  0.2400E+02
  -1.031  0.4485E-03  0.2400E+02
  -1.021  0.6788E-03  0.2400E+02
  -1.011  0.1017E-02  0.2400E+02
  -1.001  0.1510E-02  0.2400E+02
  -0.991  0.2221E-02  0.2400E+02
  -0.981  0.3234E-02  0.2400E+02
  -0.971  0.4666E-02  0.2400E+02
  -0.961  0.6667E-02  0.2400E+02
  -0.951  0.9436E-02  0.2400E+02
  -0.941  0.1323E-01  0.2400E+02
  -0.931  0.1838E-01  0.2400E+02
  -0.921  0.2529E-01  0.2400E+02
  -0.911  0.3447E-01  0.2400E+02
  -0.901  0.4656E-01  0.2400E+02
  -0.891  0.6231E-01  0.2400E+02
  -0.881  0.8262E-01  0.2400E+02
  -0.871  0.1086E+00  0.2400E+02
  -0.861  0.1413E+00  0.2401E+02
  -0.851  0.1824E+00  0.2401E+02
  -0.841  0.2332E+00  0.2401E+02
  -0.831  0.2955E+00  0.2401E+02
  -0.821  0.3711E+00  0.2402E+02
  -0.811  0.4620E+00  0.2402E+02
  -0.801  0.5701E+00  0.2403E+02
  -0.791  0.6974E+00  0.2403E+02
  -0.781  0.8457E+00  0.2404E+02
  -0.771  0.1017E+01  0.2405E+02
  -0.761  0.1212E+01  0.2406E+02
  -0.751  0.1433E+01  0.2408E+02
  -0.741  0.1679E+01  0.2410E+02
  -0.731  0.1952E+01  0.2412E+02
  -0.721  0.2250E+01  0.2414E+02
  -0.711  0.2572E+01  0.2416E+02
  -0.701  0.2917E+01  0.2419E+02
  -0.691  0.3283E+01  0.2423E+02
  -0.681  0.3664E+01  0.2426E+02
  -0.671  0.4059E+01  0.2430E+02
  -0.661  0.4462E+01  0.2435E+02
  -0.651  0.4867E+01  0.2440E+02
  -0.641  0.5271E+01  0.2445E+02
  -0.631  0.5666E+01  0.2451E+02
  -0.621  0.6048E+01  0.2457E+02
  -0.611  0.6411E+01  0.2463E+02
  -0.601  0.6749E+01  0.2470E+02
  -0.591  0.7058E+01  0.2477E+02
  -0.581  0.7334E+01  0.2484E+02
  -0.571  0.7574E+01  0.2492E+02
  -0.561  0.7776E+01  0.2499E+02
  -0.551  0.7937E+01  0.2507E+02
  -0.541  0.8058E+01  0.2515E+02
  -0.531  0.8140E+01  0.2524E+02
  -0.521  0.8183E+01  0.2532E+02
  -0.511  0.8191E+01  0.2540E+02
  -0.501  0.8166E+01  0.2548E+02
  -0.491  0.8113E+01  0.2556E+02
  -0.481  0.8036E+01  0.2564E+02
  -0.471  0.7939E+01  0.2572E+02
  -0.461  0.7827E+01  0.2580E+02
  -0.451  0.7705E+01  0.2588E+02
  -0.441  0.7578E+01  0.2595E+02
  -0.431  0.7449E+01  0.2603E+02
  -0.421  0.7323E+01  0.2610E+02
  -0.411  0.7203E+01  0.2617E+02
  -0.401  0.7091E+01  0.2624E+02
  -0.391  0.6991E+01  0.2631E+02
  -0.381  0.6902E+01  0.2638E+02
  -0.371  0.6827E+01  0.2645E+02
  -0.361  0.6766E+01  0.2652E+02
  -0.351  0.6718E+01  0.2659E+02
  -0.341  0.6684E+01  0.2665E+02
  -0.331  0.6661E+01  0.2672E+02
  -0.321  0.6650E+01  0.2679E+02
  -0.311  0.6648E+01  0.2685E+02
  -0.301  0.6654E+01  0.2692E+02
  -0.291  0.6668E+01  0.2699E+02
  -0.281  0.6686E+01  0.2705E+02
  -0.271  0.6709E+01  0.2712E+02
  -0.261  0.6735E+01  0.2719E+02
  -0.251  0.6763E+01  0.2725E+02
  -0.241  0.6793E+01  0.2732E+02
  -0.231  0.6823E+01  0.2739E+02
  -0.221  0.6854E+01  0.2746E+02
  -0.211  0.6886E+01  0.2753E+02
  -0.201  0.6919E+01  0.2760E+02
  -0.191  0.6952E+01  0.2767E+02
  -0.181  0.6986E+01  0.2774E+02
  -0.171  0.7022E+01  0.2781E+02
  -0.161  0.7059E+01  0.2788E+02
  -0.151  0.7097E+01  0.2795E+02
  -0.141  0.7136E+01  0.2802E+02
  -0.131  0.7176E+01  0.2809E+02
  -0.121  0.7215E+01  0.2816E+02
  -0.111  0.7252E+01  0.2824E+02
  -0.101  0.7285E+01  0.2831E+02
  -0.091  0.7313E+01  0.2838E+02
  -0.081  0.7335E+01  0.2846E+02
  -0.071  0.7346E+01  0.2853E+02
  -0.061  0.7347E+01  0.2860E+02
  -0.051  0.7334E+01  0.2868E+02
  -0.041  0.7305E+01  0.2875E+02
  -0.031  0.7261E+01  0.2882E+02
  -0.021  0.7198E+01  0.2889E+02
  -0.011  0.7118E+01  0.2896E+02
  -0.001  0.7020E+01  0.2904E+02
   0.009  0.6906E+01  0.2910E+02
   0.019  0.6776E+01  0.2917E+02
   0.029  0.6634E+01  0.2924E+02
   0.039  0.6481E+01  0.2930E+02
   0.049  0.6321E+01  0.2937E+02
   0.059  0.6159E+01  0.2943E+02
   0.069  0.5997E+01  0.2949E+02
   0.079  0.5840E+01  0.2955E+02
   0.089  0.5692E+01  0.2960E+02
   0.099  0.5557E+01  0.2966E+02
   0.109  0.5439E+01  0.2971E+02
   0.119  0.5340E+01  0.2977E+02
   0.129  0.5265E+01  0.2982E+02
   0.139  0.5215E+01  0.2987E+02
   0.149  0.5190E+01  0.2992E+02
   0.159  0.5193E+01  0.2998E+02
   0.169  0.5223E+01  0.3003E+02
   0.179  0.5278E+01  0.3008E+02
   0.189  0.5357E+01  0.3013E+02
   0.199  0.5458E+01  0.3019E+02
   0.209  0.5577E+01  0.3024E+02
   0.219  0.5711E+01  0.3030E+02
   0.229  0.5854E+01  0.3036E+02
   0.239  0.6004E+01  0.3042E+02
   0.249  0.6155E+01  0.3048E+02
   0.259  0.6303E+01  0.3054E+02
   0.269  0.6444E+01  0.3061E+02
   0.279  0.6575E+01  0.3067E+02
   0.289  0.6691E+01  0.3074E+02
   0.299  0.6792E+01  0.3081E+02
   0.309  0.6877E+01  0.3088E+02
   0.319  0.6943E+01  0.3095E+02
   0.329  0.6993E+01  0.3102E+02
   0.339  0.7028E+01  0.3109E+02
   0.349  0.7050E+01  0.3116E+02
   0.359  0.7063E+01  0.3123E+02
   0.369  0.7070E+01  0.3130E+02
   0.379  0.7075E+01  0.3137E+02
   0.389  0.7082E+01  0.3144E+02
   0.399  0.7096E+01  0.3151E+02
   0.409  0.7119E+01  0.3158E+02
   0.419  0.7157E+01  0.3165E+02
   0.429  0.7210E+01  0.3173E+02
   0.439  0.7280E+01  0.3180E+02
   0.449  0.7367E+01  0.3187E+02
   0.459  0.7471E+01  0.3195E+02
   0.469  0.7589E+01  0.3202E+02
   0.479  0.7719E+01  0.3210E+02
   0.489  0.7855E+01  0.3218E+02
   0.499  0.7994E+01  0.3226E+02
   0.509  0.8128E+01  0.3234E+02
   0.519  0.8253E+01  0.3242E+02
   0.529  0.8362E+01  0.3251E+02
   0.539  0.8448E+01  0.3259E+02
   0.549  0.8508E+01  0.3268E+02
   0.559  0.8536E+01  0.3276E+02
   0.569  0.8528E+01  0.3285E+02
   0.579  0.8483E+01  0.3293E+02
   0.589  0.8399E+01  0.3302E+02
   0.599  0.8278E+01  0.3310E+02
   0.609  0.8121E+01  0.3318E+02
   0.619  0.7931E+01  0.3326E+02
   0.629  0.7714E+01  0.3334E+02
   0.639  0.7474E+01  0.3341E+02
   0.649  0.7218E+01  0.3348E+02
   0.659  0.6953E+01  0.3355E+02
   0.669  0.6687E+01  0.3362E+02
   0.679  0.6425E+01  0.3368E+02
   0.689  0.6175E+01  0.3375E+02
   0.699  0.5943E+01  0.3381E+02
   0.709  0.5734E+01  0.3386E+02
   0.719  0.5553E+01  0.3392E+02
   0.729  0.5404E+01  0.3397E+02
   0.739  0.5289E+01  0.3403E+02
   0.749  0.5209E+01  0.3408E+02
   0.759  0.5165E+01  0.3413E+02
   0.769  0.5156E+01  0.3418E+02
   0.779  0.5181E+01  0.3423E+02
   0.789  0.5239E+01  0.3428E+02
   0.799  0.5327E+01  0.3434E+02
   0.809  0.5442E+01  0.3439E+02
   0.819  0.5581E+01  0.3445E+02
   0.829  0.5741E+01  0.3451E+02
   0.839  0.5919E+01  0.3456E+02
   0.849  0.6112E+01  0.3463E+02
   0.859  0.6317E+01  0.3469E+02
   0.869  0.6531E+01  0.3475E+02
   0.879  0.6751E+01  0.3482E+02
   0.889  0.6976E+01  0.3489E+02
   0.899  0.7202E+01  0.3496E+02
   0.909  0.7428E+01  0.3504E+02
   0.919  0.7651E+01  0.3511E+02
   0.929  0.7870E+01  0.3519E+02
   0.939  0.8082E+01  0.3527E+02
   0.949  0.8286E+01  0.3536E+02
   0.959  0.8479E+01  0.3544E+02
   0.969  0.8660E+01  0.3553E+02
   0.979  0.8827E+01  0.3562E+02
   0.989  0.8977E+01  0.3571E+02
   0.999  0.9109E+01  0.3580E+02
   1.009  0.9221E+01  0.3589E+02
   1.019  0.9311E+01  0.3598E+02
   1.029  0.9378E+01  0.3608E+02
   1.039  0.9421E+01  0.3617E+02
   1.049  0.9438E+01  0.3626E+02
   1.059  0.9430E+01  0.3636E+02
   1.069  0.9397E+01  0.3645E+02
   1.079  0.9339E+01  0.3655E+02
   1.089  0.9258E+01  0.3664E+02
   1.099  0.9156E+01  0.3673E+02
   1.109  0.9034E+01  0.3682E+02
   1.119  0.8896E+01  0.3691E+02
   1.129  0.8745E+01  0.3700E+02
   1.139  0.8585E+01  0.3708E+02
   1.149  0.8420E+01  0.3717E+02
   1.159  0.8254E+01  0.3725E+02
   1.169  0.8091E+01  0.3733E+02
   1.179  0.7935E+01  0.3741E+02
   1.189  0.7792E+01  0.3749E+02
   1.199  0.7663E+01  0.3756E+02
   1.209  0.7552E+01  0.3764E+02
   1.219  0.7463E+01  0.3772E+02
   1.229  0.7396E+01  0.3779E+02
   1.239  0.7354E+01  0.3786E+02
   1.249  0.7336E+01  0.3794E+02
   1.259  0.7344E+01  0.3801E+02
   1.269  0.7375E+01  0.3808E+02
   1.279  0.7428E+01  0.3816E+02
   1.289  0.7502E+01  0.3823E+02
   1.299  0.7592E+01  0.3831E+02
   1.309  0.7697E+01  0.3839E+02
   1.319  0.7813E+01  0.3846E+02
   1.329  0.7936E+01  0.3854E+02
   1.339  0.8062E+01  0.3862E+02
   1.349  0.8188E+01  0.3871E+02
   1.359  0.8310E+01  0.3879E+02
   1.369  0.8426E+01  0.3887E+02
   1.379  0.8532E+01  0.3896E+02
   1.389  0.8628E+01  0.3904E+02
   1.399  0.8711E+01  0.3913E+02
   1.409  0.8782E+01  0.3922E+02
   1.419  0.8840E+01  0.3931E+02
   1.429  0.8886E+01  0.3940E+02
   1.439  0.8920E+01  0.3949E+02
   1.449  0.8944E+01  0.3958E+02
   1.459  0.8960E+01  0.3966E+02
   1.469  0.8970E+01  0.3975E+02
   1.479  0.8975E+01  0.3984E+02
   1.489  0.8977E+01  0.3993E+02
   1.499  0.8977E+01  0.4002E+02
   1.509  0.8975E+01  0.4011E+02
   1.519  0.8973E+01  0.4020E+02
   1.529  0.8969E+01  0.4029E+02
   1.539  0.8964E+01  0.4038E+02
   1.549  0.8956E+01  0.4047E+02
   1.559  0.8944E+01  0.4056E+02
   1.569  0.8927E+01  0.4065E+02
   1.579  0.8903E+01  0.4074E+02
   1.589  0.8870E+01  0.4083E+02
   1.599  0.8828E+01  0.4092E+02
   1.609  0.8775E+01  0.4100E+02
   1.619  0.8711E+01  0.4109E+02
   1.629  0.8637E+01  0.4118E+02
   1.639  0.8551E+01  0.4126E+02
   1.649  0.8457E+01  0.4135E+02
   1.659  0.8355E+01  0.4143E+02
   1.669  0.8247E+01  0.4151E+02
   1.679  0.8136E+01  0.4160E+02
   1.689  0.8023E+01  0.4168E+02
   1.699  0.7912E+01  0.4175E+02
   1.709  0.7804E+01  0.4183E+02
   1.719  0.7702E+01  0.4191E+02
   1.729  0.7608E+01  0.4199E+02
   1.739  0.7521E+01  0.4206E+02
   1.749  0.7444E+01  0.4214E+02
   1.759  0.7376E+01  0.4221E+02
   1.769  0.7317E+01  0.4228E+02
   1.779  0.7266E+01  0.4236E+02
   1.789  0.7221E+01  0.4243E+02
   1.799  0.7181E+01  0.4250E+02
   1.809  0.7145E+01  0.4257E+02
   1.819  0.7110E+01  0.4264E+02
   1.829  0.7074E+01  0.4271E+02
   1.839  0.7035E+01  0.4278E+02
   1.849  0.6993E+01  0.4285E+02
   1.859  0.6945E+01  0.4292E+02
   1.869  0.6891E+01  0.4299E+02
   1.879  0.6830E+01  0.4306E+02
   1.889  0.6762E+01  0.4313E+02
   1.899  0.6687E+01  0.4319E+02
   1.909  0.6605E+01  0.4326E+02
   1.919  0.6517E+01  0.4333E+02
   1.929  0.6425E+01  0.4339E+02
   1.939  0.6330E+01  0.4345E+02
   1.949  0.6232E+01  0.4352E+02
   1.959  0.6134E+01  0.4358E+02
   1.969  0.6039E+01  0.4364E+02
   1.979  0.5946E+01  0.4370E+02
   1.989  0.5859E+01  0.4375E+02
   1.999  0.5780E+01  0.4381E+02
   2.009  0.5710E+01  0.4387E+02
   2.019  0.5650E+01  0.4393E+02
   2.029  0.5604E+01  0.4398E+02
   2.039  0.5572E+01  0.4404E+02
   2.049  0.5555E+01  0.4409E+02
   2.059  0.5555E+01  0.4415E+02
   2.069  0.5572E+01  0.4420E+02
   2.079  0.5607E+01  0.4426E+02
   2.089  0.5659E+01  0.4432E+02
   2.099  0.5729E+01  0.4437E+02
   2.109  0.5815E+01  0.4443E+02
   2.119  0.5917E+01  0.4449E+02
   2.129  0.6032E+01  0.4455E+02
   2.139  0.6159E+01  0.4461E+02
   2.149  0.6297E+01  0.4468E+02
   2.159  0.6441E+01  0.4474E+02
   2.169  0.6590E+01  0.4481E+02
   2.179  0.6741E+01  0.4487E+02
   2.189  0.6891E+01  0.4494E+02
   2.199  0.7038E+01  0.4501E+02
   2.209  0.7178E+01  0.4509E+02
   2.219  0.7310E+01  0.4516E+02
   2.229  0.7432E+01  0.4523E+02
   2.239  0.7541E+01  0.4531E+02
   2.249  0.7638E+01  0.4538E+02
   2.259  0.7720E+01  0.4546E+02
   2.269  0.7789E+01  0.4554E+02
   2.279  0.7843E+01  0.4562E+02
   2.289  0.7885E+01  0.4570E+02
   2.299  0.7914E+01  0.4578E+02
   2.309  0.7933E+01  0.4586E+02
   2.319  0.7942E+01  0.4594E+02
   2.329  0.7943E+01  0.4601E+02
   2.339  0.7937E+01  0.4609E+02
   2.349  0.7926E+01  0.4617E+02
   2.359  0.7911E+01  0.4625E+02
   2.369  0.7891E+01  0.4633E+02
   2.379  0.7868E+01  0.4641E+02
   2.389  0.7839E+01  0.4649E+02
   2.399  0.7805E+01  0.4657E+02
   2.409  0.7763E+01  0.4664E+02
   2.419  0.7711E+01  0.4672E+02
   2.429  0.7648E+01  0.4680E+02
   2.439  0.7569E+01  0.4687E+02
   2.449  0.7472E+01  0.4695E+02
   2.459  0.7355E+01  0.4702E+02
   2.469  0.7215E+01  0.4709E+02
   2.479  0.7049E+01  0.4716E+02
   2.489  0.6858E+01  0.4723E+02
   2.499  0.6639E+01  0.4730E+02
   2.509  0.6393E+01  0.4736E+02
   2.519  0.6121E+01  0.4742E+02
   2.529  0.5825E+01  0.4748E+02
   2.539  0.5508E+01  0.4754E+02
   2.549  0.5173E+01  0.4759E+02
   2.559  0.4823E+01  0.4764E+02
   2.569  0.4464E+01  0.4768E+02
   2.579  0.4101E+01  0.4772E+02
   2.589  0.3737E+01  0.4776E+02
   2.599  0.3379E+01  0.4779E+02
   2.609  0.3029E+01  0.4782E+02
   2.619  0.2693E+01  0.4785E+02
   2.629  0.2374E+01  0.4788E+02
   2.639  0.2074E+01  0.4790E+02
   2.649  0.1797E+01  0.4791E+02
   2.659  0.1542E+01  0.4793E+02
   2.669  0.1312E+01  0.4794E+02
   2.679  0.1106E+01  0.4795E+02
   2.689  0.9235E+00  0.4796E+02
   2.699  0.7640E+00  0.4797E+02
   2.709  0.6262E+00  0.4798E+02
   2.719  0.5084E+00  0.4798E+02
   2.729  0.4089E+00  0.4799E+02
   2.739  0.3257E+00  0.4799E+02
   2.749  0.2570E+00  0.4799E+02
   2.759  0.2008E+00  0.4799E+02
   2.769  0.1554E+00  0.4800E+02
   2.779  0.1191E+00  0.4800E+02
   2.789  0.9034E-01  0.4800E+02
   2.799  0.6788E-01  0.4800E+02
   2.809  0.5051E-01  0.4800E+02
   2.819  0.3721E-01  0.4800E+02
   2.829  0.2715E-01  0.4800E+02
   2.839  0.1961E-01  0.4800E+02
   2.849  0.1402E-01  0.4800E+02
   2.859  0.9930E-02  0.4800E+02
   2.869  0.6961E-02  0.4800E+02
   2.879  0.4832E-02  0.4800E+02
   2.889  0.3320E-02  0.4800E+02
   2.899  0.2259E-02  0.4800E+02
   2.909  0.1521E-02  0.4800E+02
   2.919  0.1014E-02  0.4800E+02
   2.929  0.6695E-03  0.4800E+02
   2.939  0.4375E-03  0.4800E+02
   2.949  0.2830E-03  0.4800E+02
   2.959  0.1812E-03  0.4800E+02
   2.969  0.1149E-03  0.4800E+02
   2.979  0.7210E-04  0.4800E+02
