#  E (eV)   dos(E)     Int dos(E) EFermi =    2.576 eV
 -17.589  0.7142E-05  0.7142E-07
 -17.579  0.9044E-05  0.1619E-06
 -17.569  0.1142E-04  0.2761E-06
 -17.559  0.1439E-04  0.4200E-06
 -17.549  0.1809E-04  0.6009E-06
 -17.539  0.2268E-04  0.8277E-06
 -17.529  0.2836E-04  0.1111E-05
 -17.519  0.3537E-04  0.1465E-05
 -17.509  0.4401E-04  0.1905E-05
 -17.499  0.5462E-04  0.2451E-05
 -17.489  0.6762E-04  0.3127E-05
 -17.479  0.8350E-04  0.3962E-05
 -17.469  0.1029E-03  0.4991E-05
 -17.459  0.1264E-03  0.6255E-05
 -17.449  0.1549E-03  0.7804E-05
 -17.439  0.1895E-03  0.9699E-05
 -17.429  0.2311E-03  0.1201E-04
 -17.419  0.2812E-03  0.1482E-04
 -17.409  0.3413E-03  0.1823E-04
 -17.399  0.4132E-03  0.2237E-04
 -17.389  0.4991E-03  0.2736E-04
 -17.379  0.6013E-03  0.3337E-04
 -17.369  0.7227E-03  0.4060E-04
 -17.359  0.8666E-03  0.4926E-04
 -17.349  0.1037E-02  0.5963E-04
 -17.339  0.1237E-02  0.7200E-04
 -17.329  0.1472E-02  0.8672E-04
 -17.319  0.1748E-02  0.1042E-03
 -17.309  0.2071E-02  0.1249E-03
 -17.299  0.2448E-02  0.1494E-03
 -17.289  0.2886E-02  0.1783E-03
 -17.279  0.3395E-02  0.2122E-03
 -17.269  0.3984E-02  0.2520E-03
 -17.259  0.4664E-02  0.2987E-03
 -17.249  0.5447E-02  0.3532E-03
 -17.239  0.6347E-02  0.4166E-03
 -17.229  0.7379E-02  0.4904E-03
 -17.219  0.8558E-02  0.5760E-03
 -17.209  0.9903E-02  0.6750E-03
 -17.199  0.1143E-01  0.7894E-03
 -17.189  0.1317E-01  0.9210E-03
 -17.179  0.1513E-01  0.1072E-02
 -17.169  0.1735E-01  0.1246E-02
 -17.159  0.1985E-01  0.1444E-02
 -17.149  0.2266E-01  0.1671E-02
 -17.139  0.2581E-01  0.1929E-02
 -17.129  0.2933E-01  0.2222E-02
 -17.119  0.3325E-01  0.2555E-02
 -17.109  0.3762E-01  0.2931E-02
 -17.099  0.4248E-01  0.3356E-02
 -17.089  0.4785E-01  0.3834E-02
 -17.079  0.5379E-01  0.4372E-02
 -17.069  0.6033E-01  0.4976E-02
 -17.059  0.6753E-01  0.5651E-02
 -17.049  0.7543E-01  0.6405E-02
 -17.039  0.8408E-01  0.7246E-02
 -17.029  0.9352E-01  0.8181E-02
 -17.019  0.1038E+00  0.9219E-02
 -17.009  0.1150E+00  0.1037E-01
 -16.999  0.1272E+00  0.1164E-01
 -16.989  0.1403E+00  0.1304E-01
 -16.979  0.1545E+00  0.1459E-01
 -16.969  0.1698E+00  0.1629E-01
 -16.959  0.1863E+00  0.1815E-01
 -16.949  0.2040E+00  0.2019E-01
 -16.939  0.2229E+00  0.2242E-01
 -16.929  0.2432E+00  0.2485E-01
 -16.919  0.2648E+00  0.2750E-01
 -16.909  0.2878E+00  0.3038E-01
 -16.899  0.3122E+00  0.3350E-01
 -16.889  0.3382E+00  0.3688E-01
 -16.879  0.3657E+00  0.4054E-01
 -16.869  0.3947E+00  0.4448E-01
 -16.859  0.4253E+00  0.4874E-01
 -16.849  0.4576E+00  0.5331E-01
 -16.839  0.4915E+00  0.5823E-01
 -16.829  0.5271E+00  0.6350E-01
 -16.819  0.5644E+00  0.6914E-01
 -16.809  0.6034E+00  0.7518E-01
 -16.799  0.6442E+00  0.8162E-01
 -16.789  0.6867E+00  0.8849E-01
 -16.779  0.7310E+00  0.9580E-01
 -16.769  0.7770E+00  0.1036E+00
 -16.759  0.8248E+00  0.1118E+00
 -16.749  0.8744E+00  0.1206E+00
 -16.739  0.9258E+00  0.1298E+00
 -16.729  0.9789E+00  0.1396E+00
 -16.719  0.1034E+01  0.1499E+00
 -16.709  0.1090E+01  0.1608E+00
 -16.699  0.1149E+01  0.1723E+00
 -16.689  0.1209E+01  0.1844E+00
 -16.679  0.1270E+01  0.1971E+00
 -16.669  0.1333E+01  0.2104E+00
 -16.659  0.1398E+01  0.2244E+00
 -16.649  0.1464E+01  0.2391E+00
 -16.639  0.1532E+01  0.2544E+00
 -16.629  0.1601E+01  0.2704E+00
 -16.619  0.1671E+01  0.2871E+00
 -16.609  0.1743E+01  0.3045E+00
 -16.599  0.1816E+01  0.3227E+00
 -16.589  0.1889E+01  0.3416E+00
 -16.579  0.1964E+01  0.3612E+00
 -16.569  0.2039E+01  0.3816E+00
 -16.559  0.2116E+01  0.4028E+00
 -16.549  0.2192E+01  0.4247E+00
 -16.539  0.2269E+01  0.4474E+00
 -16.529  0.2346E+01  0.4709E+00
 -16.519  0.2423E+01  0.4951E+00
 -16.509  0.2500E+01  0.5201E+00
 -16.499  0.2576E+01  0.5458E+00
 -16.489  0.2652E+01  0.5724E+00
 -16.479  0.2727E+01  0.5996E+00
 -16.469  0.2800E+01  0.6276E+00
 -16.459  0.2873E+01  0.6564E+00
 -16.449  0.2943E+01  0.6858E+00
 -16.439  0.3012E+01  0.7159E+00
 -16.429  0.3079E+01  0.7467E+00
 -16.419  0.3143E+01  0.7781E+00
 -16.409  0.3205E+01  0.8102E+00
 -16.399  0.3264E+01  0.8428E+00
 -16.389  0.3320E+01  0.8760E+00
 -16.379  0.3372E+01  0.9097E+00
 -16.369  0.3421E+01  0.9439E+00
 -16.359  0.3467E+01  0.9786E+00
 -16.349  0.3508E+01  0.1014E+01
 -16.339  0.3546E+01  0.1049E+01
 -16.329  0.3580E+01  0.1085E+01
 -16.319  0.3609E+01  0.1121E+01
 -16.309  0.3634E+01  0.1157E+01
 -16.299  0.3655E+01  0.1194E+01
 -16.289  0.3672E+01  0.1231E+01
 -16.279  0.3685E+01  0.1268E+01
 -16.269  0.3694E+01  0.1304E+01
 -16.259  0.3698E+01  0.1341E+01
 -16.249  0.3700E+01  0.1378E+01
 -16.239  0.3697E+01  0.1415E+01
 -16.229  0.3691E+01  0.1452E+01
 -16.219  0.3682E+01  0.1489E+01
 -16.209  0.3671E+01  0.1526E+01
 -16.199  0.3656E+01  0.1562E+01
 -16.189  0.3640E+01  0.1599E+01
 -16.179  0.3622E+01  0.1635E+01
 -16.169  0.3602E+01  0.1671E+01
 -16.159  0.3582E+01  0.1707E+01
 -16.149  0.3560E+01  0.1742E+01
 -16.139  0.3539E+01  0.1778E+01
 -16.129  0.3517E+01  0.1813E+01
 -16.119  0.3496E+01  0.1848E+01
 -16.109  0.3476E+01  0.1883E+01
 -16.099  0.3456E+01  0.1917E+01
 -16.089  0.3438E+01  0.1952E+01
 -16.079  0.3422E+01  0.1986E+01
 -16.069  0.3408E+01  0.2020E+01
 -16.059  0.3395E+01  0.2054E+01
 -16.049  0.3385E+01  0.2088E+01
 -16.039  0.3378E+01  0.2122E+01
 -16.029  0.3372E+01  0.2155E+01
 -16.019  0.3369E+01  0.2189E+01
 -16.009  0.3369E+01  0.2223E+01
 -15.999  0.3371E+01  0.2256E+01
 -15.989  0.3376E+01  0.2290E+01
 -15.979  0.3382E+01  0.2324E+01
 -15.969  0.3391E+01  0.2358E+01
 -15.959  0.3401E+01  0.2392E+01
 -15.949  0.3412E+01  0.2426E+01
 -15.939  0.3425E+01  0.2460E+01
 -15.929  0.3439E+01  0.2495E+01
 -15.919  0.3454E+01  0.2529E+01
 -15.909  0.3468E+01  0.2564E+01
 -15.899  0.3483E+01  0.2599E+01
 -15.889  0.3496E+01  0.2634E+01
 -15.879  0.3510E+01  0.2669E+01
 -15.869  0.3521E+01  0.2704E+01
 -15.859  0.3532E+01  0.2739E+01
 -15.849  0.3540E+01  0.2775E+01
 -15.839  0.3546E+01  0.2810E+01
 -15.829  0.3550E+01  0.2846E+01
 -15.819  0.3551E+01  0.2881E+01
 -15.809  0.3549E+01  0.2917E+01
 -15.799  0.3544E+01  0.2952E+01
 -15.789  0.3536E+01  0.2987E+01
 -15.779  0.3524E+01  0.3023E+01
 -15.769  0.3509E+01  0.3058E+01
 -15.759  0.3491E+01  0.3093E+01
 -15.749  0.3470E+01  0.3127E+01
 -15.739  0.3445E+01  0.3162E+01
 -15.729  0.3417E+01  0.3196E+01
 -15.719  0.3387E+01  0.3230E+01
 -15.709  0.3354E+01  0.3263E+01
 -15.699  0.3319E+01  0.3297E+01
 -15.689  0.3281E+01  0.3329E+01
 -15.679  0.3242E+01  0.3362E+01
 -15.669  0.3202E+01  0.3394E+01
 -15.659  0.3160E+01  0.3425E+01
 -15.649  0.3119E+01  0.3457E+01
 -15.639  0.3077E+01  0.3487E+01
 -15.629  0.3035E+01  0.3518E+01
 -15.619  0.2994E+01  0.3548E+01
 -15.609  0.2954E+01  0.3577E+01
 -15.599  0.2916E+01  0.3606E+01
 -15.589  0.2880E+01  0.3635E+01
 -15.579  0.2846E+01  0.3664E+01
 -15.569  0.2815E+01  0.3692E+01
 -15.559  0.2787E+01  0.3720E+01
 -15.549  0.2762E+01  0.3747E+01
 -15.539  0.2741E+01  0.3775E+01
 -15.529  0.2724E+01  0.3802E+01
 -15.519  0.2711E+01  0.3829E+01
 -15.509  0.2703E+01  0.3856E+01
 -15.499  0.2698E+01  0.3883E+01
 -15.489  0.2698E+01  0.3910E+01
 -15.479  0.2702E+01  0.3937E+01
 -15.469  0.2711E+01  0.3964E+01
 -15.459  0.2724E+01  0.3991E+01
 -15.449  0.2741E+01  0.4019E+01
 -15.439  0.2762E+01  0.4046E+01
 -15.429  0.2787E+01  0.4074E+01
 -15.419  0.2816E+01  0.4103E+01
 -15.409  0.2847E+01  0.4131E+01
 -15.399  0.2882E+01  0.4160E+01
 -15.389  0.2919E+01  0.4189E+01
 -15.379  0.2958E+01  0.4219E+01
 -15.369  0.2999E+01  0.4249E+01
 -15.359  0.3042E+01  0.4279E+01
 -15.349  0.3085E+01  0.4310E+01
 -15.339  0.3128E+01  0.4341E+01
 -15.329  0.3172E+01  0.4373E+01
 -15.319  0.3216E+01  0.4405E+01
 -15.309  0.3258E+01  0.4438E+01
 -15.299  0.3300E+01  0.4471E+01
 -15.289  0.3340E+01  0.4504E+01
 -15.279  0.3378E+01  0.4538E+01
 -15.269  0.3414E+01  0.4572E+01
 -15.259  0.3447E+01  0.4606E+01
 -15.249  0.3478E+01  0.4641E+01
 -15.239  0.3506E+01  0.4676E+01
 -15.229  0.3531E+01  0.4712E+01
 -15.219  0.3554E+01  0.4747E+01
 -15.209  0.3573E+01  0.4783E+01
 -15.199  0.3590E+01  0.4819E+01
 -15.189  0.3604E+01  0.4855E+01
 -15.179  0.3615E+01  0.4891E+01
 -15.169  0.3625E+01  0.4927E+01
 -15.159  0.3633E+01  0.4963E+01
 -15.149  0.3640E+01  0.5000E+01
 -15.139  0.3645E+01  0.5036E+01
 -15.129  0.3651E+01  0.5073E+01
 -15.119  0.3657E+01  0.5109E+01
 -15.109  0.3665E+01  0.5146E+01
 -15.099  0.3674E+01  0.5183E+01
 -15.089  0.3686E+01  0.5220E+01
 -15.079  0.3702E+01  0.5257E+01
 -15.069  0.3722E+01  0.5294E+01
 -15.059  0.3747E+01  0.5331E+01
 -15.049  0.3779E+01  0.5369E+01
 -15.039  0.3818E+01  0.5407E+01
 -15.029  0.3865E+01  0.5446E+01
 -15.019  0.3922E+01  0.5485E+01
 -15.009  0.3988E+01  0.5525E+01
 -14.999  0.4065E+01  0.5566E+01
 -14.989  0.4154E+01  0.5607E+01
 -14.979  0.4255E+01  0.5650E+01
 -14.969  0.4370E+01  0.5694E+01
 -14.959  0.4498E+01  0.5738E+01
 -14.949  0.4640E+01  0.5785E+01
 -14.939  0.4797E+01  0.5833E+01
 -14.929  0.4969E+01  0.5883E+01
 -14.919  0.5156E+01  0.5934E+01
 -14.909  0.5359E+01  0.5988E+01
 -14.899  0.5576E+01  0.6043E+01
 -14.889  0.5808E+01  0.6102E+01
 -14.879  0.6054E+01  0.6162E+01
 -14.869  0.6314E+01  0.6225E+01
 -14.859  0.6586E+01  0.6291E+01
 -14.849  0.6871E+01  0.6360E+01
 -14.839  0.7166E+01  0.6431E+01
 -14.829  0.7470E+01  0.6506E+01
 -14.819  0.7783E+01  0.6584E+01
 -14.809  0.8102E+01  0.6665E+01
 -14.799  0.8426E+01  0.6749E+01
 -14.789  0.8752E+01  0.6837E+01
 -14.779  0.9079E+01  0.6928E+01
 -14.769  0.9405E+01  0.7022E+01
 -14.759  0.9727E+01  0.7119E+01
 -14.749  0.1004E+02  0.7219E+01
 -14.739  0.1035E+02  0.7323E+01
 -14.729  0.1065E+02  0.7429E+01
 -14.719  0.1094E+02  0.7539E+01
 -14.709  0.1121E+02  0.7651E+01
 -14.699  0.1146E+02  0.7765E+01
 -14.689  0.1169E+02  0.7882E+01
 -14.679  0.1191E+02  0.8001E+01
 -14.669  0.1210E+02  0.8122E+01
 -14.659  0.1226E+02  0.8245E+01
 -14.649  0.1240E+02  0.8369E+01
 -14.639  0.1251E+02  0.8494E+01
 -14.629  0.1260E+02  0.8620E+01
 -14.619  0.1265E+02  0.8747E+01
 -14.609  0.1267E+02  0.8873E+01
 -14.599  0.1266E+02  0.9000E+01
 -14.589  0.1263E+02  0.9126E+01
 -14.579  0.1256E+02  0.9252E+01
 -14.569  0.1246E+02  0.9376E+01
 -14.559  0.1233E+02  0.9500E+01
 -14.549  0.1217E+02  0.9621E+01
 -14.539  0.1198E+02  0.9741E+01
 -14.529  0.1177E+02  0.9859E+01
 -14.519  0.1153E+02  0.9974E+01
 -14.509  0.1126E+02  0.1009E+02
 -14.499  0.1098E+02  0.1020E+02
 -14.489  0.1067E+02  0.1030E+02
 -14.479  0.1035E+02  0.1041E+02
 -14.469  0.1001E+02  0.1051E+02
 -14.459  0.9658E+01  0.1060E+02
 -14.449  0.9294E+01  0.1070E+02
 -14.439  0.8920E+01  0.1079E+02
 -14.429  0.8540E+01  0.1087E+02
 -14.419  0.8155E+01  0.1095E+02
 -14.409  0.7767E+01  0.1103E+02
 -14.399  0.7378E+01  0.1110E+02
 -14.389  0.6991E+01  0.1117E+02
 -14.379  0.6606E+01  0.1124E+02
 -14.369  0.6227E+01  0.1130E+02
 -14.359  0.5854E+01  0.1136E+02
 -14.349  0.5490E+01  0.1142E+02
 -14.339  0.5134E+01  0.1147E+02
 -14.329  0.4790E+01  0.1151E+02
 -14.319  0.4456E+01  0.1156E+02
 -14.309  0.4136E+01  0.1160E+02
 -14.299  0.3828E+01  0.1164E+02
 -14.289  0.3534E+01  0.1167E+02
 -14.279  0.3254E+01  0.1171E+02
 -14.269  0.2988E+01  0.1174E+02
 -14.259  0.2737E+01  0.1176E+02
 -14.249  0.2501E+01  0.1179E+02
 -14.239  0.2279E+01  0.1181E+02
 -14.229  0.2071E+01  0.1183E+02
 -14.219  0.1877E+01  0.1185E+02
 -14.209  0.1697E+01  0.1187E+02
 -14.199  0.1530E+01  0.1188E+02
 -14.189  0.1376E+01  0.1190E+02
 -14.179  0.1235E+01  0.1191E+02
 -14.169  0.1105E+01  0.1192E+02
 -14.159  0.9856E+00  0.1193E+02
 -14.149  0.8772E+00  0.1194E+02
 -14.139  0.7787E+00  0.1195E+02
 -14.129  0.6894E+00  0.1195E+02
 -14.119  0.6087E+00  0.1196E+02
 -14.109  0.5361E+00  0.1197E+02
 -14.099  0.4709E+00  0.1197E+02
 -14.089  0.4126E+00  0.1197E+02
 -14.079  0.3605E+00  0.1198E+02
 -14.069  0.3142E+00  0.1198E+02
 -14.059  0.2731E+00  0.1198E+02
 -14.049  0.2368E+00  0.1199E+02
 -14.039  0.2047E+00  0.1199E+02
 -14.029  0.1766E+00  0.1199E+02
 -14.019  0.1519E+00  0.1199E+02
 -14.009  0.1303E+00  0.1199E+02
 -13.999  0.1115E+00  0.1199E+02
 -13.989  0.9515E-01  0.1199E+02
 -13.979  0.8098E-01  0.1200E+02
 -13.969  0.6875E-01  0.1200E+02
 -13.959  0.5821E-01  0.1200E+02
 -13.949  0.4916E-01  0.1200E+02
 -13.939  0.4140E-01  0.1200E+02
 -13.929  0.3478E-01  0.1200E+02
 -13.919  0.2914E-01  0.1200E+02
 -13.909  0.2435E-01  0.1200E+02
 -13.899  0.2029E-01  0.1200E+02
 -13.889  0.1687E-01  0.1200E+02
 -13.879  0.1399E-01  0.1200E+02
 -13.869  0.1156E-01  0.1200E+02
 -13.859  0.9537E-02  0.1200E+02
 -13.849  0.7844E-02  0.1200E+02
 -13.839  0.6435E-02  0.1200E+02
 -13.829  0.5265E-02  0.1200E+02
 -13.819  0.4297E-02  0.1200E+02
 -13.809  0.3497E-02  0.1200E+02
 -13.799  0.2839E-02  0.1200E+02
 -13.789  0.2298E-02  0.1200E+02
 -13.779  0.1856E-02  0.1200E+02
 -13.769  0.1495E-02  0.1200E+02
 -13.759  0.1201E-02  0.1200E+02
 -13.749  0.9618E-03  0.1200E+02
 -13.739  0.7685E-03  0.1200E+02
 -13.729  0.6124E-03  0.1200E+02
 -13.719  0.4868E-03  0.1200E+02
 -13.709  0.3859E-03  0.1200E+02
 -13.699  0.3051E-03  0.1200E+02
 -13.689  0.2406E-03  0.1200E+02
 -13.679  0.1892E-03  0.1200E+02
 -13.669  0.1484E-03  0.1200E+02
 -13.659  0.1161E-03  0.1200E+02
 -13.649  0.9059E-04  0.1200E+02
 -13.639  0.7049E-04  0.1200E+02
 -13.629  0.5471E-04  0.1200E+02
 -13.619  0.4235E-04  0.1200E+02
 -13.609  0.3270E-04  0.1200E+02
 -13.599  0.2518E-04  0.1200E+02
 -13.589  0.1934E-04  0.1200E+02
 -13.579  0.1481E-04  0.1200E+02
 -13.569  0.1131E-04  0.1200E+02
 -13.559  0.8620E-05  0.1200E+02
 -13.549  0.6551E-05  0.1200E+02
 -13.539  0.4965E-05  0.1200E+02
 -13.529  0.3753E-05  0.1200E+02
 -13.519  0.2829E-05  0.1200E+02
 -13.509  0.2127E-05  0.1200E+02
 -13.499  0.1595E-05  0.1200E+02
 -13.489  0.1193E-05  0.1200E+02
 -13.479  0.8900E-06  0.1200E+02
 -13.469  0.6621E-06  0.1200E+02
 -13.459  0.4913E-06  0.1200E+02
 -13.449  0.3636E-06  0.1200E+02
 -13.439  0.2684E-06  0.1200E+02
 -13.429  0.1976E-06  0.1200E+02
 -13.419  0.1450E-06  0.1200E+02
 -13.409  0.1062E-06  0.1200E+02
 -13.399  0.7757E-07  0.1200E+02
 -13.389  0.5650E-07  0.1200E+02
 -13.379  0.4104E-07  0.1200E+02
 -13.369  0.2974E-07  0.1200E+02
 -13.359  0.2149E-07  0.1200E+02
 -13.349  0.1549E-07  0.1200E+02
 -13.339  0.1113E-07  0.1200E+02
 -13.329  0.7980E-08  0.1200E+02
 -13.319  0.5706E-08  0.1200E+02
 -13.309  0.4069E-08  0.1200E+02
 -13.299  0.2894E-08  0.1200E+02
 -13.289  0.2053E-08  0.1200E+02
 -13.279  0.1452E-08  0.1200E+02
 -13.269  0.1025E-08  0.1200E+02
 -13.259  0.7210E-09  0.1200E+02
 -13.249  0.5060E-09  0.1200E+02
 -13.239  0.3542E-09  0.1200E+02
 -13.229  0.2473E-09  0.1200E+02
 -13.219  0.1722E-09  0.1200E+02
 -13.209  0.1196E-09  0.1200E+02
 -13.199  0.8280E-10  0.1200E+02
 -13.189  0.5720E-10  0.1200E+02
 -13.179  0.3940E-10  0.1200E+02
 -13.169  0.2707E-10  0.1200E+02
 -13.159  0.1855E-10  0.1200E+02
 -13.149  0.1268E-10  0.1200E+02
 -13.139  0.8644E-11  0.1200E+02
 -13.129  0.5876E-11  0.1200E+02
 -13.119  0.3984E-11  0.1200E+02
 -13.109  0.2694E-11  0.1200E+02
 -13.099  0.1817E-11  0.1200E+02
 -13.089  0.1222E-11  0.1200E+02
 -13.079  0.8200E-12  0.1200E+02
 -13.069  0.5486E-12  0.1200E+02
 -13.059  0.3661E-12  0.1200E+02
 -13.049  0.2437E-12  0.1200E+02
 -13.039  0.1617E-12  0.1200E+02
 -13.029  0.1071E-12  0.1200E+02
 -13.019  0.7069E-13  0.1200E+02
 -13.009  0.4655E-13  0.1200E+02
 -12.999  0.3057E-13  0.1200E+02
 -12.989  0.2002E-13  0.1200E+02
 -12.979  0.1308E-13  0.1200E+02
 -12.969  0.8523E-14  0.1200E+02
 -12.959  0.5538E-14  0.1200E+02
 -12.949  0.3589E-14  0.1200E+02
 -12.939  0.2320E-14  0.1200E+02
 -12.929  0.1496E-14  0.1200E+02
 -12.919  0.9615E-15  0.1200E+02
 -12.909  0.6165E-15  0.1200E+02
 -12.899  0.3943E-15  0.1200E+02
 -12.889  0.2515E-15  0.1200E+02
 -12.879  0.1600E-15  0.1200E+02
 -12.869  0.1015E-15  0.1200E+02
 -12.859  0.6422E-16  0.1200E+02
 -12.849  0.4053E-16  0.1200E+02
 -12.839  0.2551E-16  0.1200E+02
 -12.829  0.1601E-16  0.1200E+02
 -12.819  0.1002E-16  0.1200E+02
 -12.809  0.6258E-17  0.1200E+02
 -12.799  0.3897E-17  0.1200E+02
 -12.789  0.2420E-17  0.1200E+02
 -12.779  0.1499E-17  0.1200E+02
 -12.769  0.9262E-18  0.1200E+02
 -12.759  0.5706E-18  0.1200E+02
 -12.749  0.3506E-18  0.1200E+02
 -12.739  0.2149E-18  0.1200E+02
 -12.729  0.1313E-18  0.1200E+02
 -12.719  0.8007E-19  0.1200E+02
 -12.709  0.4868E-19  0.1200E+02
 -12.699  0.2952E-19  0.1200E+02
 -12.689  0.1785E-19  0.1200E+02
 -12.679  0.1077E-19  0.1200E+02
 -12.669  0.6476E-20  0.1200E+02
 -12.659  0.3885E-20  0.1200E+02
 -12.649  0.2325E-20  0.1200E+02
 -12.639  0.1387E-20  0.1200E+02
 -12.629  0.8256E-21  0.1200E+02
 -12.619  0.4901E-21  0.1200E+02
 -12.609  0.2901E-21  0.1200E+02
 -12.599  0.1713E-21  0.1200E+02
 -12.589  0.1009E-21  0.1200E+02
 -12.579  0.5923E-22  0.1200E+02
 -12.569  0.3469E-22  0.1200E+02
 -12.559  0.2027E-22  0.1200E+02
 -12.549  0.1181E-22  0.1200E+02
 -12.539  0.6860E-23  0.1200E+02
 -12.529  0.3976E-23  0.1200E+02
 -12.519  0.2298E-23  0.1200E+02
 -12.509  0.1324E-23  0.1200E+02
 -12.499  0.7614E-24  0.1200E+02
 -12.489  0.4365E-24  0.1200E+02
 -12.479  0.2496E-24  0.1200E+02
 -12.469  0.1424E-24  0.1200E+02
 -12.459  0.8097E-25  0.1200E+02
 -12.449  0.4593E-25  0.1200E+02
 -12.439  0.2599E-25  0.1200E+02
 -12.429  0.1466E-25  0.1200E+02
 -12.419  0.8252E-26  0.1200E+02
 -12.409  0.4631E-26  0.1200E+02
 -12.399  0.2592E-26  0.1200E+02
 -12.389  0.1447E-26  0.1200E+02
 -12.379  0.8058E-27  0.1200E+02
 -12.369  0.4474E-27  0.1200E+02
 -12.359  0.2478E-27  0.1200E+02
 -12.349  0.1369E-27  0.1200E+02
 -12.339  0.7539E-28  0.1200E+02
 -12.329  0.4142E-28  0.1200E+02
 -12.319  0.2270E-28  0.1200E+02
 -12.309  0.1240E-28  0.1200E+02
 -12.299  0.6759E-29  0.1200E+02
 -12.289  0.3674E-29  0.1200E+02
 -12.279  0.1992E-29  0.1200E+02
 -12.269  0.1077E-29  0.1200E+02
 -12.259  0.5807E-30  0.1200E+02
 -12.249  0.3123E-30  0.1200E+02
 -12.239  0.1675E-30  0.1200E+02
 -12.229  0.8960E-31  0.1200E+02
 -12.219  0.4780E-31  0.1200E+02
 -12.209  0.2543E-31  0.1200E+02
 -12.199  0.1350E-31  0.1200E+02
 -12.189  0.7143E-32  0.1200E+02
 -12.179  0.3770E-32  0.1200E+02
 -12.169  0.1985E-32  0.1200E+02
 -12.159  0.1042E-32  0.1200E+02
 -12.149  0.5456E-33  0.1200E+02
 -12.139  0.2849E-33  0.1200E+02
 -12.129  0.1484E-33  0.1200E+02
 -12.119  0.7708E-34  0.1200E+02
 -12.109  0.3993E-34  0.1200E+02
 -12.099  0.2063E-34  0.1200E+02
 -12.089  0.1063E-34  0.1200E+02
 -12.079  0.5464E-35  0.1200E+02
 -12.069  0.2801E-35  0.1200E+02
 -12.059  0.1432E-35  0.1200E+02
 -12.049  0.7298E-36  0.1200E+02
 -12.039  0.3711E-36  0.1200E+02
 -12.029  0.1882E-36  0.1200E+02
 -12.019  0.9517E-37  0.1200E+02
 -12.009  0.4800E-37  0.1200E+02
 -11.999  0.2415E-37  0.1200E+02
 -11.989  0.1212E-37  0.1200E+02
 -11.979  0.6062E-38  0.1200E+02
 -11.969  0.3025E-38  0.1200E+02
 -11.959  0.1506E-38  0.1200E+02
 -11.949  0.7473E-39  0.1200E+02
 -11.939  0.3700E-39  0.1200E+02
 -11.929  0.1827E-39  0.1200E+02
 -11.919  0.8994E-40  0.1200E+02
 -11.909  0.4417E-40  0.1200E+02
 -11.899  0.2163E-40  0.1200E+02
 -11.889  0.1057E-40  0.1200E+02
 -11.879  0.5148E-41  0.1200E+02
 -11.869  0.2501E-41  0.1200E+02
 -11.859  0.1212E-41  0.1200E+02
 -11.849  0.5858E-42  0.1200E+02
 -11.839  0.2823E-42  0.1200E+02
 -11.829  0.1357E-42  0.1200E+02
 -11.819  0.6507E-43  0.1200E+02
 -11.809  0.3111E-43  0.1200E+02
 -11.799  0.1484E-43  0.1200E+02
 -11.789  0.7055E-44  0.1200E+02
 -11.779  0.3346E-44  0.1200E+02
 -11.769  0.1583E-44  0.1200E+02
 -11.759  0.7468E-45  0.1200E+02
 -11.749  0.3514E-45  0.1200E+02
 -11.739  0.1649E-45  0.1200E+02
 -11.729  0.7718E-46  0.1200E+02
 -11.719  0.3602E-46  0.1200E+02
 -11.709  0.1677E-46  0.1200E+02
 -11.699  0.7786E-47  0.1200E+02
 -11.689  0.3605E-47  0.1200E+02
 -11.679  0.1665E-47  0.1200E+02
 -11.669  0.7667E-48  0.1200E+02
 -11.659  0.3522E-48  0.1200E+02
 -11.649  0.1613E-48  0.1200E+02
 -11.639  0.7371E-49  0.1200E+02
 -11.629  0.3359E-49  0.1200E+02
 -11.619  0.1526E-49  0.1200E+02
 -11.609  0.6917E-50  0.1200E+02
 -11.599  0.3127E-50  0.1200E+02
 -11.589  0.1410E-50  0.1200E+02
 -11.579  0.6337E-51  0.1200E+02
 -11.569  0.2842E-51  0.1200E+02
 -11.559  0.1271E-51  0.1200E+02
 -11.549  0.5668E-52  0.1200E+02
 -11.539  0.2521E-52  0.1200E+02
 -11.529  0.1118E-52  0.1200E+02
 -11.519  0.4948E-53  0.1200E+02
 -11.509  0.2183E-53  0.1200E+02
 -11.499  0.9608E-54  0.1200E+02
 -11.489  0.4217E-54  0.1200E+02
 -11.479  0.1846E-54  0.1200E+02
 -11.469  0.8058E-55  0.1200E+02
 -11.459  0.3509E-55  0.1200E+02
 -11.449  0.1523E-55  0.1200E+02
 -11.439  0.6598E-56  0.1200E+02
 -11.429  0.2849E-56  0.1200E+02
 -11.419  0.1227E-56  0.1200E+02
 -11.409  0.5273E-57  0.1200E+02
 -11.399  0.2259E-57  0.1200E+02
 -11.389  0.9653E-58  0.1200E+02
 -11.379  0.4114E-58  0.1200E+02
 -11.369  0.1748E-58  0.1200E+02
 -11.359  0.7411E-59  0.1200E+02
 -11.349  0.3133E-59  0.1200E+02
 -11.339  0.1321E-59  0.1200E+02
 -11.329  0.5554E-60  0.1200E+02
 -11.319  0.2329E-60  0.1200E+02
 -11.309  0.9742E-61  0.1200E+02
 -11.299  0.4064E-61  0.1200E+02
 -11.289  0.1690E-61  0.1200E+02
 -11.279  0.7014E-62  0.1200E+02
 -11.269  0.2902E-62  0.1200E+02
 -11.259  0.1198E-62  0.1200E+02
 -11.249  0.4929E-63  0.1200E+02
 -11.239  0.2023E-63  0.1200E+02
 -11.229  0.8282E-64  0.1200E+02
 -11.219  0.3381E-64  0.1200E+02
 -11.209  0.1377E-64  0.1200E+02
 -11.199  0.5591E-65  0.1200E+02
 -11.189  0.2265E-65  0.1200E+02
 -11.179  0.9147E-66  0.1200E+02
 -11.169  0.3685E-66  0.1200E+02
 -11.159  0.1480E-66  0.1200E+02
 -11.149  0.5932E-67  0.1200E+02
 -11.139  0.2370E-67  0.1200E+02
 -11.129  0.9447E-68  0.1200E+02
 -11.119  0.3755E-68  0.1200E+02
 -11.109  0.1489E-68  0.1200E+02
 -11.099  0.5885E-69  0.1200E+02
 -11.089  0.2320E-69  0.1200E+02
 -11.079  0.9124E-70  0.1200E+02
 -11.069  0.3578E-70  0.1200E+02
 -11.059  0.1400E-70  0.1200E+02
 -11.049  0.5460E-71  0.1200E+02
 -11.039  0.2124E-71  0.1200E+02
 -11.029  0.8242E-72  0.1200E+02
 -11.019  0.3189E-72  0.1200E+02
 -11.009  0.1231E-72  0.1200E+02
 -10.999  0.4737E-73  0.1200E+02
 -10.989  0.1818E-73  0.1200E+02
 -10.979  0.6961E-74  0.1200E+02
 -10.969  0.2658E-74  0.1200E+02
 -10.959  0.1012E-74  0.1200E+02
 -10.949  0.3844E-75  0.1200E+02
 -10.939  0.1456E-75  0.1200E+02
 -10.929  0.5499E-76  0.1200E+02
 -10.919  0.2072E-76  0.1200E+02
 -10.909  0.7783E-77  0.1200E+02
 -10.899  0.2916E-77  0.1200E+02
 -10.889  0.1090E-77  0.1200E+02
 -10.879  0.4062E-78  0.1200E+02
 -10.869  0.1510E-78  0.1200E+02
 -10.859  0.5597E-79  0.1200E+02
 -10.849  0.2069E-79  0.1200E+02
 -10.839  0.7630E-80  0.1200E+02
 -10.829  0.2806E-80  0.1200E+02
 -10.819  0.1029E-80  0.1200E+02
 -10.809  0.3765E-81  0.1200E+02
 -10.799  0.1374E-81  0.1200E+02
 -10.789  0.5007E-82  0.1200E+02
 -10.779  0.1825E-82  0.1200E+02
 -10.769  0.6683E-83  0.1200E+02
 -10.759  0.2493E-83  0.1200E+02
 -10.749  0.9791E-84  0.1200E+02
 -10.739  0.4347E-84  0.1200E+02
 -10.729  0.2397E-84  0.1200E+02
 -10.719  0.1713E-84  0.1200E+02
 -10.709  0.1482E-84  0.1200E+02
 -10.699  0.1406E-84  0.1200E+02
 -10.689  0.1384E-84  0.1200E+02
 -10.679  0.1378E-84  0.1200E+02
 -10.669  0.1377E-84  0.1200E+02
 -10.659  0.1377E-84  0.1200E+02
 -10.649  0.1377E-84  0.1200E+02
 -10.639  0.1377E-84  0.1200E+02
 -10.629  0.1377E-84  0.1200E+02
 -10.619  0.1378E-84  0.1200E+02
 -10.609  0.1378E-84  0.1200E+02
 -10.599  0.1380E-84  0.1200E+02
 -10.589  0.1385E-84  0.1200E+02
 -10.579  0.1400E-84  0.1200E+02
 -10.569  0.1440E-84  0.1200E+02
 -10.559  0.1551E-84  0.1200E+02
 -10.549  0.1858E-84  0.1200E+02
 -10.539  0.2705E-84  0.1200E+02
 -10.529  0.5035E-84  0.1200E+02
 -10.519  0.1143E-83  0.1200E+02
 -10.509  0.2892E-83  0.1200E+02
 -10.499  0.7665E-83  0.1200E+02
 -10.489  0.2065E-82  0.1200E+02
 -10.479  0.5590E-82  0.1200E+02
 -10.469  0.1513E-81  0.1200E+02
 -10.459  0.4088E-81  0.1200E+02
 -10.449  0.1102E-80  0.1200E+02
 -10.439  0.2963E-80  0.1200E+02
 -10.429  0.7945E-80  0.1200E+02
 -10.419  0.2125E-79  0.1200E+02
 -10.409  0.5667E-79  0.1200E+02
 -10.399  0.1507E-78  0.1200E+02
 -10.389  0.3999E-78  0.1200E+02
 -10.379  0.1058E-77  0.1200E+02
 -10.369  0.2791E-77  0.1200E+02
 -10.359  0.7346E-77  0.1200E+02
 -10.349  0.1928E-76  0.1200E+02
 -10.339  0.5045E-76  0.1200E+02
 -10.329  0.1317E-75  0.1200E+02
 -10.319  0.3428E-75  0.1200E+02
 -10.309  0.8900E-75  0.1200E+02
 -10.299  0.2304E-74  0.1200E+02
 -10.289  0.5950E-74  0.1200E+02
 -10.279  0.1532E-73  0.1200E+02
 -10.269  0.3935E-73  0.1200E+02
 -10.259  0.1008E-72  0.1200E+02
 -10.249  0.2574E-72  0.1200E+02
 -10.239  0.6558E-72  0.1200E+02
 -10.229  0.1666E-71  0.1200E+02
 -10.219  0.4222E-71  0.1200E+02
 -10.209  0.1067E-70  0.1200E+02
 -10.199  0.2689E-70  0.1200E+02
 -10.189  0.6757E-70  0.1200E+02
 -10.179  0.1694E-69  0.1200E+02
 -10.169  0.4234E-69  0.1200E+02
 -10.159  0.1056E-68  0.1200E+02
 -10.149  0.2625E-68  0.1200E+02
 -10.139  0.6508E-68  0.1200E+02
 -10.129  0.1609E-67  0.1200E+02
 -10.119  0.3969E-67  0.1200E+02
 -10.109  0.9763E-67  0.1200E+02
 -10.099  0.2395E-66  0.1200E+02
 -10.089  0.5859E-66  0.1200E+02
 -10.079  0.1429E-65  0.1200E+02
 -10.069  0.3478E-65  0.1200E+02
 -10.059  0.8440E-65  0.1200E+02
 -10.049  0.2043E-64  0.1200E+02
 -10.039  0.4930E-64  0.1200E+02
 -10.029  0.1187E-63  0.1200E+02
 -10.019  0.2849E-63  0.1200E+02
 -10.009  0.6820E-63  0.1200E+02
  -9.999  0.1628E-62  0.1200E+02
  -9.989  0.3877E-62  0.1200E+02
  -9.979  0.9208E-62  0.1200E+02
  -9.969  0.2181E-61  0.1200E+02
  -9.959  0.5151E-61  0.1200E+02
  -9.949  0.1213E-60  0.1200E+02
  -9.939  0.2851E-60  0.1200E+02
  -9.929  0.6679E-60  0.1200E+02
  -9.919  0.1561E-59  0.1200E+02
  -9.909  0.3637E-59  0.1200E+02
  -9.899  0.8452E-59  0.1200E+02
  -9.889  0.1959E-58  0.1200E+02
  -9.879  0.4528E-58  0.1200E+02
  -9.869  0.1044E-57  0.1200E+02
  -9.859  0.2400E-57  0.1200E+02
  -9.849  0.5503E-57  0.1200E+02
  -9.839  0.1258E-56  0.1200E+02
  -9.829  0.2870E-56  0.1200E+02
  -9.819  0.6527E-56  0.1200E+02
  -9.809  0.1481E-55  0.1200E+02
  -9.799  0.3349E-55  0.1200E+02
  -9.789  0.7556E-55  0.1200E+02
  -9.779  0.1700E-54  0.1200E+02
  -9.769  0.3815E-54  0.1200E+02
  -9.759  0.8537E-54  0.1200E+02
  -9.749  0.1905E-53  0.1200E+02
  -9.739  0.4241E-53  0.1200E+02
  -9.729  0.9414E-53  0.1200E+02
  -9.719  0.2084E-52  0.1200E+02
  -9.709  0.4602E-52  0.1200E+02
  -9.699  0.1013E-51  0.1200E+02
  -9.689  0.2225E-51  0.1200E+02
  -9.679  0.4873E-51  0.1200E+02
  -9.669  0.1064E-50  0.1200E+02
  -9.659  0.2318E-50  0.1200E+02
  -9.649  0.5037E-50  0.1200E+02
  -9.639  0.1091E-49  0.1200E+02
  -9.629  0.2358E-49  0.1200E+02
  -9.619  0.5081E-49  0.1200E+02
  -9.609  0.1092E-48  0.1200E+02
  -9.599  0.2340E-48  0.1200E+02
  -9.589  0.5002E-48  0.1200E+02
  -9.579  0.1066E-47  0.1200E+02
  -9.569  0.2267E-47  0.1200E+02
  -9.559  0.4807E-47  0.1200E+02
  -9.549  0.1016E-46  0.1200E+02
  -9.539  0.2144E-46  0.1200E+02
  -9.529  0.4509E-46  0.1200E+02
  -9.519  0.9457E-46  0.1200E+02
  -9.509  0.1978E-45  0.1200E+02
  -9.499  0.4127E-45  0.1200E+02
  -9.489  0.8587E-45  0.1200E+02
  -9.479  0.1782E-44  0.1200E+02
  -9.469  0.3687E-44  0.1200E+02
  -9.459  0.7610E-44  0.1200E+02
  -9.449  0.1566E-43  0.1200E+02
  -9.439  0.3215E-43  0.1200E+02
  -9.429  0.6583E-43  0.1200E+02
  -9.419  0.1344E-42  0.1200E+02
  -9.409  0.2737E-42  0.1200E+02
  -9.399  0.5557E-42  0.1200E+02
  -9.389  0.1126E-41  0.1200E+02
  -9.379  0.2273E-41  0.1200E+02
  -9.369  0.4579E-41  0.1200E+02
  -9.359  0.9200E-41  0.1200E+02
  -9.349  0.1843E-40  0.1200E+02
  -9.339  0.3683E-40  0.1200E+02
  -9.329  0.7339E-40  0.1200E+02
  -9.319  0.1459E-39  0.1200E+02
  -9.309  0.2891E-39  0.1200E+02
  -9.299  0.5715E-39  0.1200E+02
  -9.289  0.1127E-38  0.1200E+02
  -9.279  0.2215E-38  0.1200E+02
  -9.269  0.4343E-38  0.1200E+02
  -9.259  0.8493E-38  0.1200E+02
  -9.249  0.1656E-37  0.1200E+02
  -9.239  0.3222E-37  0.1200E+02
  -9.229  0.6249E-37  0.1200E+02
  -9.219  0.1209E-36  0.1200E+02
  -9.209  0.2333E-36  0.1200E+02
  -9.199  0.4488E-36  0.1200E+02
  -9.189  0.8613E-36  0.1200E+02
  -9.179  0.1648E-35  0.1200E+02
  -9.169  0.3146E-35  0.1200E+02
  -9.159  0.5989E-35  0.1200E+02
  -9.149  0.1137E-34  0.1200E+02
  -9.139  0.2153E-34  0.1200E+02
  -9.129  0.4065E-34  0.1200E+02
  -9.119  0.7654E-34  0.1200E+02
  -9.109  0.1438E-33  0.1200E+02
  -9.099  0.2693E-33  0.1200E+02
  -9.089  0.5030E-33  0.1200E+02
  -9.079  0.9370E-33  0.1200E+02
  -9.069  0.1741E-32  0.1200E+02
  -9.059  0.3226E-32  0.1200E+02
  -9.049  0.5962E-32  0.1200E+02
  -9.039  0.1099E-31  0.1200E+02
  -9.029  0.2020E-31  0.1200E+02
  -9.019  0.3702E-31  0.1200E+02
  -9.009  0.6769E-31  0.1200E+02
  -8.999  0.1234E-30  0.1200E+02
  -8.989  0.2244E-30  0.1200E+02
  -8.979  0.4070E-30  0.1200E+02
  -8.969  0.7361E-30  0.1200E+02
  -8.959  0.1328E-29  0.1200E+02
  -8.949  0.2389E-29  0.1200E+02
  -8.939  0.4286E-29  0.1200E+02
  -8.929  0.7668E-29  0.1200E+02
  -8.919  0.1368E-28  0.1200E+02
  -8.909  0.2436E-28  0.1200E+02
  -8.899  0.4323E-28  0.1200E+02
  -8.889  0.7652E-28  0.1200E+02
  -8.879  0.1351E-27  0.1200E+02
  -8.869  0.2379E-27  0.1200E+02
  -8.859  0.4177E-27  0.1200E+02
  -8.849  0.7315E-27  0.1200E+02
  -8.839  0.1278E-26  0.1200E+02
  -8.829  0.2226E-26  0.1200E+02
  -8.819  0.3866E-26  0.1200E+02
  -8.809  0.6699E-26  0.1200E+02
  -8.799  0.1158E-25  0.1200E+02
  -8.789  0.1995E-25  0.1200E+02
  -8.779  0.3429E-25  0.1200E+02
  -8.769  0.5877E-25  0.1200E+02
  -8.759  0.1005E-24  0.1200E+02
  -8.749  0.1713E-24  0.1200E+02
  -8.739  0.2913E-24  0.1200E+02
  -8.729  0.4939E-24  0.1200E+02
  -8.719  0.8354E-24  0.1200E+02
  -8.709  0.1409E-23  0.1200E+02
  -8.699  0.2371E-23  0.1200E+02
  -8.689  0.3977E-23  0.1200E+02
  -8.679  0.6655E-23  0.1200E+02
  -8.669  0.1111E-22  0.1200E+02
  -8.659  0.1849E-22  0.1200E+02
  -8.649  0.3068E-22  0.1200E+02
  -8.639  0.5080E-22  0.1200E+02
  -8.629  0.8387E-22  0.1200E+02
  -8.619  0.1381E-21  0.1200E+02
  -8.609  0.2268E-21  0.1200E+02
  -8.599  0.3715E-21  0.1200E+02
  -8.589  0.6068E-21  0.1200E+02
  -8.579  0.9886E-21  0.1200E+02
  -8.569  0.1606E-20  0.1200E+02
  -8.559  0.2603E-20  0.1200E+02
  -8.549  0.4207E-20  0.1200E+02
  -8.539  0.6781E-20  0.1200E+02
  -8.529  0.1090E-19  0.1200E+02
  -8.519  0.1748E-19  0.1200E+02
  -8.509  0.2795E-19  0.1200E+02
  -8.499  0.4458E-19  0.1200E+02
  -8.489  0.7090E-19  0.1200E+02
  -8.479  0.1125E-18  0.1200E+02
  -8.469  0.1779E-18  0.1200E+02
  -8.459  0.2808E-18  0.1200E+02
  -8.449  0.4419E-18  0.1200E+02
  -8.439  0.6936E-18  0.1200E+02
  -8.429  0.1086E-17  0.1200E+02
  -8.419  0.1695E-17  0.1200E+02
  -8.409  0.2640E-17  0.1200E+02
  -8.399  0.4099E-17  0.1200E+02
  -8.389  0.6350E-17  0.1200E+02
  -8.379  0.9809E-17  0.1200E+02
  -8.369  0.1511E-16  0.1200E+02
  -8.359  0.2322E-16  0.1200E+02
  -8.349  0.3559E-16  0.1200E+02
  -8.339  0.5440E-16  0.1200E+02
  -8.329  0.8294E-16  0.1200E+02
  -8.319  0.1261E-15  0.1200E+02
  -8.309  0.1912E-15  0.1200E+02
  -8.299  0.2893E-15  0.1200E+02
  -8.289  0.4364E-15  0.1200E+02
  -8.279  0.6565E-15  0.1200E+02
  -8.269  0.9852E-15  0.1200E+02
  -8.259  0.1474E-14  0.1200E+02
  -8.249  0.2201E-14  0.1200E+02
  -8.239  0.3277E-14  0.1200E+02
  -8.229  0.4866E-14  0.1200E+02
  -8.219  0.7206E-14  0.1200E+02
  -8.209  0.1064E-13  0.1200E+02
  -8.199  0.1568E-13  0.1200E+02
  -8.189  0.2305E-13  0.1200E+02
  -8.179  0.3377E-13  0.1200E+02
  -8.169  0.4937E-13  0.1200E+02
  -8.159  0.7198E-13  0.1200E+02
  -8.149  0.1047E-12  0.1200E+02
  -8.139  0.1518E-12  0.1200E+02
  -8.129  0.2196E-12  0.1200E+02
  -8.119  0.3169E-12  0.1200E+02
  -8.109  0.4560E-12  0.1200E+02
  -8.099  0.6545E-12  0.1200E+02
  -8.089  0.9370E-12  0.1200E+02
  -8.079  0.1338E-11  0.1200E+02
  -8.069  0.1906E-11  0.1200E+02
  -8.059  0.2707E-11  0.1200E+02
  -8.049  0.3836E-11  0.1200E+02
  -8.039  0.5421E-11  0.1200E+02
  -8.029  0.7641E-11  0.1200E+02
  -8.019  0.1074E-10  0.1200E+02
  -8.009  0.1506E-10  0.1200E+02
  -7.999  0.2107E-10  0.1200E+02
  -7.989  0.2940E-10  0.1200E+02
  -7.979  0.4091E-10  0.1200E+02
  -7.969  0.5678E-10  0.1200E+02
  -7.959  0.7862E-10  0.1200E+02
  -7.949  0.1086E-09  0.1200E+02
  -7.939  0.1495E-09  0.1200E+02
  -7.929  0.2055E-09  0.1200E+02
  -7.919  0.2815E-09  0.1200E+02
  -7.909  0.3849E-09  0.1200E+02
  -7.899  0.5247E-09  0.1200E+02
  -7.889  0.7136E-09  0.1200E+02
  -7.879  0.9681E-09  0.1200E+02
  -7.869  0.1310E-08  0.1200E+02
  -7.859  0.1768E-08  0.1200E+02
  -7.849  0.2380E-08  0.1200E+02
  -7.839  0.3197E-08  0.1200E+02
  -7.829  0.4282E-08  0.1200E+02
  -7.819  0.5721E-08  0.1200E+02
  -7.809  0.7626E-08  0.1200E+02
  -7.799  0.1014E-07  0.1200E+02
  -7.789  0.1345E-07  0.1200E+02
  -7.779  0.1779E-07  0.1200E+02
  -7.769  0.2347E-07  0.1200E+02
  -7.759  0.3089E-07  0.1200E+02
  -7.749  0.4056E-07  0.1200E+02
  -7.739  0.5313E-07  0.1200E+02
  -7.729  0.6941E-07  0.1200E+02
  -7.719  0.9046E-07  0.1200E+02
  -7.709  0.1176E-06  0.1200E+02
  -7.699  0.1525E-06  0.1200E+02
  -7.689  0.1973E-06  0.1200E+02
  -7.679  0.2546E-06  0.1200E+02
  -7.669  0.3278E-06  0.1200E+02
  -7.659  0.4209E-06  0.1200E+02
  -7.649  0.5392E-06  0.1200E+02
  -7.639  0.6890E-06  0.1200E+02
  -7.629  0.8783E-06  0.1200E+02
  -7.619  0.1117E-05  0.1200E+02
  -7.609  0.1417E-05  0.1200E+02
  -7.599  0.1793E-05  0.1200E+02
  -7.589  0.2263E-05  0.1200E+02
  -7.579  0.2850E-05  0.1200E+02
  -7.569  0.3581E-05  0.1200E+02
  -7.559  0.4488E-05  0.1200E+02
  -7.549  0.5611E-05  0.1200E+02
  -7.539  0.6999E-05  0.1200E+02
  -7.529  0.8709E-05  0.1200E+02
  -7.519  0.1081E-04  0.1200E+02
  -7.509  0.1339E-04  0.1200E+02
  -7.499  0.1654E-04  0.1200E+02
  -7.489  0.2038E-04  0.1200E+02
  -7.479  0.2506E-04  0.1200E+02
  -7.469  0.3073E-04  0.1200E+02
  -7.459  0.3760E-04  0.1200E+02
  -7.449  0.4590E-04  0.1200E+02
  -7.439  0.5590E-04  0.1200E+02
  -7.429  0.6792E-04  0.1200E+02
  -7.419  0.8233E-04  0.1200E+02
  -7.409  0.9955E-04  0.1200E+02
  -7.399  0.1201E-03  0.1200E+02
  -7.389  0.1445E-03  0.1200E+02
  -7.379  0.1736E-03  0.1200E+02
  -7.369  0.2079E-03  0.1200E+02
  -7.359  0.2485E-03  0.1200E+02
  -7.349  0.2962E-03  0.1200E+02
  -7.339  0.3524E-03  0.1200E+02
  -7.329  0.4182E-03  0.1200E+02
  -7.319  0.4951E-03  0.1200E+02
  -7.309  0.5849E-03  0.1200E+02
  -7.299  0.6893E-03  0.1200E+02
  -7.289  0.8104E-03  0.1200E+02
  -7.279  0.9507E-03  0.1200E+02
  -7.269  0.1113E-02  0.1200E+02
  -7.259  0.1299E-02  0.1200E+02
  -7.249  0.1514E-02  0.1200E+02
  -7.239  0.1759E-02  0.1200E+02
  -7.229  0.2040E-02  0.1200E+02
  -7.219  0.2360E-02  0.1200E+02
  -7.209  0.2725E-02  0.1200E+02
  -7.199  0.3138E-02  0.1200E+02
  -7.189  0.3606E-02  0.1200E+02
  -7.179  0.4135E-02  0.1200E+02
  -7.169  0.4730E-02  0.1200E+02
  -7.159  0.5398E-02  0.1200E+02
  -7.149  0.6148E-02  0.1200E+02
  -7.139  0.6985E-02  0.1200E+02
  -7.129  0.7920E-02  0.1200E+02
  -7.119  0.8959E-02  0.1200E+02
  -7.109  0.1011E-01  0.1200E+02
  -7.099  0.1139E-01  0.1200E+02
  -7.089  0.1280E-01  0.1200E+02
  -7.079  0.1435E-01  0.1200E+02
  -7.069  0.1606E-01  0.1200E+02
  -7.059  0.1793E-01  0.1200E+02
  -7.049  0.1997E-01  0.1200E+02
  -7.039  0.2220E-01  0.1200E+02
  -7.029  0.2463E-01  0.1200E+02
  -7.019  0.2727E-01  0.1200E+02
  -7.009  0.3012E-01  0.1200E+02
  -6.999  0.3321E-01  0.1200E+02
  -6.989  0.3653E-01  0.1200E+02
  -6.979  0.4011E-01  0.1200E+02
  -6.969  0.4394E-01  0.1200E+02
  -6.959  0.4805E-01  0.1200E+02
  -6.949  0.5243E-01  0.1201E+02
  -6.939  0.5711E-01  0.1201E+02
  -6.929  0.6208E-01  0.1201E+02
  -6.919  0.6735E-01  0.1201E+02
  -6.909  0.7293E-01  0.1201E+02
  -6.899  0.7883E-01  0.1201E+02
  -6.889  0.8504E-01  0.1201E+02
  -6.879  0.9158E-01  0.1201E+02
  -6.869  0.9845E-01  0.1201E+02
  -6.859  0.1056E+00  0.1201E+02
  -6.849  0.1132E+00  0.1201E+02
  -6.839  0.1210E+00  0.1201E+02
  -6.829  0.1292E+00  0.1202E+02
  -6.819  0.1377E+00  0.1202E+02
  -6.809  0.1465E+00  0.1202E+02
  -6.799  0.1557E+00  0.1202E+02
  -6.789  0.1651E+00  0.1202E+02
  -6.779  0.1749E+00  0.1202E+02
  -6.769  0.1850E+00  0.1203E+02
  -6.759  0.1954E+00  0.1203E+02
  -6.749  0.2060E+00  0.1203E+02
  -6.739  0.2170E+00  0.1203E+02
  -6.729  0.2282E+00  0.1203E+02
  -6.719  0.2397E+00  0.1204E+02
  -6.709  0.2515E+00  0.1204E+02
  -6.699  0.2635E+00  0.1204E+02
  -6.689  0.2757E+00  0.1204E+02
  -6.679  0.2882E+00  0.1205E+02
  -6.669  0.3009E+00  0.1205E+02
  -6.659  0.3138E+00  0.1205E+02
  -6.649  0.3270E+00  0.1206E+02
  -6.639  0.3403E+00  0.1206E+02
  -6.629  0.3538E+00  0.1206E+02
  -6.619  0.3675E+00  0.1207E+02
  -6.609  0.3814E+00  0.1207E+02
  -6.599  0.3955E+00  0.1208E+02
  -6.589  0.4097E+00  0.1208E+02
  -6.579  0.4241E+00  0.1208E+02
  -6.569  0.4386E+00  0.1209E+02
  -6.559  0.4533E+00  0.1209E+02
  -6.549  0.4681E+00  0.1210E+02
  -6.539  0.4831E+00  0.1210E+02
  -6.529  0.4983E+00  0.1211E+02
  -6.519  0.5136E+00  0.1211E+02
  -6.509  0.5290E+00  0.1212E+02
  -6.499  0.5447E+00  0.1212E+02
  -6.489  0.5605E+00  0.1213E+02
  -6.479  0.5766E+00  0.1213E+02
  -6.469  0.5928E+00  0.1214E+02
  -6.459  0.6094E+00  0.1215E+02
  -6.449  0.6262E+00  0.1215E+02
  -6.439  0.6433E+00  0.1216E+02
  -6.429  0.6607E+00  0.1217E+02
  -6.419  0.6785E+00  0.1217E+02
  -6.409  0.6968E+00  0.1218E+02
  -6.399  0.7155E+00  0.1219E+02
  -6.389  0.7347E+00  0.1219E+02
  -6.379  0.7546E+00  0.1220E+02
  -6.369  0.7750E+00  0.1221E+02
  -6.359  0.7962E+00  0.1222E+02
  -6.349  0.8181E+00  0.1223E+02
  -6.339  0.8409E+00  0.1223E+02
  -6.329  0.8646E+00  0.1224E+02
  -6.319  0.8892E+00  0.1225E+02
  -6.309  0.9150E+00  0.1226E+02
  -6.299  0.9418E+00  0.1227E+02
  -6.289  0.9699E+00  0.1228E+02
  -6.279  0.9992E+00  0.1229E+02
  -6.269  0.1030E+01  0.1230E+02
  -6.259  0.1062E+01  0.1231E+02
  -6.249  0.1095E+01  0.1232E+02
  -6.239  0.1130E+01  0.1233E+02
  -6.229  0.1167E+01  0.1234E+02
  -6.219  0.1205E+01  0.1236E+02
  -6.209  0.1245E+01  0.1237E+02
  -6.199  0.1287E+01  0.1238E+02
  -6.189  0.1330E+01  0.1239E+02
  -6.179  0.1374E+01  0.1241E+02
  -6.169  0.1421E+01  0.1242E+02
  -6.159  0.1469E+01  0.1244E+02
  -6.149  0.1518E+01  0.1245E+02
  -6.139  0.1569E+01  0.1247E+02
  -6.129  0.1621E+01  0.1248E+02
  -6.119  0.1675E+01  0.1250E+02
  -6.109  0.1730E+01  0.1252E+02
  -6.099  0.1785E+01  0.1254E+02
  -6.089  0.1842E+01  0.1256E+02
  -6.079  0.1899E+01  0.1257E+02
  -6.069  0.1957E+01  0.1259E+02
  -6.059  0.2015E+01  0.1261E+02
  -6.049  0.2074E+01  0.1263E+02
  -6.039  0.2132E+01  0.1266E+02
  -6.029  0.2189E+01  0.1268E+02
  -6.019  0.2246E+01  0.1270E+02
  -6.009  0.2303E+01  0.1272E+02
  -5.999  0.2358E+01  0.1275E+02
  -5.989  0.2411E+01  0.1277E+02
  -5.979  0.2463E+01  0.1280E+02
  -5.969  0.2513E+01  0.1282E+02
  -5.959  0.2561E+01  0.1285E+02
  -5.949  0.2606E+01  0.1287E+02
  -5.939  0.2648E+01  0.1290E+02
  -5.929  0.2687E+01  0.1293E+02
  -5.919  0.2723E+01  0.1295E+02
  -5.909  0.2755E+01  0.1298E+02
  -5.899  0.2784E+01  0.1301E+02
  -5.889  0.2808E+01  0.1304E+02
  -5.879  0.2829E+01  0.1306E+02
  -5.869  0.2845E+01  0.1309E+02
  -5.859  0.2856E+01  0.1312E+02
  -5.849  0.2863E+01  0.1315E+02
  -5.839  0.2866E+01  0.1318E+02
  -5.829  0.2863E+01  0.1321E+02
  -5.819  0.2856E+01  0.1324E+02
  -5.809  0.2844E+01  0.1326E+02
  -5.799  0.2827E+01  0.1329E+02
  -5.789  0.2806E+01  0.1332E+02
  -5.779  0.2780E+01  0.1335E+02
  -5.769  0.2750E+01  0.1338E+02
  -5.759  0.2715E+01  0.1340E+02
  -5.749  0.2676E+01  0.1343E+02
  -5.739  0.2634E+01  0.1346E+02
  -5.729  0.2588E+01  0.1348E+02
  -5.719  0.2538E+01  0.1351E+02
  -5.709  0.2485E+01  0.1353E+02
  -5.699  0.2429E+01  0.1356E+02
  -5.689  0.2371E+01  0.1358E+02
  -5.679  0.2310E+01  0.1360E+02
  -5.669  0.2247E+01  0.1363E+02
  -5.659  0.2183E+01  0.1365E+02
  -5.649  0.2117E+01  0.1367E+02
  -5.639  0.2050E+01  0.1369E+02
  -5.629  0.1983E+01  0.1371E+02
  -5.619  0.1915E+01  0.1373E+02
  -5.609  0.1847E+01  0.1375E+02
  -5.599  0.1780E+01  0.1376E+02
  -5.589  0.1713E+01  0.1378E+02
  -5.579  0.1646E+01  0.1380E+02
  -5.569  0.1581E+01  0.1381E+02
  -5.559  0.1517E+01  0.1383E+02
  -5.549  0.1455E+01  0.1384E+02
  -5.539  0.1394E+01  0.1386E+02
  -5.529  0.1336E+01  0.1387E+02
  -5.519  0.1279E+01  0.1388E+02
  -5.509  0.1225E+01  0.1390E+02
  -5.499  0.1173E+01  0.1391E+02
  -5.489  0.1124E+01  0.1392E+02
  -5.479  0.1077E+01  0.1393E+02
  -5.469  0.1033E+01  0.1394E+02
  -5.459  0.9920E+00  0.1395E+02
  -5.449  0.9537E+00  0.1396E+02
  -5.439  0.9182E+00  0.1397E+02
  -5.429  0.8855E+00  0.1398E+02
  -5.419  0.8557E+00  0.1399E+02
  -5.409  0.8287E+00  0.1399E+02
  -5.399  0.8045E+00  0.1400E+02
  -5.389  0.7831E+00  0.1401E+02
  -5.379  0.7644E+00  0.1402E+02
  -5.369  0.7484E+00  0.1403E+02
  -5.359  0.7351E+00  0.1403E+02
  -5.349  0.7243E+00  0.1404E+02
  -5.339  0.7160E+00  0.1405E+02
  -5.329  0.7101E+00  0.1405E+02
  -5.319  0.7065E+00  0.1406E+02
  -5.309  0.7053E+00  0.1407E+02
  -5.299  0.7062E+00  0.1408E+02
  -5.289  0.7093E+00  0.1408E+02
  -5.279  0.7144E+00  0.1409E+02
  -5.269  0.7216E+00  0.1410E+02
  -5.259  0.7307E+00  0.1410E+02
  -5.249  0.7417E+00  0.1411E+02
  -5.239  0.7545E+00  0.1412E+02
  -5.229  0.7690E+00  0.1413E+02
  -5.219  0.7853E+00  0.1414E+02
  -5.209  0.8033E+00  0.1414E+02
  -5.199  0.8229E+00  0.1415E+02
  -5.189  0.8442E+00  0.1416E+02
  -5.179  0.8670E+00  0.1417E+02
  -5.169  0.8914E+00  0.1418E+02
  -5.159  0.9173E+00  0.1419E+02
  -5.149  0.9448E+00  0.1420E+02
  -5.139  0.9738E+00  0.1421E+02
  -5.129  0.1004E+01  0.1422E+02
  -5.119  0.1036E+01  0.1423E+02
  -5.109  0.1070E+01  0.1424E+02
  -5.099  0.1105E+01  0.1425E+02
  -5.089  0.1141E+01  0.1426E+02
  -5.079  0.1179E+01  0.1427E+02
  -5.069  0.1219E+01  0.1428E+02
  -5.059  0.1260E+01  0.1430E+02
  -5.049  0.1302E+01  0.1431E+02
  -5.039  0.1345E+01  0.1432E+02
  -5.029  0.1390E+01  0.1434E+02
  -5.019  0.1437E+01  0.1435E+02
  -5.009  0.1484E+01  0.1437E+02
  -4.999  0.1533E+01  0.1438E+02
  -4.989  0.1582E+01  0.1440E+02
  -4.979  0.1633E+01  0.1441E+02
  -4.969  0.1684E+01  0.1443E+02
  -4.959  0.1736E+01  0.1445E+02
  -4.949  0.1788E+01  0.1446E+02
  -4.939  0.1841E+01  0.1448E+02
  -4.929  0.1894E+01  0.1450E+02
  -4.919  0.1947E+01  0.1452E+02
  -4.909  0.2000E+01  0.1454E+02
  -4.899  0.2052E+01  0.1456E+02
  -4.889  0.2103E+01  0.1458E+02
  -4.879  0.2154E+01  0.1460E+02
  -4.869  0.2203E+01  0.1463E+02
  -4.859  0.2251E+01  0.1465E+02
  -4.849  0.2297E+01  0.1467E+02
  -4.839  0.2341E+01  0.1470E+02
  -4.829  0.2383E+01  0.1472E+02
  -4.819  0.2422E+01  0.1474E+02
  -4.809  0.2459E+01  0.1477E+02
  -4.799  0.2492E+01  0.1479E+02
  -4.789  0.2522E+01  0.1482E+02
  -4.779  0.2549E+01  0.1484E+02
  -4.769  0.2573E+01  0.1487E+02
  -4.759  0.2593E+01  0.1490E+02
  -4.749  0.2608E+01  0.1492E+02
  -4.739  0.2620E+01  0.1495E+02
  -4.729  0.2628E+01  0.1497E+02
  -4.719  0.2632E+01  0.1500E+02
  -4.709  0.2632E+01  0.1503E+02
  -4.699  0.2627E+01  0.1505E+02
  -4.689  0.2619E+01  0.1508E+02
  -4.679  0.2606E+01  0.1511E+02
  -4.669  0.2589E+01  0.1513E+02
  -4.659  0.2569E+01  0.1516E+02
  -4.649  0.2545E+01  0.1518E+02
  -4.639  0.2518E+01  0.1521E+02
  -4.629  0.2487E+01  0.1523E+02
  -4.619  0.2453E+01  0.1526E+02
  -4.609  0.2416E+01  0.1528E+02
  -4.599  0.2377E+01  0.1530E+02
  -4.589  0.2335E+01  0.1533E+02
  -4.579  0.2291E+01  0.1535E+02
  -4.569  0.2245E+01  0.1537E+02
  -4.559  0.2198E+01  0.1540E+02
  -4.549  0.2149E+01  0.1542E+02
  -4.539  0.2099E+01  0.1544E+02
  -4.529  0.2048E+01  0.1546E+02
  -4.519  0.1997E+01  0.1548E+02
  -4.509  0.1946E+01  0.1550E+02
  -4.499  0.1894E+01  0.1552E+02
  -4.489  0.1843E+01  0.1554E+02
  -4.479  0.1792E+01  0.1555E+02
  -4.469  0.1741E+01  0.1557E+02
  -4.459  0.1692E+01  0.1559E+02
  -4.449  0.1643E+01  0.1560E+02
  -4.439  0.1596E+01  0.1562E+02
  -4.429  0.1549E+01  0.1564E+02
  -4.419  0.1505E+01  0.1565E+02
  -4.409  0.1462E+01  0.1567E+02
  -4.399  0.1420E+01  0.1568E+02
  -4.389  0.1381E+01  0.1569E+02
  -4.379  0.1343E+01  0.1571E+02
  -4.369  0.1307E+01  0.1572E+02
  -4.359  0.1274E+01  0.1573E+02
  -4.349  0.1242E+01  0.1574E+02
  -4.339  0.1213E+01  0.1576E+02
  -4.329  0.1187E+01  0.1577E+02
  -4.319  0.1162E+01  0.1578E+02
  -4.309  0.1140E+01  0.1579E+02
  -4.299  0.1121E+01  0.1580E+02
  -4.289  0.1104E+01  0.1581E+02
  -4.279  0.1089E+01  0.1583E+02
  -4.269  0.1078E+01  0.1584E+02
  -4.259  0.1069E+01  0.1585E+02
  -4.249  0.1062E+01  0.1586E+02
  -4.239  0.1059E+01  0.1587E+02
  -4.229  0.1058E+01  0.1588E+02
  -4.219  0.1059E+01  0.1589E+02
  -4.209  0.1064E+01  0.1590E+02
  -4.199  0.1071E+01  0.1591E+02
  -4.189  0.1081E+01  0.1592E+02
  -4.179  0.1093E+01  0.1593E+02
  -4.169  0.1109E+01  0.1594E+02
  -4.159  0.1126E+01  0.1595E+02
  -4.149  0.1147E+01  0.1597E+02
  -4.139  0.1170E+01  0.1598E+02
  -4.129  0.1195E+01  0.1599E+02
  -4.119  0.1222E+01  0.1600E+02
  -4.109  0.1252E+01  0.1601E+02
  -4.099  0.1284E+01  0.1603E+02
  -4.089  0.1318E+01  0.1604E+02
  -4.079  0.1354E+01  0.1605E+02
  -4.069  0.1391E+01  0.1607E+02
  -4.059  0.1430E+01  0.1608E+02
  -4.049  0.1470E+01  0.1610E+02
  -4.039  0.1512E+01  0.1611E+02
  -4.029  0.1554E+01  0.1613E+02
  -4.019  0.1598E+01  0.1614E+02
  -4.009  0.1642E+01  0.1616E+02
  -3.999  0.1686E+01  0.1618E+02
  -3.989  0.1730E+01  0.1619E+02
  -3.979  0.1775E+01  0.1621E+02
  -3.969  0.1819E+01  0.1623E+02
  -3.959  0.1863E+01  0.1625E+02
  -3.949  0.1906E+01  0.1627E+02
  -3.939  0.1948E+01  0.1629E+02
  -3.929  0.1989E+01  0.1631E+02
  -3.919  0.2030E+01  0.1633E+02
  -3.909  0.2068E+01  0.1635E+02
  -3.899  0.2105E+01  0.1637E+02
  -3.889  0.2141E+01  0.1639E+02
  -3.879  0.2175E+01  0.1641E+02
  -3.869  0.2206E+01  0.1643E+02
  -3.859  0.2236E+01  0.1646E+02
  -3.849  0.2264E+01  0.1648E+02
  -3.839  0.2289E+01  0.1650E+02
  -3.829  0.2312E+01  0.1653E+02
  -3.819  0.2333E+01  0.1655E+02
  -3.809  0.2351E+01  0.1657E+02
  -3.799  0.2367E+01  0.1660E+02
  -3.789  0.2381E+01  0.1662E+02
  -3.779  0.2392E+01  0.1664E+02
  -3.769  0.2401E+01  0.1667E+02
  -3.759  0.2407E+01  0.1669E+02
  -3.749  0.2411E+01  0.1672E+02
  -3.739  0.2413E+01  0.1674E+02
  -3.729  0.2413E+01  0.1676E+02
  -3.719  0.2411E+01  0.1679E+02
  -3.709  0.2406E+01  0.1681E+02
  -3.699  0.2400E+01  0.1684E+02
  -3.689  0.2392E+01  0.1686E+02
  -3.679  0.2382E+01  0.1688E+02
  -3.669  0.2371E+01  0.1691E+02
  -3.659  0.2358E+01  0.1693E+02
  -3.649  0.2343E+01  0.1695E+02
  -3.639  0.2327E+01  0.1698E+02
  -3.629  0.2310E+01  0.1700E+02
  -3.619  0.2292E+01  0.1702E+02
  -3.609  0.2273E+01  0.1705E+02
  -3.599  0.2253E+01  0.1707E+02
  -3.589  0.2233E+01  0.1709E+02
  -3.579  0.2212E+01  0.1711E+02
  -3.569  0.2190E+01  0.1714E+02
  -3.559  0.2168E+01  0.1716E+02
  -3.549  0.2146E+01  0.1718E+02
  -3.539  0.2123E+01  0.1720E+02
  -3.529  0.2101E+01  0.1722E+02
  -3.519  0.2079E+01  0.1724E+02
  -3.509  0.2057E+01  0.1726E+02
  -3.499  0.2035E+01  0.1728E+02
  -3.489  0.2014E+01  0.1730E+02
  -3.479  0.1994E+01  0.1732E+02
  -3.469  0.1975E+01  0.1734E+02
  -3.459  0.1956E+01  0.1736E+02
  -3.449  0.1939E+01  0.1738E+02
  -3.439  0.1923E+01  0.1740E+02
  -3.429  0.1909E+01  0.1742E+02
  -3.419  0.1897E+01  0.1744E+02
  -3.409  0.1886E+01  0.1746E+02
  -3.399  0.1878E+01  0.1748E+02
  -3.389  0.1872E+01  0.1749E+02
  -3.379  0.1869E+01  0.1751E+02
  -3.369  0.1869E+01  0.1753E+02
  -3.359  0.1872E+01  0.1755E+02
  -3.349  0.1878E+01  0.1757E+02
  -3.339  0.1888E+01  0.1759E+02
  -3.329  0.1902E+01  0.1761E+02
  -3.319  0.1920E+01  0.1763E+02
  -3.309  0.1943E+01  0.1765E+02
  -3.299  0.1970E+01  0.1767E+02
  -3.289  0.2002E+01  0.1769E+02
  -3.279  0.2039E+01  0.1771E+02
  -3.269  0.2082E+01  0.1773E+02
  -3.259  0.2131E+01  0.1775E+02
  -3.249  0.2185E+01  0.1777E+02
  -3.239  0.2246E+01  0.1779E+02
  -3.229  0.2313E+01  0.1782E+02
  -3.219  0.2386E+01  0.1784E+02
  -3.209  0.2466E+01  0.1786E+02
  -3.199  0.2552E+01  0.1789E+02
  -3.189  0.2644E+01  0.1792E+02
  -3.179  0.2744E+01  0.1794E+02
  -3.169  0.2849E+01  0.1797E+02
  -3.159  0.2961E+01  0.1800E+02
  -3.149  0.3079E+01  0.1803E+02
  -3.139  0.3204E+01  0.1806E+02
  -3.129  0.3334E+01  0.1810E+02
  -3.119  0.3469E+01  0.1813E+02
  -3.109  0.3609E+01  0.1817E+02
  -3.099  0.3754E+01  0.1821E+02
  -3.089  0.3904E+01  0.1825E+02
  -3.079  0.4056E+01  0.1829E+02
  -3.069  0.4212E+01  0.1833E+02
  -3.059  0.4371E+01  0.1837E+02
  -3.049  0.4531E+01  0.1842E+02
  -3.039  0.4693E+01  0.1846E+02
  -3.029  0.4856E+01  0.1851E+02
  -3.019  0.5018E+01  0.1856E+02
  -3.009  0.5179E+01  0.1861E+02
  -2.999  0.5339E+01  0.1867E+02
  -2.989  0.5496E+01  0.1872E+02
  -2.979  0.5651E+01  0.1878E+02
  -2.969  0.5801E+01  0.1884E+02
  -2.959  0.5948E+01  0.1890E+02
  -2.949  0.6089E+01  0.1896E+02
  -2.939  0.6225E+01  0.1902E+02
  -2.929  0.6354E+01  0.1908E+02
  -2.919  0.6476E+01  0.1915E+02
  -2.909  0.6592E+01  0.1921E+02
  -2.899  0.6699E+01  0.1928E+02
  -2.889  0.6799E+01  0.1935E+02
  -2.879  0.6890E+01  0.1942E+02
  -2.869  0.6973E+01  0.1949E+02
  -2.859  0.7047E+01  0.1956E+02
  -2.849  0.7112E+01  0.1963E+02
  -2.839  0.7168E+01  0.1970E+02
  -2.829  0.7215E+01  0.1977E+02
  -2.819  0.7254E+01  0.1985E+02
  -2.809  0.7284E+01  0.1992E+02
  -2.799  0.7306E+01  0.1999E+02
  -2.789  0.7319E+01  0.2007E+02
  -2.779  0.7324E+01  0.2014E+02
  -2.769  0.7323E+01  0.2021E+02
  -2.759  0.7314E+01  0.2028E+02
  -2.749  0.7298E+01  0.2036E+02
  -2.739  0.7276E+01  0.2043E+02
  -2.729  0.7248E+01  0.2050E+02
  -2.719  0.7215E+01  0.2058E+02
  -2.709  0.7178E+01  0.2065E+02
  -2.699  0.7136E+01  0.2072E+02
  -2.689  0.7090E+01  0.2079E+02
  -2.679  0.7041E+01  0.2086E+02
  -2.669  0.6989E+01  0.2093E+02
  -2.659  0.6934E+01  0.2100E+02
  -2.649  0.6877E+01  0.2107E+02
  -2.639  0.6819E+01  0.2114E+02
  -2.629  0.6759E+01  0.2120E+02
  -2.619  0.6698E+01  0.2127E+02
  -2.609  0.6636E+01  0.2134E+02
  -2.599  0.6573E+01  0.2140E+02
  -2.589  0.6511E+01  0.2147E+02
  -2.579  0.6447E+01  0.2153E+02
  -2.569  0.6384E+01  0.2160E+02
  -2.559  0.6321E+01  0.2166E+02
  -2.549  0.6257E+01  0.2172E+02
  -2.539  0.6193E+01  0.2178E+02
  -2.529  0.6130E+01  0.2184E+02
  -2.519  0.6066E+01  0.2191E+02
  -2.509  0.6002E+01  0.2197E+02
  -2.499  0.5937E+01  0.2202E+02
  -2.489  0.5872E+01  0.2208E+02
  -2.479  0.5807E+01  0.2214E+02
  -2.469  0.5740E+01  0.2220E+02
  -2.459  0.5673E+01  0.2226E+02
  -2.449  0.5605E+01  0.2231E+02
  -2.439  0.5535E+01  0.2237E+02
  -2.429  0.5464E+01  0.2242E+02
  -2.419  0.5391E+01  0.2248E+02
  -2.409  0.5317E+01  0.2253E+02
  -2.399  0.5241E+01  0.2258E+02
  -2.389  0.5162E+01  0.2263E+02
  -2.379  0.5082E+01  0.2268E+02
  -2.369  0.5000E+01  0.2273E+02
  -2.359  0.4915E+01  0.2278E+02
  -2.349  0.4828E+01  0.2283E+02
  -2.339  0.4738E+01  0.2288E+02
  -2.329  0.4646E+01  0.2292E+02
  -2.319  0.4552E+01  0.2297E+02
  -2.309  0.4455E+01  0.2302E+02
  -2.299  0.4357E+01  0.2306E+02
  -2.289  0.4256E+01  0.2310E+02
  -2.279  0.4153E+01  0.2314E+02
  -2.269  0.4048E+01  0.2318E+02
  -2.259  0.3941E+01  0.2322E+02
  -2.249  0.3833E+01  0.2326E+02
  -2.239  0.3723E+01  0.2330E+02
  -2.229  0.3612E+01  0.2333E+02
  -2.219  0.3500E+01  0.2337E+02
  -2.209  0.3387E+01  0.2340E+02
  -2.199  0.3273E+01  0.2344E+02
  -2.189  0.3159E+01  0.2347E+02
  -2.179  0.3045E+01  0.2350E+02
  -2.169  0.2931E+01  0.2353E+02
  -2.159  0.2817E+01  0.2356E+02
  -2.149  0.2704E+01  0.2358E+02
  -2.139  0.2591E+01  0.2361E+02
  -2.129  0.2480E+01  0.2363E+02
  -2.119  0.2370E+01  0.2366E+02
  -2.109  0.2261E+01  0.2368E+02
  -2.099  0.2154E+01  0.2370E+02
  -2.089  0.2049E+01  0.2372E+02
  -2.079  0.1946E+01  0.2374E+02
  -2.069  0.1845E+01  0.2376E+02
  -2.059  0.1746E+01  0.2378E+02
  -2.049  0.1651E+01  0.2379E+02
  -2.039  0.1557E+01  0.2381E+02
  -2.029  0.1467E+01  0.2382E+02
  -2.019  0.1380E+01  0.2384E+02
  -2.009  0.1295E+01  0.2385E+02
  -1.999  0.1214E+01  0.2386E+02
  -1.989  0.1136E+01  0.2387E+02
  -1.979  0.1061E+01  0.2388E+02
  -1.969  0.9887E+00  0.2389E+02
  -1.959  0.9201E+00  0.2390E+02
  -1.949  0.8547E+00  0.2391E+02
  -1.939  0.7925E+00  0.2392E+02
  -1.929  0.7335E+00  0.2393E+02
  -1.919  0.6776E+00  0.2393E+02
  -1.909  0.6248E+00  0.2394E+02
  -1.899  0.5750E+00  0.2395E+02
  -1.889  0.5282E+00  0.2395E+02
  -1.879  0.4843E+00  0.2396E+02
  -1.869  0.4431E+00  0.2396E+02
  -1.859  0.4047E+00  0.2396E+02
  -1.849  0.3689E+00  0.2397E+02
  -1.839  0.3355E+00  0.2397E+02
  -1.829  0.3046E+00  0.2397E+02
  -1.819  0.2760E+00  0.2398E+02
  -1.809  0.2496E+00  0.2398E+02
  -1.799  0.2252E+00  0.2398E+02
  -1.789  0.2028E+00  0.2398E+02
  -1.779  0.1822E+00  0.2399E+02
  -1.769  0.1634E+00  0.2399E+02
  -1.759  0.1463E+00  0.2399E+02
  -1.749  0.1306E+00  0.2399E+02
  -1.739  0.1164E+00  0.2399E+02
  -1.729  0.1035E+00  0.2399E+02
  -1.719  0.9184E-01  0.2399E+02
  -1.709  0.8131E-01  0.2399E+02
  -1.699  0.7184E-01  0.2400E+02
  -1.689  0.6333E-01  0.2400E+02
  -1.679  0.5571E-01  0.2400E+02
  -1.669  0.4890E-01  0.2400E+02
  -1.659  0.4283E-01  0.2400E+02
  -1.649  0.3742E-01  0.2400E+02
  -1.639  0.3263E-01  0.2400E+02
  -1.629  0.2839E-01  0.2400E+02
  -1.619  0.2464E-01  0.2400E+02
  -1.609  0.2134E-01  0.2400E+02
  -1.599  0.1844E-01  0.2400E+02
  -1.589  0.1590E-01  0.2400E+02
  -1.579  0.1368E-01  0.2400E+02
  -1.569  0.1174E-01  0.2400E+02
  -1.559  0.1006E-01  0.2400E+02
  -1.549  0.8595E-02  0.2400E+02
  -1.539  0.7331E-02  0.2400E+02
  -1.529  0.6241E-02  0.2400E+02
  -1.519  0.5305E-02  0.2400E+02
  -1.509  0.4503E-02  0.2400E+02
  -1.499  0.3819E-02  0.2400E+02
  -1.489  0.3239E-02  0.2400E+02
  -1.479  0.2749E-02  0.2400E+02
  -1.469  0.2340E-02  0.2400E+02
  -1.459  0.2000E-02  0.2400E+02
  -1.449  0.1724E-02  0.2400E+02
  -1.439  0.1504E-02  0.2400E+02
  -1.429  0.1335E-02  0.2400E+02
  -1.419  0.1213E-02  0.2400E+02
  -1.409  0.1135E-02  0.2400E+02
  -1.399  0.1101E-02  0.2400E+02
  -1.389  0.1109E-02  0.2400E+02
  -1.379  0.1161E-02  0.2400E+02
  -1.369  0.1259E-02  0.2400E+02
  -1.359  0.1407E-02  0.2400E+02
  -1.349  0.1610E-02  0.2400E+02
  -1.339  0.1874E-02  0.2400E+02
  -1.329  0.2207E-02  0.2400E+02
  -1.319  0.2621E-02  0.2400E+02
  -1.309  0.3127E-02  0.2400E+02
  -1.299  0.3740E-02  0.2400E+02
  -1.289  0.4478E-02  0.2400E+02
  -1.279  0.5359E-02  0.2400E+02
  -1.269  0.6407E-02  0.2400E+02
  -1.259  0.7649E-02  0.2400E+02
  -1.249  0.9115E-02  0.2400E+02
  -1.239  0.1084E-01  0.2400E+02
  -1.229  0.1286E-01  0.2400E+02
  -1.219  0.1523E-01  0.2400E+02
  -1.209  0.1799E-01  0.2400E+02
  -1.199  0.2119E-01  0.2400E+02
  -1.189  0.2491E-01  0.2400E+02
  -1.179  0.2921E-01  0.2400E+02
  -1.169  0.3416E-01  0.2400E+02
  -1.159  0.3986E-01  0.2400E+02
  -1.149  0.4639E-01  0.2400E+02
  -1.139  0.5385E-01  0.2400E+02
  -1.129  0.6237E-01  0.2400E+02
  -1.119  0.7205E-01  0.2400E+02
  -1.109  0.8303E-01  0.2401E+02
  -1.099  0.9545E-01  0.2401E+02
  -1.089  0.1095E+00  0.2401E+02
  -1.079  0.1252E+00  0.2401E+02
  -1.069  0.1429E+00  0.2401E+02
  -1.059  0.1627E+00  0.2401E+02
  -1.049  0.1847E+00  0.2401E+02
  -1.039  0.2092E+00  0.2402E+02
  -1.029  0.2365E+00  0.2402E+02
  -1.019  0.2666E+00  0.2402E+02
  -1.009  0.2998E+00  0.2402E+02
  -0.999  0.3363E+00  0.2403E+02
  -0.989  0.3764E+00  0.2403E+02
  -0.979  0.4202E+00  0.2404E+02
  -0.969  0.4681E+00  0.2404E+02
  -0.959  0.5201E+00  0.2405E+02
  -0.949  0.5765E+00  0.2405E+02
  -0.939  0.6375E+00  0.2406E+02
  -0.929  0.7034E+00  0.2406E+02
  -0.919  0.7742E+00  0.2407E+02
  -0.909  0.8501E+00  0.2408E+02
  -0.899  0.9313E+00  0.2409E+02
  -0.889  0.1018E+01  0.2410E+02
  -0.879  0.1110E+01  0.2411E+02
  -0.869  0.1207E+01  0.2412E+02
  -0.859  0.1311E+01  0.2414E+02
  -0.849  0.1419E+01  0.2415E+02
  -0.839  0.1533E+01  0.2417E+02
  -0.829  0.1653E+01  0.2418E+02
  -0.819  0.1778E+01  0.2420E+02
  -0.809  0.1908E+01  0.2422E+02
  -0.799  0.2043E+01  0.2424E+02
  -0.789  0.2183E+01  0.2426E+02
  -0.779  0.2327E+01  0.2428E+02
  -0.769  0.2475E+01  0.2431E+02
  -0.759  0.2627E+01  0.2434E+02
  -0.749  0.2783E+01  0.2436E+02
  -0.739  0.2942E+01  0.2439E+02
  -0.729  0.3103E+01  0.2442E+02
  -0.719  0.3266E+01  0.2446E+02
  -0.709  0.3430E+01  0.2449E+02
  -0.699  0.3596E+01  0.2453E+02
  -0.689  0.3761E+01  0.2456E+02
  -0.679  0.3927E+01  0.2460E+02
  -0.669  0.4092E+01  0.2464E+02
  -0.659  0.4256E+01  0.2469E+02
  -0.649  0.4418E+01  0.2473E+02
  -0.639  0.4578E+01  0.2478E+02
  -0.629  0.4735E+01  0.2482E+02
  -0.619  0.4888E+01  0.2487E+02
  -0.609  0.5038E+01  0.2492E+02
  -0.599  0.5183E+01  0.2498E+02
  -0.589  0.5324E+01  0.2503E+02
  -0.579  0.5459E+01  0.2508E+02
  -0.569  0.5589E+01  0.2514E+02
  -0.559  0.5713E+01  0.2520E+02
  -0.549  0.5831E+01  0.2526E+02
  -0.539  0.5943E+01  0.2531E+02
  -0.529  0.6049E+01  0.2537E+02
  -0.519  0.6148E+01  0.2544E+02
  -0.509  0.6241E+01  0.2550E+02
  -0.499  0.6327E+01  0.2556E+02
  -0.489  0.6407E+01  0.2563E+02
  -0.479  0.6480E+01  0.2569E+02
  -0.469  0.6547E+01  0.2576E+02
  -0.459  0.6608E+01  0.2582E+02
  -0.449  0.6664E+01  0.2589E+02
  -0.439  0.6713E+01  0.2596E+02
  -0.429  0.6757E+01  0.2602E+02
  -0.419  0.6797E+01  0.2609E+02
  -0.409  0.6831E+01  0.2616E+02
  -0.399  0.6861E+01  0.2623E+02
  -0.389  0.6886E+01  0.2630E+02
  -0.379  0.6908E+01  0.2637E+02
  -0.369  0.6927E+01  0.2644E+02
  -0.359  0.6942E+01  0.2651E+02
  -0.349  0.6954E+01  0.2657E+02
  -0.339  0.6963E+01  0.2664E+02
  -0.329  0.6970E+01  0.2671E+02
  -0.319  0.6975E+01  0.2678E+02
  -0.309  0.6978E+01  0.2685E+02
  -0.299  0.6979E+01  0.2692E+02
  -0.289  0.6979E+01  0.2699E+02
  -0.279  0.6978E+01  0.2706E+02
  -0.269  0.6975E+01  0.2713E+02
  -0.259  0.6971E+01  0.2720E+02
  -0.249  0.6966E+01  0.2727E+02
  -0.239  0.6960E+01  0.2734E+02
  -0.229  0.6954E+01  0.2741E+02
  -0.219  0.6946E+01  0.2748E+02
  -0.209  0.6938E+01  0.2755E+02
  -0.199  0.6929E+01  0.2762E+02
  -0.189  0.6919E+01  0.2769E+02
  -0.179  0.6908E+01  0.2776E+02
  -0.169  0.6896E+01  0.2783E+02
  -0.159  0.6883E+01  0.2790E+02
  -0.149  0.6869E+01  0.2796E+02
  -0.139  0.6855E+01  0.2803E+02
  -0.129  0.6839E+01  0.2810E+02
  -0.119  0.6823E+01  0.2817E+02
  -0.109  0.6805E+01  0.2824E+02
  -0.099  0.6787E+01  0.2831E+02
  -0.089  0.6767E+01  0.2837E+02
  -0.079  0.6747E+01  0.2844E+02
  -0.069  0.6725E+01  0.2851E+02
  -0.059  0.6703E+01  0.2857E+02
  -0.049  0.6681E+01  0.2864E+02
  -0.039  0.6658E+01  0.2871E+02
  -0.029  0.6634E+01  0.2877E+02
  -0.019  0.6610E+01  0.2884E+02
  -0.009  0.6586E+01  0.2891E+02
   0.001  0.6562E+01  0.2897E+02
   0.011  0.6538E+01  0.2904E+02
   0.021  0.6515E+01  0.2910E+02
   0.031  0.6492E+01  0.2917E+02
   0.041  0.6471E+01  0.2923E+02
   0.051  0.6450E+01  0.2930E+02
   0.061  0.6431E+01  0.2936E+02
   0.071  0.6413E+01  0.2943E+02
   0.081  0.6397E+01  0.2949E+02
   0.091  0.6382E+01  0.2955E+02
   0.101  0.6370E+01  0.2962E+02
   0.111  0.6360E+01  0.2968E+02
   0.121  0.6353E+01  0.2974E+02
   0.131  0.6348E+01  0.2981E+02
   0.141  0.6345E+01  0.2987E+02
   0.151  0.6346E+01  0.2993E+02
   0.161  0.6349E+01  0.3000E+02
   0.171  0.6355E+01  0.3006E+02
   0.181  0.6363E+01  0.3012E+02
   0.191  0.6375E+01  0.3019E+02
   0.201  0.6389E+01  0.3025E+02
   0.211  0.6407E+01  0.3032E+02
   0.221  0.6426E+01  0.3038E+02
   0.231  0.6449E+01  0.3045E+02
   0.241  0.6473E+01  0.3051E+02
   0.251  0.6500E+01  0.3058E+02
   0.261  0.6529E+01  0.3064E+02
   0.271  0.6560E+01  0.3071E+02
   0.281  0.6593E+01  0.3077E+02
   0.291  0.6627E+01  0.3084E+02
   0.301  0.6662E+01  0.3090E+02
   0.311  0.6698E+01  0.3097E+02
   0.321  0.6734E+01  0.3104E+02
   0.331  0.6771E+01  0.3111E+02
   0.341  0.6808E+01  0.3117E+02
   0.351  0.6845E+01  0.3124E+02
   0.361  0.6881E+01  0.3131E+02
   0.371  0.6917E+01  0.3138E+02
   0.381  0.6952E+01  0.3145E+02
   0.391  0.6985E+01  0.3152E+02
   0.401  0.7017E+01  0.3159E+02
   0.411  0.7046E+01  0.3166E+02
   0.421  0.7074E+01  0.3173E+02
   0.431  0.7100E+01  0.3180E+02
   0.441  0.7123E+01  0.3187E+02
   0.451  0.7144E+01  0.3195E+02
   0.461  0.7162E+01  0.3202E+02
   0.471  0.7177E+01  0.3209E+02
   0.481  0.7189E+01  0.3216E+02
   0.491  0.7198E+01  0.3223E+02
   0.501  0.7204E+01  0.3231E+02
   0.511  0.7207E+01  0.3238E+02
   0.521  0.7207E+01  0.3245E+02
   0.531  0.7204E+01  0.3252E+02
   0.541  0.7198E+01  0.3259E+02
   0.551  0.7190E+01  0.3267E+02
   0.561  0.7179E+01  0.3274E+02
   0.571  0.7166E+01  0.3281E+02
   0.581  0.7151E+01  0.3288E+02
   0.591  0.7134E+01  0.3295E+02
   0.601  0.7116E+01  0.3302E+02
   0.611  0.7096E+01  0.3309E+02
   0.621  0.7076E+01  0.3316E+02
   0.631  0.7055E+01  0.3323E+02
   0.641  0.7035E+01  0.3331E+02
   0.651  0.7015E+01  0.3338E+02
   0.661  0.6995E+01  0.3345E+02
   0.671  0.6977E+01  0.3352E+02
   0.681  0.6960E+01  0.3358E+02
   0.691  0.6946E+01  0.3365E+02
   0.701  0.6933E+01  0.3372E+02
   0.711  0.6923E+01  0.3379E+02
   0.721  0.6916E+01  0.3386E+02
   0.731  0.6912E+01  0.3393E+02
   0.741  0.6911E+01  0.3400E+02
   0.751  0.6915E+01  0.3407E+02
   0.761  0.6921E+01  0.3414E+02
   0.771  0.6932E+01  0.3421E+02
   0.781  0.6947E+01  0.3428E+02
   0.791  0.6965E+01  0.3435E+02
   0.801  0.6988E+01  0.3442E+02
   0.811  0.7014E+01  0.3449E+02
   0.821  0.7044E+01  0.3456E+02
   0.831  0.7078E+01  0.3463E+02
   0.841  0.7115E+01  0.3470E+02
   0.851  0.7155E+01  0.3477E+02
   0.861  0.7198E+01  0.3484E+02
   0.871  0.7244E+01  0.3492E+02
   0.881  0.7291E+01  0.3499E+02
   0.891  0.7341E+01  0.3506E+02
   0.901  0.7392E+01  0.3514E+02
   0.911  0.7443E+01  0.3521E+02
   0.921  0.7496E+01  0.3528E+02
   0.931  0.7549E+01  0.3536E+02
   0.941  0.7601E+01  0.3544E+02
   0.951  0.7653E+01  0.3551E+02
   0.961  0.7704E+01  0.3559E+02
   0.971  0.7754E+01  0.3567E+02
   0.981  0.7803E+01  0.3575E+02
   0.991  0.7849E+01  0.3582E+02
   1.001  0.7893E+01  0.3590E+02
   1.011  0.7935E+01  0.3598E+02
   1.021  0.7975E+01  0.3606E+02
   1.031  0.8011E+01  0.3614E+02
   1.041  0.8045E+01  0.3622E+02
   1.051  0.8076E+01  0.3630E+02
   1.061  0.8104E+01  0.3638E+02
   1.071  0.8130E+01  0.3647E+02
   1.081  0.8152E+01  0.3655E+02
   1.091  0.8172E+01  0.3663E+02
   1.101  0.8189E+01  0.3671E+02
   1.111  0.8204E+01  0.3679E+02
   1.121  0.8216E+01  0.3688E+02
   1.131  0.8226E+01  0.3696E+02
   1.141  0.8235E+01  0.3704E+02
   1.151  0.8241E+01  0.3712E+02
   1.161  0.8247E+01  0.3720E+02
   1.171  0.8251E+01  0.3729E+02
   1.181  0.8254E+01  0.3737E+02
   1.191  0.8257E+01  0.3745E+02
   1.201  0.8259E+01  0.3753E+02
   1.211  0.8261E+01  0.3762E+02
   1.221  0.8263E+01  0.3770E+02
   1.231  0.8265E+01  0.3778E+02
   1.241  0.8268E+01  0.3787E+02
   1.251  0.8271E+01  0.3795E+02
   1.261  0.8274E+01  0.3803E+02
   1.271  0.8279E+01  0.3811E+02
   1.281  0.8284E+01  0.3820E+02
   1.291  0.8290E+01  0.3828E+02
   1.301  0.8296E+01  0.3836E+02
   1.311  0.8304E+01  0.3845E+02
   1.321  0.8312E+01  0.3853E+02
   1.331  0.8321E+01  0.3861E+02
   1.341  0.8330E+01  0.3869E+02
   1.351  0.8340E+01  0.3878E+02
   1.361  0.8350E+01  0.3886E+02
   1.371  0.8360E+01  0.3895E+02
   1.381  0.8370E+01  0.3903E+02
   1.391  0.8380E+01  0.3911E+02
   1.401  0.8390E+01  0.3920E+02
   1.411  0.8399E+01  0.3928E+02
   1.421  0.8407E+01  0.3936E+02
   1.431  0.8414E+01  0.3945E+02
   1.441  0.8420E+01  0.3953E+02
   1.451  0.8425E+01  0.3962E+02
   1.461  0.8428E+01  0.3970E+02
   1.471  0.8430E+01  0.3979E+02
   1.481  0.8429E+01  0.3987E+02
   1.491  0.8427E+01  0.3995E+02
   1.501  0.8422E+01  0.4004E+02
   1.511  0.8415E+01  0.4012E+02
   1.521  0.8405E+01  0.4021E+02
   1.531  0.8394E+01  0.4029E+02
   1.541  0.8379E+01  0.4037E+02
   1.551  0.8362E+01  0.4046E+02
   1.561  0.8343E+01  0.4054E+02
   1.571  0.8321E+01  0.4063E+02
   1.581  0.8296E+01  0.4071E+02
   1.591  0.8269E+01  0.4079E+02
   1.601  0.8239E+01  0.4087E+02
   1.611  0.8207E+01  0.4096E+02
   1.621  0.8172E+01  0.4104E+02
   1.631  0.8135E+01  0.4112E+02
   1.641  0.8096E+01  0.4120E+02
   1.651  0.8055E+01  0.4128E+02
   1.661  0.8012E+01  0.4136E+02
   1.671  0.7967E+01  0.4144E+02
   1.681  0.7920E+01  0.4152E+02
   1.691  0.7872E+01  0.4160E+02
   1.701  0.7822E+01  0.4168E+02
   1.711  0.7771E+01  0.4175E+02
   1.721  0.7719E+01  0.4183E+02
   1.731  0.7666E+01  0.4191E+02
   1.741  0.7613E+01  0.4198E+02
   1.751  0.7558E+01  0.4206E+02
   1.761  0.7504E+01  0.4213E+02
   1.771  0.7449E+01  0.4221E+02
   1.781  0.7394E+01  0.4228E+02
   1.791  0.7340E+01  0.4236E+02
   1.801  0.7286E+01  0.4243E+02
   1.811  0.7232E+01  0.4250E+02
   1.821  0.7179E+01  0.4257E+02
   1.831  0.7127E+01  0.4264E+02
   1.841  0.7076E+01  0.4271E+02
   1.851  0.7026E+01  0.4279E+02
   1.861  0.6978E+01  0.4285E+02
   1.871  0.6931E+01  0.4292E+02
   1.881  0.6886E+01  0.4299E+02
   1.891  0.6843E+01  0.4306E+02
   1.901  0.6802E+01  0.4313E+02
   1.911  0.6763E+01  0.4320E+02
   1.921  0.6727E+01  0.4326E+02
   1.931  0.6694E+01  0.4333E+02
   1.941  0.6663E+01  0.4340E+02
   1.951  0.6635E+01  0.4346E+02
   1.961  0.6609E+01  0.4353E+02
   1.971  0.6587E+01  0.4360E+02
   1.981  0.6568E+01  0.4366E+02
   1.991  0.6552E+01  0.4373E+02
   2.001  0.6540E+01  0.4379E+02
   2.011  0.6530E+01  0.4386E+02
   2.021  0.6524E+01  0.4392E+02
   2.031  0.6521E+01  0.4399E+02
   2.041  0.6521E+01  0.4405E+02
   2.051  0.6524E+01  0.4412E+02
   2.061  0.6530E+01  0.4418E+02
   2.071  0.6539E+01  0.4425E+02
   2.081  0.6550E+01  0.4432E+02
   2.091  0.6564E+01  0.4438E+02
   2.101  0.6580E+01  0.4445E+02
   2.111  0.6598E+01  0.4451E+02
   2.121  0.6618E+01  0.4458E+02
   2.131  0.6639E+01  0.4465E+02
   2.141  0.6661E+01  0.4471E+02
   2.151  0.6684E+01  0.4478E+02
   2.161  0.6708E+01  0.4485E+02
   2.171  0.6732E+01  0.4491E+02
   2.181  0.6755E+01  0.4498E+02
   2.191  0.6777E+01  0.4505E+02
   2.201  0.6799E+01  0.4512E+02
   2.211  0.6819E+01  0.4518E+02
   2.221  0.6836E+01  0.4525E+02
   2.231  0.6852E+01  0.4532E+02
   2.241  0.6864E+01  0.4539E+02
   2.251  0.6874E+01  0.4546E+02
   2.261  0.6879E+01  0.4553E+02
   2.271  0.6881E+01  0.4560E+02
   2.281  0.6878E+01  0.4567E+02
   2.291  0.6870E+01  0.4573E+02
   2.301  0.6857E+01  0.4580E+02
   2.311  0.6838E+01  0.4587E+02
   2.321  0.6814E+01  0.4594E+02
   2.331  0.6784E+01  0.4601E+02
   2.341  0.6747E+01  0.4607E+02
   2.351  0.6704E+01  0.4614E+02
   2.361  0.6654E+01  0.4621E+02
   2.371  0.6597E+01  0.4627E+02
   2.381  0.6533E+01  0.4634E+02
   2.391  0.6462E+01  0.4640E+02
   2.401  0.6384E+01  0.4647E+02
   2.411  0.6299E+01  0.4653E+02
   2.421  0.6207E+01  0.4659E+02
   2.431  0.6108E+01  0.4665E+02
   2.441  0.6003E+01  0.4671E+02
   2.451  0.5891E+01  0.4677E+02
   2.461  0.5772E+01  0.4683E+02
   2.471  0.5648E+01  0.4689E+02
   2.481  0.5518E+01  0.4694E+02
   2.491  0.5383E+01  0.4700E+02
   2.501  0.5242E+01  0.4705E+02
   2.511  0.5097E+01  0.4710E+02
   2.521  0.4948E+01  0.4715E+02
   2.531  0.4795E+01  0.4720E+02
   2.541  0.4639E+01  0.4724E+02
   2.551  0.4480E+01  0.4729E+02
   2.561  0.4319E+01  0.4733E+02
   2.571  0.4156E+01  0.4737E+02
   2.581  0.3992E+01  0.4741E+02
   2.591  0.3828E+01  0.4745E+02
   2.601  0.3663E+01  0.4749E+02
   2.611  0.3499E+01  0.4752E+02
   2.621  0.3336E+01  0.4756E+02
   2.631  0.3174E+01  0.4759E+02
   2.641  0.3014E+01  0.4762E+02
   2.651  0.2856E+01  0.4765E+02
   2.661  0.2701E+01  0.4767E+02
   2.671  0.2550E+01  0.4770E+02
   2.681  0.2402E+01  0.4772E+02
   2.691  0.2257E+01  0.4775E+02
   2.701  0.2117E+01  0.4777E+02
   2.711  0.1982E+01  0.4779E+02
   2.721  0.1851E+01  0.4780E+02
   2.731  0.1725E+01  0.4782E+02
   2.741  0.1604E+01  0.4784E+02
   2.751  0.1488E+01  0.4785E+02
   2.761  0.1378E+01  0.4787E+02
   2.771  0.1273E+01  0.4788E+02
   2.781  0.1173E+01  0.4789E+02
   2.791  0.1079E+01  0.4790E+02
   2.801  0.9902E+00  0.4791E+02
   2.811  0.9065E+00  0.4792E+02
   2.821  0.8279E+00  0.4793E+02
   2.831  0.7544E+00  0.4794E+02
   2.841  0.6859E+00  0.4794E+02
   2.851  0.6221E+00  0.4795E+02
   2.861  0.5629E+00  0.4796E+02
   2.871  0.5082E+00  0.4796E+02
   2.881  0.4577E+00  0.4797E+02
   2.891  0.4112E+00  0.4797E+02
   2.901  0.3686E+00  0.4797E+02
   2.911  0.3296E+00  0.4798E+02
   2.921  0.2940E+00  0.4798E+02
   2.931  0.2616E+00  0.4798E+02
   2.941  0.2323E+00  0.4798E+02
   2.951  0.2057E+00  0.4799E+02
   2.961  0.1817E+00  0.4799E+02
   2.971  0.1601E+00  0.4799E+02
   2.981  0.1408E+00  0.4799E+02
   2.991  0.1234E+00  0.4799E+02
   3.001  0.1080E+00  0.4799E+02
   3.011  0.9423E-01  0.4799E+02
   3.021  0.8202E-01  0.4800E+02
   3.031  0.7122E-01  0.4800E+02
   3.041  0.6168E-01  0.4800E+02
   3.051  0.5329E-01  0.4800E+02
   3.061  0.4593E-01  0.4800E+02
   3.071  0.3948E-01  0.4800E+02
   3.081  0.3385E-01  0.4800E+02
   3.091  0.2896E-01  0.4800E+02
   3.101  0.2470E-01  0.4800E+02
   3.111  0.2102E-01  0.4800E+02
   3.121  0.1785E-01  0.4800E+02
   3.131  0.1511E-01  0.4800E+02
   3.141  0.1276E-01  0.4800E+02
   3.151  0.1075E-01  0.4800E+02
   3.161  0.9034E-02  0.4800E+02
   3.171  0.7571E-02  0.4800E+02
   3.181  0.6330E-02  0.4800E+02
   3.191  0.5278E-02  0.4800E+02
   3.201  0.4390E-02  0.4800E+02
   3.211  0.3642E-02  0.4800E+02
   3.221  0.3013E-02  0.4800E+02
   3.231  0.2487E-02  0.4800E+02
   3.241  0.2047E-02  0.4800E+02
   3.251  0.1681E-02  0.4800E+02
   3.261  0.1377E-02  0.4800E+02
   3.271  0.1125E-02  0.4800E+02
   3.281  0.9165E-03  0.4800E+02
   3.291  0.7448E-03  0.4800E+02
   3.301  0.6037E-03  0.4800E+02
   3.311  0.4881E-03  0.4800E+02
   3.321  0.3936E-03  0.4800E+02
   3.331  0.3166E-03  0.4800E+02
   3.341  0.2540E-03  0.4800E+02
   3.351  0.2032E-03  0.4800E+02
   3.361  0.1622E-03  0.4800E+02
   3.371  0.1291E-03  0.4800E+02
   3.381  0.1025E-03  0.4800E+02
   3.391  0.8115E-04  0.4800E+02
