#  E (eV)   dos(E)     Int dos(E) EFermi =    2.576 eV
 -17.997  0.8981E-05  0.8981E-07
 -17.987  0.1052E-04  0.1950E-06
 -17.977  0.1230E-04  0.3180E-06
 -17.967  0.1438E-04  0.4618E-06
 -17.957  0.1678E-04  0.6296E-06
 -17.947  0.1957E-04  0.8253E-06
 -17.937  0.2279E-04  0.1053E-05
 -17.927  0.2651E-04  0.1318E-05
 -17.917  0.3080E-04  0.1626E-05
 -17.907  0.3575E-04  0.1984E-05
 -17.897  0.4146E-04  0.2398E-05
 -17.887  0.4801E-04  0.2878E-05
 -17.877  0.5555E-04  0.3434E-05
 -17.867  0.6419E-04  0.4076E-05
 -17.857  0.7410E-04  0.4817E-05
 -17.847  0.8545E-04  0.5671E-05
 -17.837  0.9842E-04  0.6656E-05
 -17.827  0.1132E-03  0.7788E-05
 -17.817  0.1301E-03  0.9089E-05
 -17.807  0.1494E-03  0.1058E-04
 -17.797  0.1713E-03  0.1230E-04
 -17.787  0.1963E-03  0.1426E-04
 -17.777  0.2246E-03  0.1651E-04
 -17.767  0.2567E-03  0.1907E-04
 -17.757  0.2931E-03  0.2200E-04
 -17.747  0.3343E-03  0.2535E-04
 -17.737  0.3809E-03  0.2916E-04
 -17.727  0.4335E-03  0.3349E-04
 -17.717  0.4929E-03  0.3842E-04
 -17.707  0.5598E-03  0.4402E-04
 -17.697  0.6350E-03  0.5037E-04
 -17.687  0.7196E-03  0.5757E-04
 -17.677  0.8146E-03  0.6571E-04
 -17.667  0.9212E-03  0.7492E-04
 -17.657  0.1041E-02  0.8533E-04
 -17.647  0.1174E-02  0.9707E-04
 -17.637  0.1324E-02  0.1103E-03
 -17.627  0.1490E-02  0.1252E-03
 -17.617  0.1676E-02  0.1420E-03
 -17.607  0.1884E-02  0.1608E-03
 -17.597  0.2114E-02  0.1820E-03
 -17.587  0.2371E-02  0.2057E-03
 -17.577  0.2656E-02  0.2322E-03
 -17.567  0.2971E-02  0.2619E-03
 -17.557  0.3321E-02  0.2951E-03
 -17.547  0.3709E-02  0.3322E-03
 -17.537  0.4137E-02  0.3736E-03
 -17.527  0.4610E-02  0.4197E-03
 -17.517  0.5131E-02  0.4710E-03
 -17.507  0.5706E-02  0.5281E-03
 -17.497  0.6338E-02  0.5914E-03
 -17.487  0.7034E-02  0.6618E-03
 -17.477  0.7798E-02  0.7398E-03
 -17.467  0.8636E-02  0.8261E-03
 -17.457  0.9554E-02  0.9217E-03
 -17.447  0.1056E-01  0.1027E-02
 -17.437  0.1166E-01  0.1144E-02
 -17.427  0.1286E-01  0.1272E-02
 -17.417  0.1417E-01  0.1414E-02
 -17.407  0.1560E-01  0.1570E-02
 -17.397  0.1715E-01  0.1742E-02
 -17.387  0.1885E-01  0.1930E-02
 -17.377  0.2068E-01  0.2137E-02
 -17.367  0.2268E-01  0.2364E-02
 -17.357  0.2484E-01  0.2612E-02
 -17.347  0.2719E-01  0.2884E-02
 -17.337  0.2972E-01  0.3181E-02
 -17.327  0.3246E-01  0.3506E-02
 -17.317  0.3542E-01  0.3860E-02
 -17.307  0.3861E-01  0.4246E-02
 -17.297  0.4204E-01  0.4667E-02
 -17.287  0.4574E-01  0.5124E-02
 -17.277  0.4972E-01  0.5621E-02
 -17.267  0.5399E-01  0.6161E-02
 -17.257  0.5858E-01  0.6747E-02
 -17.247  0.6349E-01  0.7382E-02
 -17.237  0.6875E-01  0.8069E-02
 -17.227  0.7438E-01  0.8813E-02
 -17.217  0.8039E-01  0.9617E-02
 -17.207  0.8681E-01  0.1049E-01
 -17.197  0.9366E-01  0.1142E-01
 -17.187  0.1010E+00  0.1243E-01
 -17.177  0.1087E+00  0.1352E-01
 -17.167  0.1170E+00  0.1469E-01
 -17.157  0.1257E+00  0.1595E-01
 -17.147  0.1350E+00  0.1730E-01
 -17.137  0.1449E+00  0.1874E-01
 -17.127  0.1553E+00  0.2030E-01
 -17.117  0.1664E+00  0.2196E-01
 -17.107  0.1780E+00  0.2374E-01
 -17.097  0.1904E+00  0.2565E-01
 -17.087  0.2034E+00  0.2768E-01
 -17.077  0.2171E+00  0.2985E-01
 -17.067  0.2315E+00  0.3216E-01
 -17.057  0.2466E+00  0.3463E-01
 -17.047  0.2626E+00  0.3726E-01
 -17.037  0.2793E+00  0.4005E-01
 -17.027  0.2968E+00  0.4302E-01
 -17.017  0.3152E+00  0.4617E-01
 -17.007  0.3344E+00  0.4951E-01
 -16.997  0.3544E+00  0.5306E-01
 -16.987  0.3754E+00  0.5681E-01
 -16.977  0.3973E+00  0.6078E-01
 -16.967  0.4201E+00  0.6498E-01
 -16.957  0.4439E+00  0.6942E-01
 -16.947  0.4686E+00  0.7411E-01
 -16.937  0.4942E+00  0.7905E-01
 -16.927  0.5209E+00  0.8426E-01
 -16.917  0.5486E+00  0.8975E-01
 -16.907  0.5772E+00  0.9552E-01
 -16.897  0.6069E+00  0.1016E+00
 -16.887  0.6375E+00  0.1080E+00
 -16.877  0.6692E+00  0.1147E+00
 -16.867  0.7019E+00  0.1217E+00
 -16.857  0.7356E+00  0.1290E+00
 -16.847  0.7703E+00  0.1367E+00
 -16.837  0.8060E+00  0.1448E+00
 -16.827  0.8427E+00  0.1532E+00
 -16.817  0.8804E+00  0.1620E+00
 -16.807  0.9190E+00  0.1712E+00
 -16.797  0.9586E+00  0.1808E+00
 -16.787  0.9992E+00  0.1908E+00
 -16.777  0.1041E+01  0.2012E+00
 -16.767  0.1083E+01  0.2120E+00
 -16.757  0.1126E+01  0.2233E+00
 -16.747  0.1170E+01  0.2350E+00
 -16.737  0.1215E+01  0.2471E+00
 -16.727  0.1260E+01  0.2597E+00
 -16.717  0.1307E+01  0.2728E+00
 -16.707  0.1354E+01  0.2863E+00
 -16.697  0.1401E+01  0.3004E+00
 -16.687  0.1449E+01  0.3148E+00
 -16.677  0.1498E+01  0.3298E+00
 -16.667  0.1547E+01  0.3453E+00
 -16.657  0.1597E+01  0.3613E+00
 -16.647  0.1647E+01  0.3777E+00
 -16.637  0.1697E+01  0.3947E+00
 -16.627  0.1747E+01  0.4122E+00
 -16.617  0.1798E+01  0.4301E+00
 -16.607  0.1849E+01  0.4486E+00
 -16.597  0.1900E+01  0.4676E+00
 -16.587  0.1950E+01  0.4871E+00
 -16.577  0.2001E+01  0.5072E+00
 -16.567  0.2052E+01  0.5277E+00
 -16.557  0.2102E+01  0.5487E+00
 -16.547  0.2153E+01  0.5702E+00
 -16.537  0.2202E+01  0.5922E+00
 -16.527  0.2252E+01  0.6148E+00
 -16.517  0.2301E+01  0.6378E+00
 -16.507  0.2349E+01  0.6613E+00
 -16.497  0.2397E+01  0.6852E+00
 -16.487  0.2444E+01  0.7097E+00
 -16.477  0.2490E+01  0.7346E+00
 -16.467  0.2536E+01  0.7599E+00
 -16.457  0.2581E+01  0.7857E+00
 -16.447  0.2624E+01  0.8120E+00
 -16.437  0.2667E+01  0.8386E+00
 -16.427  0.2709E+01  0.8657E+00
 -16.417  0.2750E+01  0.8932E+00
 -16.407  0.2790E+01  0.9211E+00
 -16.397  0.2828E+01  0.9494E+00
 -16.387  0.2866E+01  0.9781E+00
 -16.377  0.2902E+01  0.1007E+01
 -16.367  0.2937E+01  0.1036E+01
 -16.357  0.2971E+01  0.1066E+01
 -16.347  0.3003E+01  0.1096E+01
 -16.337  0.3034E+01  0.1127E+01
 -16.327  0.3064E+01  0.1157E+01
 -16.317  0.3093E+01  0.1188E+01
 -16.307  0.3120E+01  0.1219E+01
 -16.297  0.3146E+01  0.1251E+01
 -16.287  0.3171E+01  0.1282E+01
 -16.277  0.3194E+01  0.1314E+01
 -16.267  0.3216E+01  0.1347E+01
 -16.257  0.3237E+01  0.1379E+01
 -16.247  0.3257E+01  0.1412E+01
 -16.237  0.3275E+01  0.1444E+01
 -16.227  0.3292E+01  0.1477E+01
 -16.217  0.3308E+01  0.1510E+01
 -16.207  0.3323E+01  0.1544E+01
 -16.197  0.3337E+01  0.1577E+01
 -16.187  0.3350E+01  0.1610E+01
 -16.177  0.3361E+01  0.1644E+01
 -16.167  0.3372E+01  0.1678E+01
 -16.157  0.3381E+01  0.1712E+01
 -16.147  0.3390E+01  0.1745E+01
 -16.137  0.3397E+01  0.1779E+01
 -16.127  0.3404E+01  0.1813E+01
 -16.117  0.3410E+01  0.1848E+01
 -16.107  0.3415E+01  0.1882E+01
 -16.097  0.3420E+01  0.1916E+01
 -16.087  0.3423E+01  0.1950E+01
 -16.077  0.3426E+01  0.1984E+01
 -16.067  0.3429E+01  0.2019E+01
 -16.057  0.3430E+01  0.2053E+01
 -16.047  0.3431E+01  0.2087E+01
 -16.037  0.3432E+01  0.2122E+01
 -16.027  0.3431E+01  0.2156E+01
 -16.017  0.3431E+01  0.2190E+01
 -16.007  0.3429E+01  0.2225E+01
 -15.997  0.3428E+01  0.2259E+01
 -15.987  0.3425E+01  0.2293E+01
 -15.977  0.3423E+01  0.2327E+01
 -15.967  0.3420E+01  0.2361E+01
 -15.957  0.3416E+01  0.2396E+01
 -15.947  0.3412E+01  0.2430E+01
 -15.937  0.3408E+01  0.2464E+01
 -15.927  0.3403E+01  0.2498E+01
 -15.917  0.3398E+01  0.2532E+01
 -15.907  0.3392E+01  0.2566E+01
 -15.897  0.3386E+01  0.2600E+01
 -15.887  0.3380E+01  0.2633E+01
 -15.877  0.3374E+01  0.2667E+01
 -15.867  0.3367E+01  0.2701E+01
 -15.857  0.3360E+01  0.2734E+01
 -15.847  0.3352E+01  0.2768E+01
 -15.837  0.3344E+01  0.2801E+01
 -15.827  0.3336E+01  0.2835E+01
 -15.817  0.3328E+01  0.2868E+01
 -15.807  0.3320E+01  0.2901E+01
 -15.797  0.3311E+01  0.2934E+01
 -15.787  0.3302E+01  0.2967E+01
 -15.777  0.3293E+01  0.3000E+01
 -15.767  0.3284E+01  0.3033E+01
 -15.757  0.3275E+01  0.3066E+01
 -15.747  0.3266E+01  0.3099E+01
 -15.737  0.3257E+01  0.3131E+01
 -15.727  0.3248E+01  0.3164E+01
 -15.717  0.3239E+01  0.3196E+01
 -15.707  0.3230E+01  0.3228E+01
 -15.697  0.3221E+01  0.3260E+01
 -15.687  0.3212E+01  0.3293E+01
 -15.677  0.3204E+01  0.3325E+01
 -15.667  0.3195E+01  0.3357E+01
 -15.657  0.3187E+01  0.3388E+01
 -15.647  0.3180E+01  0.3420E+01
 -15.637  0.3173E+01  0.3452E+01
 -15.627  0.3166E+01  0.3484E+01
 -15.617  0.3160E+01  0.3515E+01
 -15.607  0.3154E+01  0.3547E+01
 -15.597  0.3149E+01  0.3578E+01
 -15.587  0.3145E+01  0.3610E+01
 -15.577  0.3141E+01  0.3641E+01
 -15.567  0.3138E+01  0.3673E+01
 -15.557  0.3135E+01  0.3704E+01
 -15.547  0.3134E+01  0.3735E+01
 -15.537  0.3133E+01  0.3767E+01
 -15.527  0.3134E+01  0.3798E+01
 -15.517  0.3135E+01  0.3829E+01
 -15.507  0.3137E+01  0.3861E+01
 -15.497  0.3140E+01  0.3892E+01
 -15.487  0.3144E+01  0.3923E+01
 -15.477  0.3150E+01  0.3955E+01
 -15.467  0.3156E+01  0.3987E+01
 -15.457  0.3164E+01  0.4018E+01
 -15.447  0.3172E+01  0.4050E+01
 -15.437  0.3182E+01  0.4082E+01
 -15.427  0.3193E+01  0.4114E+01
 -15.417  0.3206E+01  0.4146E+01
 -15.407  0.3220E+01  0.4178E+01
 -15.397  0.3235E+01  0.4210E+01
 -15.387  0.3251E+01  0.4243E+01
 -15.377  0.3269E+01  0.4275E+01
 -15.367  0.3288E+01  0.4308E+01
 -15.357  0.3309E+01  0.4341E+01
 -15.347  0.3332E+01  0.4375E+01
 -15.337  0.3356E+01  0.4408E+01
 -15.327  0.3381E+01  0.4442E+01
 -15.317  0.3408E+01  0.4476E+01
 -15.307  0.3437E+01  0.4511E+01
 -15.297  0.3468E+01  0.4545E+01
 -15.287  0.3501E+01  0.4580E+01
 -15.277  0.3535E+01  0.4616E+01
 -15.267  0.3572E+01  0.4651E+01
 -15.257  0.3610E+01  0.4687E+01
 -15.247  0.3651E+01  0.4724E+01
 -15.237  0.3693E+01  0.4761E+01
 -15.227  0.3738E+01  0.4798E+01
 -15.217  0.3786E+01  0.4836E+01
 -15.207  0.3835E+01  0.4874E+01
 -15.197  0.3887E+01  0.4913E+01
 -15.187  0.3942E+01  0.4953E+01
 -15.177  0.3999E+01  0.4993E+01
 -15.167  0.4059E+01  0.5033E+01
 -15.157  0.4122E+01  0.5075E+01
 -15.147  0.4187E+01  0.5116E+01
 -15.137  0.4255E+01  0.5159E+01
 -15.127  0.4326E+01  0.5202E+01
 -15.117  0.4401E+01  0.5246E+01
 -15.107  0.4478E+01  0.5291E+01
 -15.097  0.4558E+01  0.5337E+01
 -15.087  0.4641E+01  0.5383E+01
 -15.077  0.4727E+01  0.5430E+01
 -15.067  0.4817E+01  0.5478E+01
 -15.057  0.4909E+01  0.5528E+01
 -15.047  0.5004E+01  0.5578E+01
 -15.037  0.5103E+01  0.5629E+01
 -15.027  0.5204E+01  0.5681E+01
 -15.017  0.5308E+01  0.5734E+01
 -15.007  0.5415E+01  0.5788E+01
 -14.997  0.5524E+01  0.5843E+01
 -14.987  0.5636E+01  0.5899E+01
 -14.977  0.5750E+01  0.5957E+01
 -14.967  0.5867E+01  0.6016E+01
 -14.957  0.5985E+01  0.6075E+01
 -14.947  0.6106E+01  0.6137E+01
 -14.937  0.6227E+01  0.6199E+01
 -14.927  0.6351E+01  0.6262E+01
 -14.917  0.6475E+01  0.6327E+01
 -14.907  0.6600E+01  0.6393E+01
 -14.897  0.6725E+01  0.6460E+01
 -14.887  0.6851E+01  0.6529E+01
 -14.877  0.6977E+01  0.6599E+01
 -14.867  0.7101E+01  0.6670E+01
 -14.857  0.7226E+01  0.6742E+01
 -14.847  0.7348E+01  0.6815E+01
 -14.837  0.7470E+01  0.6890E+01
 -14.827  0.7589E+01  0.6966E+01
 -14.817  0.7705E+01  0.7043E+01
 -14.807  0.7819E+01  0.7121E+01
 -14.797  0.7930E+01  0.7200E+01
 -14.787  0.8037E+01  0.7281E+01
 -14.777  0.8140E+01  0.7362E+01
 -14.767  0.8238E+01  0.7445E+01
 -14.757  0.8332E+01  0.7528E+01
 -14.747  0.8420E+01  0.7612E+01
 -14.737  0.8502E+01  0.7697E+01
 -14.727  0.8579E+01  0.7783E+01
 -14.717  0.8649E+01  0.7869E+01
 -14.707  0.8713E+01  0.7957E+01
 -14.697  0.8769E+01  0.8044E+01
 -14.687  0.8818E+01  0.8132E+01
 -14.677  0.8860E+01  0.8221E+01
 -14.667  0.8894E+01  0.8310E+01
 -14.657  0.8919E+01  0.8399E+01
 -14.647  0.8936E+01  0.8489E+01
 -14.637  0.8945E+01  0.8578E+01
 -14.627  0.8945E+01  0.8667E+01
 -14.617  0.8937E+01  0.8757E+01
 -14.607  0.8920E+01  0.8846E+01
 -14.597  0.8894E+01  0.8935E+01
 -14.587  0.8859E+01  0.9024E+01
 -14.577  0.8815E+01  0.9112E+01
 -14.567  0.8762E+01  0.9199E+01
 -14.557  0.8701E+01  0.9286E+01
 -14.547  0.8631E+01  0.9373E+01
 -14.537  0.8553E+01  0.9458E+01
 -14.527  0.8466E+01  0.9543E+01
 -14.517  0.8371E+01  0.9627E+01
 -14.507  0.8269E+01  0.9709E+01
 -14.497  0.8159E+01  0.9791E+01
 -14.487  0.8042E+01  0.9871E+01
 -14.477  0.7918E+01  0.9950E+01
 -14.467  0.7787E+01  0.1003E+02
 -14.457  0.7650E+01  0.1010E+02
 -14.447  0.7507E+01  0.1018E+02
 -14.437  0.7358E+01  0.1025E+02
 -14.427  0.7205E+01  0.1033E+02
 -14.417  0.7047E+01  0.1040E+02
 -14.407  0.6884E+01  0.1046E+02
 -14.397  0.6718E+01  0.1053E+02
 -14.387  0.6548E+01  0.1060E+02
 -14.377  0.6376E+01  0.1066E+02
 -14.367  0.6201E+01  0.1072E+02
 -14.357  0.6024E+01  0.1078E+02
 -14.347  0.5845E+01  0.1084E+02
 -14.337  0.5665E+01  0.1090E+02
 -14.327  0.5485E+01  0.1095E+02
 -14.317  0.5304E+01  0.1101E+02
 -14.307  0.5123E+01  0.1106E+02
 -14.297  0.4943E+01  0.1111E+02
 -14.287  0.4763E+01  0.1115E+02
 -14.277  0.4585E+01  0.1120E+02
 -14.267  0.4408E+01  0.1124E+02
 -14.257  0.4234E+01  0.1129E+02
 -14.247  0.4061E+01  0.1133E+02
 -14.237  0.3891E+01  0.1137E+02
 -14.227  0.3724E+01  0.1140E+02
 -14.217  0.3560E+01  0.1144E+02
 -14.207  0.3399E+01  0.1147E+02
 -14.197  0.3241E+01  0.1151E+02
 -14.187  0.3088E+01  0.1154E+02
 -14.177  0.2938E+01  0.1157E+02
 -14.167  0.2792E+01  0.1159E+02
 -14.157  0.2651E+01  0.1162E+02
 -14.147  0.2513E+01  0.1165E+02
 -14.137  0.2380E+01  0.1167E+02
 -14.127  0.2251E+01  0.1169E+02
 -14.117  0.2127E+01  0.1171E+02
 -14.107  0.2007E+01  0.1173E+02
 -14.097  0.1892E+01  0.1175E+02
 -14.087  0.1782E+01  0.1177E+02
 -14.077  0.1676E+01  0.1179E+02
 -14.067  0.1574E+01  0.1180E+02
 -14.057  0.1477E+01  0.1182E+02
 -14.047  0.1384E+01  0.1183E+02
 -14.037  0.1295E+01  0.1184E+02
 -14.027  0.1211E+01  0.1186E+02
 -14.017  0.1131E+01  0.1187E+02
 -14.007  0.1055E+01  0.1188E+02
 -13.997  0.9826E+00  0.1189E+02
 -13.987  0.9143E+00  0.1190E+02
 -13.977  0.8498E+00  0.1191E+02
 -13.967  0.7889E+00  0.1191E+02
 -13.957  0.7315E+00  0.1192E+02
 -13.947  0.6775E+00  0.1193E+02
 -13.937  0.6267E+00  0.1193E+02
 -13.927  0.5791E+00  0.1194E+02
 -13.917  0.5344E+00  0.1194E+02
 -13.907  0.4927E+00  0.1195E+02
 -13.897  0.4536E+00  0.1195E+02
 -13.887  0.4171E+00  0.1196E+02
 -13.877  0.3832E+00  0.1196E+02
 -13.867  0.3515E+00  0.1197E+02
 -13.857  0.3221E+00  0.1197E+02
 -13.847  0.2949E+00  0.1197E+02
 -13.837  0.2696E+00  0.1197E+02
 -13.827  0.2462E+00  0.1198E+02
 -13.817  0.2245E+00  0.1198E+02
 -13.807  0.2045E+00  0.1198E+02
 -13.797  0.1861E+00  0.1198E+02
 -13.787  0.1691E+00  0.1198E+02
 -13.777  0.1535E+00  0.1199E+02
 -13.767  0.1392E+00  0.1199E+02
 -13.757  0.1261E+00  0.1199E+02
 -13.747  0.1140E+00  0.1199E+02
 -13.737  0.1030E+00  0.1199E+02
 -13.727  0.9298E-01  0.1199E+02
 -13.717  0.8381E-01  0.1199E+02
 -13.707  0.7545E-01  0.1199E+02
 -13.697  0.6785E-01  0.1199E+02
 -13.687  0.6094E-01  0.1200E+02
 -13.677  0.5467E-01  0.1200E+02
 -13.667  0.4898E-01  0.1200E+02
 -13.657  0.4384E-01  0.1200E+02
 -13.647  0.3919E-01  0.1200E+02
 -13.637  0.3499E-01  0.1200E+02
 -13.627  0.3120E-01  0.1200E+02
 -13.617  0.2780E-01  0.1200E+02
 -13.607  0.2473E-01  0.1200E+02
 -13.597  0.2198E-01  0.1200E+02
 -13.587  0.1951E-01  0.1200E+02
 -13.577  0.1729E-01  0.1200E+02
 -13.567  0.1531E-01  0.1200E+02
 -13.557  0.1354E-01  0.1200E+02
 -13.547  0.1196E-01  0.1200E+02
 -13.537  0.1056E-01  0.1200E+02
 -13.527  0.9304E-02  0.1200E+02
 -13.517  0.8190E-02  0.1200E+02
 -13.507  0.7201E-02  0.1200E+02
 -13.497  0.6324E-02  0.1200E+02
 -13.487  0.5547E-02  0.1200E+02
 -13.477  0.4860E-02  0.1200E+02
 -13.467  0.4253E-02  0.1200E+02
 -13.457  0.3717E-02  0.1200E+02
 -13.447  0.3245E-02  0.1200E+02
 -13.437  0.2829E-02  0.1200E+02
 -13.427  0.2464E-02  0.1200E+02
 -13.417  0.2144E-02  0.1200E+02
 -13.407  0.1863E-02  0.1200E+02
 -13.397  0.1616E-02  0.1200E+02
 -13.387  0.1401E-02  0.1200E+02
 -13.377  0.1213E-02  0.1200E+02
 -13.367  0.1049E-02  0.1200E+02
 -13.357  0.9061E-03  0.1200E+02
 -13.347  0.7817E-03  0.1200E+02
 -13.337  0.6736E-03  0.1200E+02
 -13.327  0.5798E-03  0.1200E+02
 -13.317  0.4984E-03  0.1200E+02
 -13.307  0.4279E-03  0.1200E+02
 -13.297  0.3670E-03  0.1200E+02
 -13.287  0.3144E-03  0.1200E+02
 -13.277  0.2690E-03  0.1200E+02
 -13.267  0.2299E-03  0.1200E+02
 -13.257  0.1962E-03  0.1200E+02
 -13.247  0.1673E-03  0.1200E+02
 -13.237  0.1424E-03  0.1200E+02
 -13.227  0.1212E-03  0.1200E+02
 -13.217  0.1029E-03  0.1200E+02
 -13.207  0.8733E-04  0.1200E+02
 -13.197  0.7401E-04  0.1200E+02
 -13.187  0.6265E-04  0.1200E+02
 -13.177  0.5297E-04  0.1200E+02
 -13.167  0.4474E-04  0.1200E+02
 -13.157  0.3773E-04  0.1200E+02
 -13.147  0.3179E-04  0.1200E+02
 -13.137  0.2675E-04  0.1200E+02
 -13.127  0.2249E-04  0.1200E+02
 -13.117  0.1888E-04  0.1200E+02
 -13.107  0.1583E-04  0.1200E+02
 -13.097  0.1326E-04  0.1200E+02
 -13.087  0.1109E-04  0.1200E+02
 -13.077  0.9266E-05  0.1200E+02
 -13.067  0.7733E-05  0.1200E+02
 -13.057  0.6445E-05  0.1200E+02
 -13.047  0.5366E-05  0.1200E+02
 -13.037  0.4462E-05  0.1200E+02
 -13.027  0.3706E-05  0.1200E+02
 -13.017  0.3075E-05  0.1200E+02
 -13.007  0.2548E-05  0.1200E+02
 -12.997  0.2109E-05  0.1200E+02
 -12.987  0.1743E-05  0.1200E+02
 -12.977  0.1439E-05  0.1200E+02
 -12.967  0.1187E-05  0.1200E+02
 -12.957  0.9778E-06  0.1200E+02
 -12.947  0.8044E-06  0.1200E+02
 -12.937  0.6611E-06  0.1200E+02
 -12.927  0.5426E-06  0.1200E+02
 -12.917  0.4448E-06  0.1200E+02
 -12.907  0.3642E-06  0.1200E+02
 -12.897  0.2979E-06  0.1200E+02
 -12.887  0.2434E-06  0.1200E+02
 -12.877  0.1986E-06  0.1200E+02
 -12.867  0.1618E-06  0.1200E+02
 -12.857  0.1317E-06  0.1200E+02
 -12.847  0.1071E-06  0.1200E+02
 -12.837  0.8697E-07  0.1200E+02
 -12.827  0.7054E-07  0.1200E+02
 -12.817  0.5715E-07  0.1200E+02
 -12.807  0.4624E-07  0.1200E+02
 -12.797  0.3737E-07  0.1200E+02
 -12.787  0.3017E-07  0.1200E+02
 -12.777  0.2433E-07  0.1200E+02
 -12.767  0.1959E-07  0.1200E+02
 -12.757  0.1576E-07  0.1200E+02
 -12.747  0.1266E-07  0.1200E+02
 -12.737  0.1016E-07  0.1200E+02
 -12.727  0.8144E-08  0.1200E+02
 -12.717  0.6520E-08  0.1200E+02
 -12.707  0.5213E-08  0.1200E+02
 -12.697  0.4164E-08  0.1200E+02
 -12.687  0.3321E-08  0.1200E+02
 -12.677  0.2646E-08  0.1200E+02
 -12.667  0.2106E-08  0.1200E+02
 -12.657  0.1674E-08  0.1200E+02
 -12.647  0.1329E-08  0.1200E+02
 -12.637  0.1054E-08  0.1200E+02
 -12.627  0.8349E-09  0.1200E+02
 -12.617  0.6605E-09  0.1200E+02
 -12.607  0.5219E-09  0.1200E+02
 -12.597  0.4119E-09  0.1200E+02
 -12.587  0.3247E-09  0.1200E+02
 -12.577  0.2557E-09  0.1200E+02
 -12.567  0.2011E-09  0.1200E+02
 -12.557  0.1579E-09  0.1200E+02
 -12.547  0.1239E-09  0.1200E+02
 -12.537  0.9710E-10  0.1200E+02
 -12.527  0.7600E-10  0.1200E+02
 -12.517  0.5941E-10  0.1200E+02
 -12.507  0.4639E-10  0.1200E+02
 -12.497  0.3618E-10  0.1200E+02
 -12.487  0.2819E-10  0.1200E+02
 -12.477  0.2193E-10  0.1200E+02
 -12.467  0.1704E-10  0.1200E+02
 -12.457  0.1323E-10  0.1200E+02
 -12.447  0.1026E-10  0.1200E+02
 -12.437  0.7943E-11  0.1200E+02
 -12.427  0.6143E-11  0.1200E+02
 -12.417  0.4746E-11  0.1200E+02
 -12.407  0.3662E-11  0.1200E+02
 -12.397  0.2822E-11  0.1200E+02
 -12.387  0.2173E-11  0.1200E+02
 -12.377  0.1670E-11  0.1200E+02
 -12.367  0.1283E-11  0.1200E+02
 -12.357  0.9840E-12  0.1200E+02
 -12.347  0.7538E-12  0.1200E+02
 -12.337  0.5769E-12  0.1200E+02
 -12.327  0.4409E-12  0.1200E+02
 -12.317  0.3366E-12  0.1200E+02
 -12.307  0.2566E-12  0.1200E+02
 -12.297  0.1955E-12  0.1200E+02
 -12.287  0.1487E-12  0.1200E+02
 -12.277  0.1130E-12  0.1200E+02
 -12.267  0.8573E-13  0.1200E+02
 -12.257  0.6498E-13  0.1200E+02
 -12.247  0.4920E-13  0.1200E+02
 -12.237  0.3720E-13  0.1200E+02
 -12.227  0.2810E-13  0.1200E+02
 -12.217  0.2120E-13  0.1200E+02
 -12.207  0.1597E-13  0.1200E+02
 -12.197  0.1202E-13  0.1200E+02
 -12.187  0.9035E-14  0.1200E+02
 -12.177  0.6783E-14  0.1200E+02
 -12.167  0.5087E-14  0.1200E+02
 -12.157  0.3810E-14  0.1200E+02
 -12.147  0.2850E-14  0.1200E+02
 -12.137  0.2130E-14  0.1200E+02
 -12.127  0.1590E-14  0.1200E+02
 -12.117  0.1185E-14  0.1200E+02
 -12.107  0.8823E-15  0.1200E+02
 -12.097  0.6562E-15  0.1200E+02
 -12.087  0.4874E-15  0.1200E+02
 -12.077  0.3616E-15  0.1200E+02
 -12.067  0.2680E-15  0.1200E+02
 -12.057  0.1983E-15  0.1200E+02
 -12.047  0.1466E-15  0.1200E+02
 -12.037  0.1083E-15  0.1200E+02
 -12.027  0.7985E-16  0.1200E+02
 -12.017  0.5882E-16  0.1200E+02
 -12.007  0.4328E-16  0.1200E+02
 -11.997  0.3181E-16  0.1200E+02
 -11.987  0.2335E-16  0.1200E+02
 -11.977  0.1712E-16  0.1200E+02
 -11.967  0.1253E-16  0.1200E+02
 -11.957  0.9167E-17  0.1200E+02
 -11.947  0.6697E-17  0.1200E+02
 -11.937  0.4887E-17  0.1200E+02
 -11.927  0.3561E-17  0.1200E+02
 -11.917  0.2592E-17  0.1200E+02
 -11.907  0.1885E-17  0.1200E+02
 -11.897  0.1369E-17  0.1200E+02
 -11.887  0.9928E-18  0.1200E+02
 -11.877  0.7193E-18  0.1200E+02
 -11.867  0.5205E-18  0.1200E+02
 -11.857  0.3762E-18  0.1200E+02
 -11.847  0.2715E-18  0.1200E+02
 -11.837  0.1958E-18  0.1200E+02
 -11.827  0.1410E-18  0.1200E+02
 -11.817  0.1014E-18  0.1200E+02
 -11.807  0.7287E-19  0.1200E+02
 -11.797  0.5229E-19  0.1200E+02
 -11.787  0.3748E-19  0.1200E+02
 -11.777  0.2683E-19  0.1200E+02
 -11.767  0.1919E-19  0.1200E+02
 -11.757  0.1370E-19  0.1200E+02
 -11.747  0.9775E-20  0.1200E+02
 -11.737  0.6965E-20  0.1200E+02
 -11.727  0.4956E-20  0.1200E+02
 -11.717  0.3523E-20  0.1200E+02
 -11.707  0.2501E-20  0.1200E+02
 -11.697  0.1774E-20  0.1200E+02
 -11.687  0.1256E-20  0.1200E+02
 -11.677  0.8887E-21  0.1200E+02
 -11.667  0.6279E-21  0.1200E+02
 -11.657  0.4432E-21  0.1200E+02
 -11.647  0.3124E-21  0.1200E+02
 -11.637  0.2199E-21  0.1200E+02
 -11.627  0.1547E-21  0.1200E+02
 -11.617  0.1086E-21  0.1200E+02
 -11.607  0.7621E-22  0.1200E+02
 -11.597  0.5340E-22  0.1200E+02
 -11.587  0.3738E-22  0.1200E+02
 -11.577  0.2613E-22  0.1200E+02
 -11.567  0.1824E-22  0.1200E+02
 -11.557  0.1272E-22  0.1200E+02
 -11.547  0.8862E-23  0.1200E+02
 -11.537  0.6165E-23  0.1200E+02
 -11.527  0.4284E-23  0.1200E+02
 -11.517  0.2974E-23  0.1200E+02
 -11.507  0.2061E-23  0.1200E+02
 -11.497  0.1427E-23  0.1200E+02
 -11.487  0.9872E-24  0.1200E+02
 -11.477  0.6819E-24  0.1200E+02
 -11.467  0.4705E-24  0.1200E+02
 -11.457  0.3242E-24  0.1200E+02
 -11.447  0.2232E-24  0.1200E+02
 -11.437  0.1534E-24  0.1200E+02
 -11.427  0.1054E-24  0.1200E+02
 -11.417  0.7226E-25  0.1200E+02
 -11.407  0.4950E-25  0.1200E+02
 -11.397  0.3387E-25  0.1200E+02
 -11.387  0.2315E-25  0.1200E+02
 -11.377  0.1580E-25  0.1200E+02
 -11.367  0.1077E-25  0.1200E+02
 -11.357  0.7335E-26  0.1200E+02
 -11.347  0.4989E-26  0.1200E+02
 -11.337  0.3389E-26  0.1200E+02
 -11.327  0.2300E-26  0.1200E+02
 -11.317  0.1559E-26  0.1200E+02
 -11.307  0.1055E-26  0.1200E+02
 -11.297  0.7134E-27  0.1200E+02
 -11.287  0.4818E-27  0.1200E+02
 -11.277  0.3250E-27  0.1200E+02
 -11.267  0.2189E-27  0.1200E+02
 -11.257  0.1473E-27  0.1200E+02
 -11.247  0.9901E-28  0.1200E+02
 -11.237  0.6647E-28  0.1200E+02
 -11.227  0.4457E-28  0.1200E+02
 -11.217  0.2985E-28  0.1200E+02
 -11.207  0.1996E-28  0.1200E+02
 -11.197  0.1334E-28  0.1200E+02
 -11.187  0.8901E-29  0.1200E+02
 -11.177  0.5933E-29  0.1200E+02
 -11.167  0.3949E-29  0.1200E+02
 -11.157  0.2626E-29  0.1200E+02
 -11.147  0.1744E-29  0.1200E+02
 -11.137  0.1157E-29  0.1200E+02
 -11.127  0.7665E-30  0.1200E+02
 -11.117  0.5073E-30  0.1200E+02
 -11.107  0.3353E-30  0.1200E+02
 -11.097  0.2214E-30  0.1200E+02
 -11.087  0.1460E-30  0.1200E+02
 -11.077  0.9614E-31  0.1200E+02
 -11.067  0.6324E-31  0.1200E+02
 -11.057  0.4155E-31  0.1200E+02
 -11.047  0.2727E-31  0.1200E+02
 -11.037  0.1788E-31  0.1200E+02
 -11.027  0.1170E-31  0.1200E+02
 -11.017  0.7653E-32  0.1200E+02
 -11.007  0.4999E-32  0.1200E+02
 -10.997  0.3261E-32  0.1200E+02
 -10.987  0.2125E-32  0.1200E+02
 -10.977  0.1383E-32  0.1200E+02
 -10.967  0.8990E-33  0.1200E+02
 -10.957  0.5837E-33  0.1200E+02
 -10.947  0.3785E-33  0.1200E+02
 -10.937  0.2452E-33  0.1200E+02
 -10.927  0.1586E-33  0.1200E+02
 -10.917  0.1025E-33  0.1200E+02
 -10.907  0.6615E-34  0.1200E+02
 -10.897  0.4264E-34  0.1200E+02
 -10.887  0.2746E-34  0.1200E+02
 -10.877  0.1766E-34  0.1200E+02
 -10.867  0.1134E-34  0.1200E+02
 -10.857  0.7277E-35  0.1200E+02
 -10.847  0.4663E-35  0.1200E+02
 -10.837  0.2985E-35  0.1200E+02
 -10.827  0.1908E-35  0.1200E+02
 -10.817  0.1218E-35  0.1200E+02
 -10.807  0.7770E-36  0.1200E+02
 -10.797  0.4949E-36  0.1200E+02
 -10.787  0.3149E-36  0.1200E+02
 -10.777  0.2001E-36  0.1200E+02
 -10.767  0.1270E-36  0.1200E+02
 -10.757  0.8052E-37  0.1200E+02
 -10.747  0.5099E-37  0.1200E+02
 -10.737  0.3225E-37  0.1200E+02
 -10.727  0.2037E-37  0.1200E+02
 -10.717  0.1285E-37  0.1200E+02
 -10.707  0.8101E-38  0.1200E+02
 -10.697  0.5099E-38  0.1200E+02
 -10.687  0.3207E-38  0.1200E+02
 -10.677  0.2015E-38  0.1200E+02
 -10.667  0.1265E-38  0.1200E+02
 -10.657  0.7951E-39  0.1200E+02
 -10.647  0.5015E-39  0.1200E+02
 -10.637  0.3198E-39  0.1200E+02
 -10.627  0.2098E-39  0.1200E+02
 -10.617  0.1470E-39  0.1200E+02
 -10.607  0.1172E-39  0.1200E+02
 -10.597  0.1135E-39  0.1200E+02
 -10.587  0.1347E-39  0.1200E+02
 -10.577  0.1849E-39  0.1200E+02
 -10.567  0.2745E-39  0.1200E+02
 -10.557  0.4219E-39  0.1200E+02
 -10.547  0.6574E-39  0.1200E+02
 -10.537  0.1029E-38  0.1200E+02
 -10.527  0.1613E-38  0.1200E+02
 -10.517  0.2529E-38  0.1200E+02
 -10.507  0.3960E-38  0.1200E+02
 -10.497  0.6194E-38  0.1200E+02
 -10.487  0.9678E-38  0.1200E+02
 -10.477  0.1510E-37  0.1200E+02
 -10.467  0.2355E-37  0.1200E+02
 -10.457  0.3666E-37  0.1200E+02
 -10.447  0.5701E-37  0.1200E+02
 -10.437  0.8855E-37  0.1200E+02
 -10.427  0.1374E-36  0.1200E+02
 -10.417  0.2129E-36  0.1200E+02
 -10.407  0.3295E-36  0.1200E+02
 -10.397  0.5094E-36  0.1200E+02
 -10.387  0.7865E-36  0.1200E+02
 -10.377  0.1213E-35  0.1200E+02
 -10.367  0.1869E-35  0.1200E+02
 -10.357  0.2875E-35  0.1200E+02
 -10.347  0.4418E-35  0.1200E+02
 -10.337  0.6782E-35  0.1200E+02
 -10.327  0.1040E-34  0.1200E+02
 -10.317  0.1592E-34  0.1200E+02
 -10.307  0.2435E-34  0.1200E+02
 -10.297  0.3720E-34  0.1200E+02
 -10.287  0.5676E-34  0.1200E+02
 -10.277  0.8650E-34  0.1200E+02
 -10.267  0.1317E-33  0.1200E+02
 -10.257  0.2002E-33  0.1200E+02
 -10.247  0.3040E-33  0.1200E+02
 -10.237  0.4612E-33  0.1200E+02
 -10.227  0.6987E-33  0.1200E+02
 -10.217  0.1057E-32  0.1200E+02
 -10.207  0.1598E-32  0.1200E+02
 -10.197  0.2412E-32  0.1200E+02
 -10.187  0.3637E-32  0.1200E+02
 -10.177  0.5478E-32  0.1200E+02
 -10.167  0.8240E-32  0.1200E+02
 -10.157  0.1238E-31  0.1200E+02
 -10.147  0.1858E-31  0.1200E+02
 -10.137  0.2785E-31  0.1200E+02
 -10.127  0.4169E-31  0.1200E+02
 -10.117  0.6235E-31  0.1200E+02
 -10.107  0.9312E-31  0.1200E+02
 -10.097  0.1389E-30  0.1200E+02
 -10.087  0.2070E-30  0.1200E+02
 -10.077  0.3081E-30  0.1200E+02
 -10.067  0.4580E-30  0.1200E+02
 -10.057  0.6800E-30  0.1200E+02
 -10.047  0.1008E-29  0.1200E+02
 -10.037  0.1494E-29  0.1200E+02
 -10.027  0.2210E-29  0.1200E+02
 -10.017  0.3266E-29  0.1200E+02
 -10.007  0.4821E-29  0.1200E+02
  -9.997  0.7107E-29  0.1200E+02
  -9.987  0.1047E-28  0.1200E+02
  -9.977  0.1539E-28  0.1200E+02
  -9.967  0.2261E-28  0.1200E+02
  -9.957  0.3318E-28  0.1200E+02
  -9.947  0.4863E-28  0.1200E+02
  -9.937  0.7118E-28  0.1200E+02
  -9.927  0.1041E-27  0.1200E+02
  -9.917  0.1520E-27  0.1200E+02
  -9.907  0.2217E-27  0.1200E+02
  -9.897  0.3230E-27  0.1200E+02
  -9.887  0.4701E-27  0.1200E+02
  -9.877  0.6833E-27  0.1200E+02
  -9.867  0.9920E-27  0.1200E+02
  -9.857  0.1438E-26  0.1200E+02
  -9.847  0.2083E-26  0.1200E+02
  -9.837  0.3014E-26  0.1200E+02
  -9.827  0.4355E-26  0.1200E+02
  -9.817  0.6286E-26  0.1200E+02
  -9.807  0.9061E-26  0.1200E+02
  -9.797  0.1305E-25  0.1200E+02
  -9.787  0.1876E-25  0.1200E+02
  -9.777  0.2695E-25  0.1200E+02
  -9.767  0.3867E-25  0.1200E+02
  -9.757  0.5542E-25  0.1200E+02
  -9.747  0.7933E-25  0.1200E+02
  -9.737  0.1134E-24  0.1200E+02
  -9.727  0.1620E-24  0.1200E+02
  -9.717  0.2310E-24  0.1200E+02
  -9.707  0.3291E-24  0.1200E+02
  -9.697  0.4683E-24  0.1200E+02
  -9.687  0.6657E-24  0.1200E+02
  -9.677  0.9450E-24  0.1200E+02
  -9.667  0.1340E-23  0.1200E+02
  -9.657  0.1898E-23  0.1200E+02
  -9.647  0.2685E-23  0.1200E+02
  -9.637  0.3794E-23  0.1200E+02
  -9.627  0.5354E-23  0.1200E+02
  -9.617  0.7548E-23  0.1200E+02
  -9.607  0.1063E-22  0.1200E+02
  -9.597  0.1495E-22  0.1200E+02
  -9.587  0.2099E-22  0.1200E+02
  -9.577  0.2946E-22  0.1200E+02
  -9.567  0.4128E-22  0.1200E+02
  -9.557  0.5779E-22  0.1200E+02
  -9.547  0.8079E-22  0.1200E+02
  -9.537  0.1128E-21  0.1200E+02
  -9.527  0.1574E-21  0.1200E+02
  -9.517  0.2193E-21  0.1200E+02
  -9.507  0.3051E-21  0.1200E+02
  -9.497  0.4241E-21  0.1200E+02
  -9.487  0.5888E-21  0.1200E+02
  -9.477  0.8166E-21  0.1200E+02
  -9.467  0.1131E-20  0.1200E+02
  -9.457  0.1565E-20  0.1200E+02
  -9.447  0.2162E-20  0.1200E+02
  -9.437  0.2984E-20  0.1200E+02
  -9.427  0.4114E-20  0.1200E+02
  -9.417  0.5666E-20  0.1200E+02
  -9.407  0.7793E-20  0.1200E+02
  -9.397  0.1071E-19  0.1200E+02
  -9.387  0.1469E-19  0.1200E+02
  -9.377  0.2013E-19  0.1200E+02
  -9.367  0.2756E-19  0.1200E+02
  -9.357  0.3769E-19  0.1200E+02
  -9.347  0.5148E-19  0.1200E+02
  -9.337  0.7023E-19  0.1200E+02
  -9.327  0.9570E-19  0.1200E+02
  -9.317  0.1302E-18  0.1200E+02
  -9.307  0.1771E-18  0.1200E+02
  -9.297  0.2404E-18  0.1200E+02
  -9.287  0.3261E-18  0.1200E+02
  -9.277  0.4418E-18  0.1200E+02
  -9.267  0.5978E-18  0.1200E+02
  -9.257  0.8079E-18  0.1200E+02
  -9.247  0.1091E-17  0.1200E+02
  -9.237  0.1471E-17  0.1200E+02
  -9.227  0.1981E-17  0.1200E+02
  -9.217  0.2665E-17  0.1200E+02
  -9.207  0.3581E-17  0.1200E+02
  -9.197  0.4806E-17  0.1200E+02
  -9.187  0.6443E-17  0.1200E+02
  -9.177  0.8627E-17  0.1200E+02
  -9.167  0.1154E-16  0.1200E+02
  -9.157  0.1541E-16  0.1200E+02
  -9.147  0.2057E-16  0.1200E+02
  -9.137  0.2741E-16  0.1200E+02
  -9.127  0.3650E-16  0.1200E+02
  -9.117  0.4853E-16  0.1200E+02
  -9.107  0.6446E-16  0.1200E+02
  -9.097  0.8552E-16  0.1200E+02
  -9.087  0.1133E-15  0.1200E+02
  -9.077  0.1500E-15  0.1200E+02
  -9.067  0.1983E-15  0.1200E+02
  -9.057  0.2619E-15  0.1200E+02
  -9.047  0.3454E-15  0.1200E+02
  -9.037  0.4551E-15  0.1200E+02
  -9.027  0.5989E-15  0.1200E+02
  -9.017  0.7872E-15  0.1200E+02
  -9.007  0.1034E-14  0.1200E+02
  -8.997  0.1355E-14  0.1200E+02
  -8.987  0.1775E-14  0.1200E+02
  -8.977  0.2323E-14  0.1200E+02
  -8.967  0.3036E-14  0.1200E+02
  -8.957  0.3963E-14  0.1200E+02
  -8.947  0.5167E-14  0.1200E+02
  -8.937  0.6729E-14  0.1200E+02
  -8.927  0.8754E-14  0.1200E+02
  -8.917  0.1137E-13  0.1200E+02
  -8.907  0.1476E-13  0.1200E+02
  -8.897  0.1914E-13  0.1200E+02
  -8.887  0.2478E-13  0.1200E+02
  -8.877  0.3205E-13  0.1200E+02
  -8.867  0.4141E-13  0.1200E+02
  -8.857  0.5343E-13  0.1200E+02
  -8.847  0.6887E-13  0.1200E+02
  -8.837  0.8867E-13  0.1200E+02
  -8.827  0.1140E-12  0.1200E+02
  -8.817  0.1465E-12  0.1200E+02
  -8.807  0.1879E-12  0.1200E+02
  -8.797  0.2408E-12  0.1200E+02
  -8.787  0.3083E-12  0.1200E+02
  -8.777  0.3942E-12  0.1200E+02
  -8.767  0.5035E-12  0.1200E+02
  -8.757  0.6423E-12  0.1200E+02
  -8.747  0.8184E-12  0.1200E+02
  -8.737  0.1042E-11  0.1200E+02
  -8.727  0.1324E-11  0.1200E+02
  -8.717  0.1682E-11  0.1200E+02
  -8.707  0.2133E-11  0.1200E+02
  -8.697  0.2702E-11  0.1200E+02
  -8.687  0.3420E-11  0.1200E+02
  -8.677  0.4323E-11  0.1200E+02
  -8.667  0.5458E-11  0.1200E+02
  -8.657  0.6884E-11  0.1200E+02
  -8.647  0.8672E-11  0.1200E+02
  -8.637  0.1091E-10  0.1200E+02
  -8.627  0.1372E-10  0.1200E+02
  -8.617  0.1722E-10  0.1200E+02
  -8.607  0.2159E-10  0.1200E+02
  -8.597  0.2705E-10  0.1200E+02
  -8.587  0.3384E-10  0.1200E+02
  -8.577  0.4229E-10  0.1200E+02
  -8.567  0.5279E-10  0.1200E+02
  -8.557  0.6582E-10  0.1200E+02
  -8.547  0.8198E-10  0.1200E+02
  -8.537  0.1020E-09  0.1200E+02
  -8.527  0.1267E-09  0.1200E+02
  -8.517  0.1573E-09  0.1200E+02
  -8.507  0.1950E-09  0.1200E+02
  -8.497  0.2415E-09  0.1200E+02
  -8.487  0.2988E-09  0.1200E+02
  -8.477  0.3691E-09  0.1200E+02
  -8.467  0.4556E-09  0.1200E+02
  -8.457  0.5617E-09  0.1200E+02
  -8.447  0.6916E-09  0.1200E+02
  -8.437  0.8507E-09  0.1200E+02
  -8.427  0.1045E-08  0.1200E+02
  -8.417  0.1283E-08  0.1200E+02
  -8.407  0.1572E-08  0.1200E+02
  -8.397  0.1925E-08  0.1200E+02
  -8.387  0.2355E-08  0.1200E+02
  -8.377  0.2877E-08  0.1200E+02
  -8.367  0.3510E-08  0.1200E+02
  -8.357  0.4279E-08  0.1200E+02
  -8.347  0.5210E-08  0.1200E+02
  -8.337  0.6336E-08  0.1200E+02
  -8.327  0.7697E-08  0.1200E+02
  -8.317  0.9340E-08  0.1200E+02
  -8.307  0.1132E-07  0.1200E+02
  -8.297  0.1371E-07  0.1200E+02
  -8.287  0.1657E-07  0.1200E+02
  -8.277  0.2002E-07  0.1200E+02
  -8.267  0.2416E-07  0.1200E+02
  -8.257  0.2912E-07  0.1200E+02
  -8.247  0.3505E-07  0.1200E+02
  -8.237  0.4215E-07  0.1200E+02
  -8.227  0.5063E-07  0.1200E+02
  -8.217  0.6075E-07  0.1200E+02
  -8.207  0.7281E-07  0.1200E+02
  -8.197  0.8717E-07  0.1200E+02
  -8.187  0.1042E-06  0.1200E+02
  -8.177  0.1245E-06  0.1200E+02
  -8.167  0.1486E-06  0.1200E+02
  -8.157  0.1770E-06  0.1200E+02
  -8.147  0.2108E-06  0.1200E+02
  -8.137  0.2506E-06  0.1200E+02
  -8.127  0.2977E-06  0.1200E+02
  -8.117  0.3532E-06  0.1200E+02
  -8.107  0.4186E-06  0.1200E+02
  -8.097  0.4955E-06  0.1200E+02
  -8.087  0.5860E-06  0.1200E+02
  -8.077  0.6921E-06  0.1200E+02
  -8.067  0.8166E-06  0.1200E+02
  -8.057  0.9624E-06  0.1200E+02
  -8.047  0.1133E-05  0.1200E+02
  -8.037  0.1332E-05  0.1200E+02
  -8.027  0.1565E-05  0.1200E+02
  -8.017  0.1836E-05  0.1200E+02
  -8.007  0.2152E-05  0.1200E+02
  -7.997  0.2519E-05  0.1200E+02
  -7.987  0.2946E-05  0.1200E+02
  -7.977  0.3442E-05  0.1200E+02
  -7.967  0.4016E-05  0.1200E+02
  -7.957  0.4680E-05  0.1200E+02
  -7.947  0.5449E-05  0.1200E+02
  -7.937  0.6337E-05  0.1200E+02
  -7.927  0.7362E-05  0.1200E+02
  -7.917  0.8542E-05  0.1200E+02
  -7.907  0.9901E-05  0.1200E+02
  -7.897  0.1146E-04  0.1200E+02
  -7.887  0.1326E-04  0.1200E+02
  -7.877  0.1532E-04  0.1200E+02
  -7.867  0.1768E-04  0.1200E+02
  -7.857  0.2038E-04  0.1200E+02
  -7.847  0.2346E-04  0.1200E+02
  -7.837  0.2699E-04  0.1200E+02
  -7.827  0.3101E-04  0.1200E+02
  -7.817  0.3559E-04  0.1200E+02
  -7.807  0.4080E-04  0.1200E+02
  -7.797  0.4672E-04  0.1200E+02
  -7.787  0.5345E-04  0.1200E+02
  -7.777  0.6107E-04  0.1200E+02
  -7.767  0.6971E-04  0.1200E+02
  -7.757  0.7949E-04  0.1200E+02
  -7.747  0.9053E-04  0.1200E+02
  -7.737  0.1030E-03  0.1200E+02
  -7.727  0.1171E-03  0.1200E+02
  -7.717  0.1329E-03  0.1200E+02
  -7.707  0.1507E-03  0.1200E+02
  -7.697  0.1707E-03  0.1200E+02
  -7.687  0.1932E-03  0.1200E+02
  -7.677  0.2184E-03  0.1200E+02
  -7.667  0.2466E-03  0.1200E+02
  -7.657  0.2781E-03  0.1200E+02
  -7.647  0.3134E-03  0.1200E+02
  -7.637  0.3527E-03  0.1200E+02
  -7.627  0.3966E-03  0.1200E+02
  -7.617  0.4454E-03  0.1200E+02
  -7.607  0.4997E-03  0.1200E+02
  -7.597  0.5600E-03  0.1200E+02
  -7.587  0.6270E-03  0.1200E+02
  -7.577  0.7012E-03  0.1200E+02
  -7.567  0.7834E-03  0.1200E+02
  -7.557  0.8742E-03  0.1200E+02
  -7.547  0.9746E-03  0.1200E+02
  -7.537  0.1085E-02  0.1200E+02
  -7.527  0.1207E-02  0.1200E+02
  -7.517  0.1342E-02  0.1200E+02
  -7.507  0.1490E-02  0.1200E+02
  -7.497  0.1652E-02  0.1200E+02
  -7.487  0.1830E-02  0.1200E+02
  -7.477  0.2026E-02  0.1200E+02
  -7.467  0.2239E-02  0.1200E+02
  -7.457  0.2473E-02  0.1200E+02
  -7.447  0.2729E-02  0.1200E+02
  -7.437  0.3008E-02  0.1200E+02
  -7.427  0.3311E-02  0.1200E+02
  -7.417  0.3642E-02  0.1200E+02
  -7.407  0.4002E-02  0.1200E+02
  -7.397  0.4393E-02  0.1200E+02
  -7.387  0.4817E-02  0.1200E+02
  -7.377  0.5277E-02  0.1200E+02
  -7.367  0.5775E-02  0.1200E+02
  -7.357  0.6313E-02  0.1200E+02
  -7.347  0.6895E-02  0.1200E+02
  -7.337  0.7523E-02  0.1200E+02
  -7.327  0.8200E-02  0.1200E+02
  -7.317  0.8930E-02  0.1200E+02
  -7.307  0.9714E-02  0.1200E+02
  -7.297  0.1056E-01  0.1200E+02
  -7.287  0.1146E-01  0.1200E+02
  -7.277  0.1243E-01  0.1200E+02
  -7.267  0.1347E-01  0.1200E+02
  -7.257  0.1459E-01  0.1200E+02
  -7.247  0.1578E-01  0.1200E+02
  -7.237  0.1705E-01  0.1200E+02
  -7.227  0.1840E-01  0.1200E+02
  -7.217  0.1985E-01  0.1200E+02
  -7.207  0.2138E-01  0.1200E+02
  -7.197  0.2302E-01  0.1200E+02
  -7.187  0.2476E-01  0.1200E+02
  -7.177  0.2660E-01  0.1200E+02
  -7.167  0.2855E-01  0.1200E+02
  -7.157  0.3062E-01  0.1200E+02
  -7.147  0.3282E-01  0.1200E+02
  -7.137  0.3513E-01  0.1200E+02
  -7.127  0.3758E-01  0.1201E+02
  -7.117  0.4016E-01  0.1201E+02
  -7.107  0.4288E-01  0.1201E+02
  -7.097  0.4574E-01  0.1201E+02
  -7.087  0.4876E-01  0.1201E+02
  -7.077  0.5193E-01  0.1201E+02
  -7.067  0.5525E-01  0.1201E+02
  -7.057  0.5874E-01  0.1201E+02
  -7.047  0.6240E-01  0.1201E+02
  -7.037  0.6623E-01  0.1201E+02
  -7.027  0.7023E-01  0.1201E+02
  -7.017  0.7442E-01  0.1201E+02
  -7.007  0.7880E-01  0.1201E+02
  -6.997  0.8336E-01  0.1201E+02
  -6.987  0.8812E-01  0.1201E+02
  -6.977  0.9308E-01  0.1201E+02
  -6.967  0.9824E-01  0.1202E+02
  -6.957  0.1036E+00  0.1202E+02
  -6.947  0.1092E+00  0.1202E+02
  -6.937  0.1150E+00  0.1202E+02
  -6.927  0.1210E+00  0.1202E+02
  -6.917  0.1272E+00  0.1202E+02
  -6.907  0.1337E+00  0.1202E+02
  -6.897  0.1404E+00  0.1202E+02
  -6.887  0.1473E+00  0.1203E+02
  -6.877  0.1545E+00  0.1203E+02
  -6.867  0.1619E+00  0.1203E+02
  -6.857  0.1695E+00  0.1203E+02
  -6.847  0.1774E+00  0.1203E+02
  -6.837  0.1855E+00  0.1203E+02
  -6.827  0.1939E+00  0.1204E+02
  -6.817  0.2025E+00  0.1204E+02
  -6.807  0.2114E+00  0.1204E+02
  -6.797  0.2206E+00  0.1204E+02
  -6.787  0.2300E+00  0.1204E+02
  -6.777  0.2397E+00  0.1205E+02
  -6.767  0.2497E+00  0.1205E+02
  -6.757  0.2599E+00  0.1205E+02
  -6.747  0.2705E+00  0.1205E+02
  -6.737  0.2813E+00  0.1206E+02
  -6.727  0.2923E+00  0.1206E+02
  -6.717  0.3037E+00  0.1206E+02
  -6.707  0.3154E+00  0.1207E+02
  -6.697  0.3274E+00  0.1207E+02
  -6.687  0.3397E+00  0.1207E+02
  -6.677  0.3523E+00  0.1208E+02
  -6.667  0.3652E+00  0.1208E+02
  -6.657  0.3784E+00  0.1208E+02
  -6.647  0.3920E+00  0.1209E+02
  -6.637  0.4059E+00  0.1209E+02
  -6.627  0.4202E+00  0.1210E+02
  -6.617  0.4348E+00  0.1210E+02
  -6.607  0.4498E+00  0.1211E+02
  -6.597  0.4651E+00  0.1211E+02
  -6.587  0.4808E+00  0.1211E+02
  -6.577  0.4969E+00  0.1212E+02
  -6.567  0.5134E+00  0.1213E+02
  -6.557  0.5303E+00  0.1213E+02
  -6.547  0.5476E+00  0.1214E+02
  -6.537  0.5653E+00  0.1214E+02
  -6.527  0.5835E+00  0.1215E+02
  -6.517  0.6021E+00  0.1215E+02
  -6.507  0.6211E+00  0.1216E+02
  -6.497  0.6407E+00  0.1217E+02
  -6.487  0.6606E+00  0.1217E+02
  -6.477  0.6811E+00  0.1218E+02
  -6.467  0.7020E+00  0.1219E+02
  -6.457  0.7234E+00  0.1219E+02
  -6.447  0.7454E+00  0.1220E+02
  -6.437  0.7678E+00  0.1221E+02
  -6.427  0.7907E+00  0.1222E+02
  -6.417  0.8142E+00  0.1222E+02
  -6.407  0.8382E+00  0.1223E+02
  -6.397  0.8627E+00  0.1224E+02
  -6.387  0.8877E+00  0.1225E+02
  -6.377  0.9133E+00  0.1226E+02
  -6.367  0.9393E+00  0.1227E+02
  -6.357  0.9659E+00  0.1228E+02
  -6.347  0.9930E+00  0.1229E+02
  -6.337  0.1021E+01  0.1230E+02
  -6.327  0.1049E+01  0.1231E+02
  -6.317  0.1077E+01  0.1232E+02
  -6.307  0.1106E+01  0.1233E+02
  -6.297  0.1136E+01  0.1234E+02
  -6.287  0.1166E+01  0.1235E+02
  -6.277  0.1196E+01  0.1237E+02
  -6.267  0.1227E+01  0.1238E+02
  -6.257  0.1258E+01  0.1239E+02
  -6.247  0.1289E+01  0.1240E+02
  -6.237  0.1321E+01  0.1242E+02
  -6.227  0.1353E+01  0.1243E+02
  -6.217  0.1385E+01  0.1244E+02
  -6.207  0.1418E+01  0.1246E+02
  -6.197  0.1450E+01  0.1247E+02
  -6.187  0.1483E+01  0.1249E+02
  -6.177  0.1516E+01  0.1250E+02
  -6.167  0.1548E+01  0.1252E+02
  -6.157  0.1581E+01  0.1253E+02
  -6.147  0.1613E+01  0.1255E+02
  -6.137  0.1646E+01  0.1257E+02
  -6.127  0.1678E+01  0.1258E+02
  -6.117  0.1709E+01  0.1260E+02
  -6.107  0.1741E+01  0.1262E+02
  -6.097  0.1772E+01  0.1264E+02
  -6.087  0.1802E+01  0.1265E+02
  -6.077  0.1832E+01  0.1267E+02
  -6.067  0.1861E+01  0.1269E+02
  -6.057  0.1890E+01  0.1271E+02
  -6.047  0.1918E+01  0.1273E+02
  -6.037  0.1945E+01  0.1275E+02
  -6.027  0.1971E+01  0.1277E+02
  -6.017  0.1996E+01  0.1279E+02
  -6.007  0.2020E+01  0.1281E+02
  -5.997  0.2043E+01  0.1283E+02
  -5.987  0.2064E+01  0.1285E+02
  -5.977  0.2085E+01  0.1287E+02
  -5.967  0.2104E+01  0.1289E+02
  -5.957  0.2122E+01  0.1291E+02
  -5.947  0.2138E+01  0.1293E+02
  -5.937  0.2153E+01  0.1296E+02
  -5.927  0.2167E+01  0.1298E+02
  -5.917  0.2179E+01  0.1300E+02
  -5.907  0.2189E+01  0.1302E+02
  -5.897  0.2198E+01  0.1304E+02
  -5.887  0.2205E+01  0.1306E+02
  -5.877  0.2210E+01  0.1309E+02
  -5.867  0.2214E+01  0.1311E+02
  -5.857  0.2216E+01  0.1313E+02
  -5.847  0.2217E+01  0.1315E+02
  -5.837  0.2215E+01  0.1318E+02
  -5.827  0.2212E+01  0.1320E+02
  -5.817  0.2208E+01  0.1322E+02
  -5.807  0.2201E+01  0.1324E+02
  -5.797  0.2193E+01  0.1326E+02
  -5.787  0.2183E+01  0.1329E+02
  -5.777  0.2172E+01  0.1331E+02
  -5.767  0.2159E+01  0.1333E+02
  -5.757  0.2145E+01  0.1335E+02
  -5.747  0.2129E+01  0.1337E+02
  -5.737  0.2112E+01  0.1339E+02
  -5.727  0.2093E+01  0.1341E+02
  -5.717  0.2073E+01  0.1343E+02
  -5.707  0.2052E+01  0.1346E+02
  -5.697  0.2030E+01  0.1348E+02
  -5.687  0.2007E+01  0.1350E+02
  -5.677  0.1982E+01  0.1352E+02
  -5.667  0.1957E+01  0.1353E+02
  -5.657  0.1931E+01  0.1355E+02
  -5.647  0.1904E+01  0.1357E+02
  -5.637  0.1876E+01  0.1359E+02
  -5.627  0.1848E+01  0.1361E+02
  -5.617  0.1819E+01  0.1363E+02
  -5.607  0.1790E+01  0.1365E+02
  -5.597  0.1761E+01  0.1366E+02
  -5.587  0.1731E+01  0.1368E+02
  -5.577  0.1702E+01  0.1370E+02
  -5.567  0.1672E+01  0.1372E+02
  -5.557  0.1643E+01  0.1373E+02
  -5.547  0.1613E+01  0.1375E+02
  -5.537  0.1584E+01  0.1376E+02
  -5.527  0.1555E+01  0.1378E+02
  -5.517  0.1527E+01  0.1379E+02
  -5.507  0.1499E+01  0.1381E+02
  -5.497  0.1471E+01  0.1382E+02
  -5.487  0.1445E+01  0.1384E+02
  -5.477  0.1419E+01  0.1385E+02
  -5.467  0.1394E+01  0.1387E+02
  -5.457  0.1370E+01  0.1388E+02
  -5.447  0.1347E+01  0.1389E+02
  -5.437  0.1324E+01  0.1391E+02
  -5.427  0.1303E+01  0.1392E+02
  -5.417  0.1283E+01  0.1393E+02
  -5.407  0.1265E+01  0.1395E+02
  -5.397  0.1247E+01  0.1396E+02
  -5.387  0.1231E+01  0.1397E+02
  -5.377  0.1216E+01  0.1398E+02
  -5.367  0.1202E+01  0.1399E+02
  -5.357  0.1190E+01  0.1401E+02
  -5.347  0.1179E+01  0.1402E+02
  -5.337  0.1170E+01  0.1403E+02
  -5.327  0.1162E+01  0.1404E+02
  -5.317  0.1156E+01  0.1405E+02
  -5.307  0.1151E+01  0.1406E+02
  -5.297  0.1147E+01  0.1408E+02
  -5.287  0.1145E+01  0.1409E+02
  -5.277  0.1145E+01  0.1410E+02
  -5.267  0.1146E+01  0.1411E+02
  -5.257  0.1148E+01  0.1412E+02
  -5.247  0.1152E+01  0.1413E+02
  -5.237  0.1157E+01  0.1414E+02
  -5.227  0.1164E+01  0.1416E+02
  -5.217  0.1172E+01  0.1417E+02
  -5.207  0.1181E+01  0.1418E+02
  -5.197  0.1192E+01  0.1419E+02
  -5.187  0.1204E+01  0.1420E+02
  -5.177  0.1217E+01  0.1422E+02
  -5.167  0.1232E+01  0.1423E+02
  -5.157  0.1247E+01  0.1424E+02
  -5.147  0.1264E+01  0.1425E+02
  -5.137  0.1282E+01  0.1427E+02
  -5.127  0.1301E+01  0.1428E+02
  -5.117  0.1320E+01  0.1429E+02
  -5.107  0.1341E+01  0.1431E+02
  -5.097  0.1362E+01  0.1432E+02
  -5.087  0.1384E+01  0.1433E+02
  -5.077  0.1407E+01  0.1435E+02
  -5.067  0.1431E+01  0.1436E+02
  -5.057  0.1455E+01  0.1438E+02
  -5.047  0.1479E+01  0.1439E+02
  -5.037  0.1504E+01  0.1441E+02
  -5.027  0.1529E+01  0.1442E+02
  -5.017  0.1555E+01  0.1444E+02
  -5.007  0.1581E+01  0.1445E+02
  -4.997  0.1606E+01  0.1447E+02
  -4.987  0.1632E+01  0.1449E+02
  -4.977  0.1658E+01  0.1450E+02
  -4.967  0.1684E+01  0.1452E+02
  -4.957  0.1709E+01  0.1454E+02
  -4.947  0.1734E+01  0.1455E+02
  -4.937  0.1759E+01  0.1457E+02
  -4.927  0.1784E+01  0.1459E+02
  -4.917  0.1808E+01  0.1461E+02
  -4.907  0.1831E+01  0.1463E+02
  -4.897  0.1854E+01  0.1464E+02
  -4.887  0.1876E+01  0.1466E+02
  -4.877  0.1897E+01  0.1468E+02
  -4.867  0.1917E+01  0.1470E+02
  -4.857  0.1937E+01  0.1472E+02
  -4.847  0.1955E+01  0.1474E+02
  -4.837  0.1972E+01  0.1476E+02
  -4.827  0.1989E+01  0.1478E+02
  -4.817  0.2004E+01  0.1480E+02
  -4.807  0.2018E+01  0.1482E+02
  -4.797  0.2031E+01  0.1484E+02
  -4.787  0.2043E+01  0.1486E+02
  -4.777  0.2053E+01  0.1488E+02
  -4.767  0.2062E+01  0.1490E+02
  -4.757  0.2070E+01  0.1492E+02
  -4.747  0.2076E+01  0.1494E+02
  -4.737  0.2081E+01  0.1496E+02
  -4.727  0.2084E+01  0.1498E+02
  -4.717  0.2087E+01  0.1501E+02
  -4.707  0.2087E+01  0.1503E+02
  -4.697  0.2087E+01  0.1505E+02
  -4.687  0.2085E+01  0.1507E+02
  -4.677  0.2082E+01  0.1509E+02
  -4.667  0.2078E+01  0.1511E+02
  -4.657  0.2072E+01  0.1513E+02
  -4.647  0.2065E+01  0.1515E+02
  -4.637  0.2057E+01  0.1517E+02
  -4.627  0.2047E+01  0.1519E+02
  -4.617  0.2037E+01  0.1521E+02
  -4.607  0.2025E+01  0.1523E+02
  -4.597  0.2013E+01  0.1525E+02
  -4.587  0.1999E+01  0.1527E+02
  -4.577  0.1985E+01  0.1529E+02
  -4.567  0.1970E+01  0.1531E+02
  -4.557  0.1954E+01  0.1533E+02
  -4.547  0.1937E+01  0.1535E+02
  -4.537  0.1920E+01  0.1537E+02
  -4.527  0.1902E+01  0.1539E+02
  -4.517  0.1884E+01  0.1541E+02
  -4.507  0.1865E+01  0.1543E+02
  -4.497  0.1847E+01  0.1545E+02
  -4.487  0.1827E+01  0.1546E+02
  -4.477  0.1808E+01  0.1548E+02
  -4.467  0.1789E+01  0.1550E+02
  -4.457  0.1770E+01  0.1552E+02
  -4.447  0.1751E+01  0.1553E+02
  -4.437  0.1732E+01  0.1555E+02
  -4.427  0.1713E+01  0.1557E+02
  -4.417  0.1695E+01  0.1559E+02
  -4.407  0.1677E+01  0.1560E+02
  -4.397  0.1659E+01  0.1562E+02
  -4.387  0.1643E+01  0.1564E+02
  -4.377  0.1626E+01  0.1565E+02
  -4.367  0.1611E+01  0.1567E+02
  -4.357  0.1596E+01  0.1568E+02
  -4.347  0.1582E+01  0.1570E+02
  -4.337  0.1569E+01  0.1572E+02
  -4.327  0.1557E+01  0.1573E+02
  -4.317  0.1545E+01  0.1575E+02
  -4.307  0.1535E+01  0.1576E+02
  -4.297  0.1526E+01  0.1578E+02
  -4.287  0.1518E+01  0.1579E+02
  -4.277  0.1511E+01  0.1581E+02
  -4.267  0.1505E+01  0.1582E+02
  -4.257  0.1500E+01  0.1584E+02
  -4.247  0.1496E+01  0.1585E+02
  -4.237  0.1494E+01  0.1587E+02
  -4.227  0.1492E+01  0.1588E+02
  -4.217  0.1492E+01  0.1590E+02
  -4.207  0.1493E+01  0.1591E+02
  -4.197  0.1495E+01  0.1593E+02
  -4.187  0.1498E+01  0.1594E+02
  -4.177  0.1503E+01  0.1596E+02
  -4.167  0.1508E+01  0.1597E+02
  -4.157  0.1515E+01  0.1599E+02
  -4.147  0.1522E+01  0.1600E+02
  -4.137  0.1531E+01  0.1602E+02
  -4.127  0.1541E+01  0.1603E+02
  -4.117  0.1551E+01  0.1605E+02
  -4.107  0.1563E+01  0.1606E+02
  -4.097  0.1575E+01  0.1608E+02
  -4.087  0.1588E+01  0.1610E+02
  -4.077  0.1602E+01  0.1611E+02
  -4.067  0.1616E+01  0.1613E+02
  -4.057  0.1632E+01  0.1614E+02
  -4.047  0.1647E+01  0.1616E+02
  -4.037  0.1663E+01  0.1618E+02
  -4.027  0.1680E+01  0.1619E+02
  -4.017  0.1697E+01  0.1621E+02
  -4.007  0.1715E+01  0.1623E+02
  -3.997  0.1732E+01  0.1625E+02
  -3.987  0.1750E+01  0.1626E+02
  -3.977  0.1768E+01  0.1628E+02
  -3.967  0.1786E+01  0.1630E+02
  -3.957  0.1804E+01  0.1632E+02
  -3.947  0.1823E+01  0.1634E+02
  -3.937  0.1841E+01  0.1635E+02
  -3.927  0.1858E+01  0.1637E+02
  -3.917  0.1876E+01  0.1639E+02
  -3.907  0.1893E+01  0.1641E+02
  -3.897  0.1910E+01  0.1643E+02
  -3.887  0.1927E+01  0.1645E+02
  -3.877  0.1944E+01  0.1647E+02
  -3.867  0.1959E+01  0.1649E+02
  -3.857  0.1975E+01  0.1651E+02
  -3.847  0.1990E+01  0.1653E+02
  -3.837  0.2004E+01  0.1655E+02
  -3.827  0.2018E+01  0.1657E+02
  -3.817  0.2031E+01  0.1659E+02
  -3.807  0.2044E+01  0.1661E+02
  -3.797  0.2056E+01  0.1663E+02
  -3.787  0.2067E+01  0.1665E+02
  -3.777  0.2078E+01  0.1667E+02
  -3.767  0.2088E+01  0.1669E+02
  -3.757  0.2098E+01  0.1671E+02
  -3.747  0.2106E+01  0.1673E+02
  -3.737  0.2115E+01  0.1675E+02
  -3.727  0.2122E+01  0.1678E+02
  -3.717  0.2130E+01  0.1680E+02
  -3.707  0.2136E+01  0.1682E+02
  -3.697  0.2143E+01  0.1684E+02
  -3.687  0.2148E+01  0.1686E+02
  -3.677  0.2154E+01  0.1688E+02
  -3.667  0.2159E+01  0.1690E+02
  -3.657  0.2164E+01  0.1693E+02
  -3.647  0.2168E+01  0.1695E+02
  -3.637  0.2172E+01  0.1697E+02
  -3.627  0.2177E+01  0.1699E+02
  -3.617  0.2181E+01  0.1701E+02
  -3.607  0.2185E+01  0.1703E+02
  -3.597  0.2190E+01  0.1706E+02
  -3.587  0.2194E+01  0.1708E+02
  -3.577  0.2199E+01  0.1710E+02
  -3.567  0.2204E+01  0.1712E+02
  -3.557  0.2210E+01  0.1714E+02
  -3.547  0.2216E+01  0.1717E+02
  -3.537  0.2223E+01  0.1719E+02
  -3.527  0.2230E+01  0.1721E+02
  -3.517  0.2239E+01  0.1723E+02
  -3.507  0.2248E+01  0.1726E+02
  -3.497  0.2258E+01  0.1728E+02
  -3.487  0.2270E+01  0.1730E+02
  -3.477  0.2282E+01  0.1732E+02
  -3.467  0.2296E+01  0.1735E+02
  -3.457  0.2311E+01  0.1737E+02
  -3.447  0.2328E+01  0.1739E+02
  -3.437  0.2346E+01  0.1742E+02
  -3.427  0.2366E+01  0.1744E+02
  -3.417  0.2388E+01  0.1746E+02
  -3.407  0.2411E+01  0.1749E+02
  -3.397  0.2437E+01  0.1751E+02
  -3.387  0.2464E+01  0.1754E+02
  -3.377  0.2493E+01  0.1756E+02
  -3.367  0.2524E+01  0.1759E+02
  -3.357  0.2558E+01  0.1761E+02
  -3.347  0.2593E+01  0.1764E+02
  -3.337  0.2631E+01  0.1767E+02
  -3.327  0.2671E+01  0.1769E+02
  -3.317  0.2714E+01  0.1772E+02
  -3.307  0.2758E+01  0.1775E+02
  -3.297  0.2805E+01  0.1778E+02
  -3.287  0.2854E+01  0.1780E+02
  -3.277  0.2906E+01  0.1783E+02
  -3.267  0.2959E+01  0.1786E+02
  -3.257  0.3015E+01  0.1789E+02
  -3.247  0.3074E+01  0.1792E+02
  -3.237  0.3134E+01  0.1795E+02
  -3.227  0.3197E+01  0.1799E+02
  -3.217  0.3261E+01  0.1802E+02
  -3.207  0.3328E+01  0.1805E+02
  -3.197  0.3396E+01  0.1809E+02
  -3.187  0.3467E+01  0.1812E+02
  -3.177  0.3539E+01  0.1816E+02
  -3.167  0.3612E+01  0.1819E+02
  -3.157  0.3688E+01  0.1823E+02
  -3.147  0.3764E+01  0.1827E+02
  -3.137  0.3842E+01  0.1831E+02
  -3.127  0.3921E+01  0.1834E+02
  -3.117  0.4002E+01  0.1838E+02
  -3.107  0.4082E+01  0.1843E+02
  -3.097  0.4164E+01  0.1847E+02
  -3.087  0.4246E+01  0.1851E+02
  -3.077  0.4329E+01  0.1855E+02
  -3.067  0.4412E+01  0.1860E+02
  -3.057  0.4495E+01  0.1864E+02
  -3.047  0.4577E+01  0.1869E+02
  -3.037  0.4660E+01  0.1873E+02
  -3.027  0.4742E+01  0.1878E+02
  -3.017  0.4823E+01  0.1883E+02
  -3.007  0.4904E+01  0.1888E+02
  -2.997  0.4983E+01  0.1893E+02
  -2.987  0.5062E+01  0.1898E+02
  -2.977  0.5139E+01  0.1903E+02
  -2.967  0.5214E+01  0.1908E+02
  -2.957  0.5288E+01  0.1914E+02
  -2.947  0.5360E+01  0.1919E+02
  -2.937  0.5430E+01  0.1924E+02
  -2.927  0.5498E+01  0.1930E+02
  -2.917  0.5564E+01  0.1935E+02
  -2.907  0.5627E+01  0.1941E+02
  -2.897  0.5688E+01  0.1947E+02
  -2.887  0.5746E+01  0.1952E+02
  -2.877  0.5802E+01  0.1958E+02
  -2.867  0.5854E+01  0.1964E+02
  -2.857  0.5904E+01  0.1970E+02
  -2.847  0.5951E+01  0.1976E+02
  -2.837  0.5994E+01  0.1982E+02
  -2.827  0.6035E+01  0.1988E+02
  -2.817  0.6072E+01  0.1994E+02
  -2.807  0.6106E+01  0.2000E+02
  -2.797  0.6136E+01  0.2006E+02
  -2.787  0.6163E+01  0.2013E+02
  -2.777  0.6187E+01  0.2019E+02
  -2.767  0.6207E+01  0.2025E+02
  -2.757  0.6224E+01  0.2031E+02
  -2.747  0.6238E+01  0.2037E+02
  -2.737  0.6248E+01  0.2044E+02
  -2.727  0.6255E+01  0.2050E+02
  -2.717  0.6258E+01  0.2056E+02
  -2.707  0.6258E+01  0.2062E+02
  -2.697  0.6254E+01  0.2069E+02
  -2.687  0.6248E+01  0.2075E+02
  -2.677  0.6238E+01  0.2081E+02
  -2.667  0.6225E+01  0.2087E+02
  -2.657  0.6209E+01  0.2094E+02
  -2.647  0.6189E+01  0.2100E+02
  -2.637  0.6167E+01  0.2106E+02
  -2.627  0.6142E+01  0.2112E+02
  -2.617  0.6113E+01  0.2118E+02
  -2.607  0.6082E+01  0.2124E+02
  -2.597  0.6049E+01  0.2130E+02
  -2.587  0.6012E+01  0.2136E+02
  -2.577  0.5973E+01  0.2142E+02
  -2.567  0.5931E+01  0.2148E+02
  -2.557  0.5887E+01  0.2154E+02
  -2.547  0.5841E+01  0.2160E+02
  -2.537  0.5792E+01  0.2166E+02
  -2.527  0.5741E+01  0.2171E+02
  -2.517  0.5687E+01  0.2177E+02
  -2.507  0.5632E+01  0.2183E+02
  -2.497  0.5575E+01  0.2188E+02
  -2.487  0.5515E+01  0.2194E+02
  -2.477  0.5454E+01  0.2199E+02
  -2.467  0.5391E+01  0.2205E+02
  -2.457  0.5326E+01  0.2210E+02
  -2.447  0.5260E+01  0.2215E+02
  -2.437  0.5192E+01  0.2221E+02
  -2.427  0.5122E+01  0.2226E+02
  -2.417  0.5051E+01  0.2231E+02
  -2.407  0.4979E+01  0.2236E+02
  -2.397  0.4905E+01  0.2241E+02
  -2.387  0.4830E+01  0.2245E+02
  -2.377  0.4753E+01  0.2250E+02
  -2.367  0.4676E+01  0.2255E+02
  -2.357  0.4598E+01  0.2259E+02
  -2.347  0.4518E+01  0.2264E+02
  -2.337  0.4438E+01  0.2268E+02
  -2.327  0.4357E+01  0.2273E+02
  -2.317  0.4275E+01  0.2277E+02
  -2.307  0.4192E+01  0.2281E+02
  -2.297  0.4109E+01  0.2285E+02
  -2.287  0.4025E+01  0.2289E+02
  -2.277  0.3941E+01  0.2293E+02
  -2.267  0.3856E+01  0.2297E+02
  -2.257  0.3771E+01  0.2301E+02
  -2.247  0.3686E+01  0.2305E+02
  -2.237  0.3600E+01  0.2308E+02
  -2.227  0.3514E+01  0.2312E+02
  -2.217  0.3429E+01  0.2315E+02
  -2.207  0.3343E+01  0.2318E+02
  -2.197  0.3257E+01  0.2322E+02
  -2.187  0.3172E+01  0.2325E+02
  -2.177  0.3087E+01  0.2328E+02
  -2.167  0.3002E+01  0.2331E+02
  -2.157  0.2918E+01  0.2334E+02
  -2.147  0.2834E+01  0.2337E+02
  -2.137  0.2750E+01  0.2340E+02
  -2.127  0.2668E+01  0.2342E+02
  -2.117  0.2586E+01  0.2345E+02
  -2.107  0.2504E+01  0.2347E+02
  -2.097  0.2424E+01  0.2350E+02
  -2.087  0.2344E+01  0.2352E+02
  -2.077  0.2266E+01  0.2354E+02
  -2.067  0.2188E+01  0.2356E+02
  -2.057  0.2112E+01  0.2359E+02
  -2.047  0.2036E+01  0.2361E+02
  -2.037  0.1962E+01  0.2363E+02
  -2.027  0.1889E+01  0.2364E+02
  -2.017  0.1818E+01  0.2366E+02
  -2.007  0.1748E+01  0.2368E+02
  -1.997  0.1679E+01  0.2370E+02
  -1.987  0.1611E+01  0.2371E+02
  -1.977  0.1546E+01  0.2373E+02
  -1.967  0.1481E+01  0.2374E+02
  -1.957  0.1418E+01  0.2376E+02
  -1.947  0.1357E+01  0.2377E+02
  -1.937  0.1297E+01  0.2378E+02
  -1.927  0.1239E+01  0.2380E+02
  -1.917  0.1183E+01  0.2381E+02
  -1.907  0.1128E+01  0.2382E+02
  -1.897  0.1074E+01  0.2383E+02
  -1.887  0.1023E+01  0.2384E+02
  -1.877  0.9728E+00  0.2385E+02
  -1.867  0.9245E+00  0.2386E+02
  -1.857  0.8778E+00  0.2387E+02
  -1.847  0.8328E+00  0.2388E+02
  -1.837  0.7894E+00  0.2388E+02
  -1.827  0.7476E+00  0.2389E+02
  -1.817  0.7074E+00  0.2390E+02
  -1.807  0.6687E+00  0.2391E+02
  -1.797  0.6316E+00  0.2391E+02
  -1.787  0.5961E+00  0.2392E+02
  -1.777  0.5620E+00  0.2392E+02
  -1.767  0.5295E+00  0.2393E+02
  -1.757  0.4983E+00  0.2393E+02
  -1.747  0.4686E+00  0.2394E+02
  -1.737  0.4403E+00  0.2394E+02
  -1.727  0.4134E+00  0.2395E+02
  -1.717  0.3877E+00  0.2395E+02
  -1.707  0.3634E+00  0.2395E+02
  -1.697  0.3403E+00  0.2396E+02
  -1.687  0.3184E+00  0.2396E+02
  -1.677  0.2978E+00  0.2396E+02
  -1.667  0.2782E+00  0.2397E+02
  -1.657  0.2598E+00  0.2397E+02
  -1.647  0.2424E+00  0.2397E+02
  -1.637  0.2261E+00  0.2397E+02
  -1.627  0.2108E+00  0.2398E+02
  -1.617  0.1965E+00  0.2398E+02
  -1.607  0.1831E+00  0.2398E+02
  -1.597  0.1706E+00  0.2398E+02
  -1.587  0.1590E+00  0.2398E+02
  -1.577  0.1482E+00  0.2399E+02
  -1.567  0.1382E+00  0.2399E+02
  -1.557  0.1291E+00  0.2399E+02
  -1.547  0.1206E+00  0.2399E+02
  -1.537  0.1130E+00  0.2399E+02
  -1.527  0.1060E+00  0.2399E+02
  -1.517  0.9980E-01  0.2399E+02
  -1.507  0.9424E-01  0.2399E+02
  -1.497  0.8934E-01  0.2399E+02
  -1.487  0.8510E-01  0.2399E+02
  -1.477  0.8149E-01  0.2400E+02
  -1.467  0.7852E-01  0.2400E+02
  -1.457  0.7617E-01  0.2400E+02
  -1.447  0.7445E-01  0.2400E+02
  -1.437  0.7334E-01  0.2400E+02
  -1.427  0.7285E-01  0.2400E+02
  -1.417  0.7298E-01  0.2400E+02
  -1.407  0.7374E-01  0.2400E+02
  -1.397  0.7514E-01  0.2400E+02
  -1.387  0.7718E-01  0.2400E+02
  -1.377  0.7989E-01  0.2400E+02
  -1.367  0.8328E-01  0.2400E+02
  -1.357  0.8736E-01  0.2401E+02
  -1.347  0.9215E-01  0.2401E+02
  -1.337  0.9770E-01  0.2401E+02
  -1.327  0.1040E+00  0.2401E+02
  -1.317  0.1111E+00  0.2401E+02
  -1.307  0.1191E+00  0.2401E+02
  -1.297  0.1279E+00  0.2401E+02
  -1.287  0.1376E+00  0.2401E+02
  -1.277  0.1482E+00  0.2401E+02
  -1.267  0.1598E+00  0.2402E+02
  -1.257  0.1725E+00  0.2402E+02
  -1.247  0.1862E+00  0.2402E+02
  -1.237  0.2011E+00  0.2402E+02
  -1.227  0.2171E+00  0.2402E+02
  -1.217  0.2343E+00  0.2403E+02
  -1.207  0.2528E+00  0.2403E+02
  -1.197  0.2726E+00  0.2403E+02
  -1.187  0.2938E+00  0.2403E+02
  -1.177  0.3165E+00  0.2404E+02
  -1.167  0.3406E+00  0.2404E+02
  -1.157  0.3662E+00  0.2404E+02
  -1.147  0.3935E+00  0.2405E+02
  -1.137  0.4224E+00  0.2405E+02
  -1.127  0.4530E+00  0.2406E+02
  -1.117  0.4854E+00  0.2406E+02
  -1.107  0.5196E+00  0.2407E+02
  -1.097  0.5557E+00  0.2407E+02
  -1.087  0.5936E+00  0.2408E+02
  -1.077  0.6336E+00  0.2409E+02
  -1.067  0.6755E+00  0.2409E+02
  -1.057  0.7195E+00  0.2410E+02
  -1.047  0.7656E+00  0.2411E+02
  -1.037  0.8138E+00  0.2411E+02
  -1.027  0.8642E+00  0.2412E+02
  -1.017  0.9167E+00  0.2413E+02
  -1.007  0.9715E+00  0.2414E+02
  -0.997  0.1028E+01  0.2415E+02
  -0.987  0.1088E+01  0.2416E+02
  -0.977  0.1149E+01  0.2418E+02
  -0.967  0.1213E+01  0.2419E+02
  -0.957  0.1279E+01  0.2420E+02
  -0.947  0.1347E+01  0.2421E+02
  -0.937  0.1418E+01  0.2423E+02
  -0.927  0.1490E+01  0.2424E+02
  -0.917  0.1565E+01  0.2426E+02
  -0.907  0.1642E+01  0.2427E+02
  -0.897  0.1721E+01  0.2429E+02
  -0.887  0.1802E+01  0.2431E+02
  -0.877  0.1885E+01  0.2433E+02
  -0.867  0.1970E+01  0.2435E+02
  -0.857  0.2057E+01  0.2437E+02
  -0.847  0.2146E+01  0.2439E+02
  -0.837  0.2236E+01  0.2441E+02
  -0.827  0.2328E+01  0.2444E+02
  -0.817  0.2421E+01  0.2446E+02
  -0.807  0.2516E+01  0.2449E+02
  -0.797  0.2612E+01  0.2451E+02
  -0.787  0.2710E+01  0.2454E+02
  -0.777  0.2808E+01  0.2457E+02
  -0.767  0.2908E+01  0.2460E+02
  -0.757  0.3008E+01  0.2463E+02
  -0.747  0.3109E+01  0.2466E+02
  -0.737  0.3210E+01  0.2469E+02
  -0.727  0.3312E+01  0.2472E+02
  -0.717  0.3415E+01  0.2476E+02
  -0.707  0.3517E+01  0.2479E+02
  -0.697  0.3619E+01  0.2483E+02
  -0.687  0.3722E+01  0.2486E+02
  -0.677  0.3824E+01  0.2490E+02
  -0.667  0.3925E+01  0.2494E+02
  -0.657  0.4027E+01  0.2498E+02
  -0.647  0.4127E+01  0.2502E+02
  -0.637  0.4226E+01  0.2507E+02
  -0.627  0.4325E+01  0.2511E+02
  -0.617  0.4423E+01  0.2515E+02
  -0.607  0.4519E+01  0.2520E+02
  -0.597  0.4614E+01  0.2525E+02
  -0.587  0.4707E+01  0.2529E+02
  -0.577  0.4799E+01  0.2534E+02
  -0.567  0.4889E+01  0.2539E+02
  -0.557  0.4978E+01  0.2544E+02
  -0.547  0.5064E+01  0.2549E+02
  -0.537  0.5149E+01  0.2554E+02
  -0.527  0.5231E+01  0.2559E+02
  -0.517  0.5312E+01  0.2565E+02
  -0.507  0.5390E+01  0.2570E+02
  -0.497  0.5466E+01  0.2575E+02
  -0.487  0.5539E+01  0.2581E+02
  -0.477  0.5610E+01  0.2587E+02
  -0.467  0.5679E+01  0.2592E+02
  -0.457  0.5745E+01  0.2598E+02
  -0.447  0.5809E+01  0.2604E+02
  -0.437  0.5870E+01  0.2610E+02
  -0.427  0.5929E+01  0.2616E+02
  -0.417  0.5985E+01  0.2622E+02
  -0.407  0.6039E+01  0.2628E+02
  -0.397  0.6090E+01  0.2634E+02
  -0.387  0.6139E+01  0.2640E+02
  -0.377  0.6185E+01  0.2646E+02
  -0.367  0.6228E+01  0.2652E+02
  -0.357  0.6269E+01  0.2659E+02
  -0.347  0.6308E+01  0.2665E+02
  -0.337  0.6344E+01  0.2671E+02
  -0.327  0.6378E+01  0.2678E+02
  -0.317  0.6410E+01  0.2684E+02
  -0.307  0.6440E+01  0.2690E+02
  -0.297  0.6467E+01  0.2697E+02
  -0.287  0.6492E+01  0.2703E+02
  -0.277  0.6515E+01  0.2710E+02
  -0.267  0.6537E+01  0.2716E+02
  -0.257  0.6556E+01  0.2723E+02
  -0.247  0.6574E+01  0.2730E+02
  -0.237  0.6589E+01  0.2736E+02
  -0.227  0.6603E+01  0.2743E+02
  -0.217  0.6616E+01  0.2749E+02
  -0.207  0.6627E+01  0.2756E+02
  -0.197  0.6636E+01  0.2763E+02
  -0.187  0.6645E+01  0.2769E+02
  -0.177  0.6652E+01  0.2776E+02
  -0.167  0.6657E+01  0.2783E+02
  -0.157  0.6662E+01  0.2789E+02
  -0.147  0.6665E+01  0.2796E+02
  -0.137  0.6668E+01  0.2803E+02
  -0.127  0.6670E+01  0.2809E+02
  -0.117  0.6671E+01  0.2816E+02
  -0.107  0.6671E+01  0.2823E+02
  -0.097  0.6671E+01  0.2829E+02
  -0.087  0.6670E+01  0.2836E+02
  -0.077  0.6669E+01  0.2843E+02
  -0.067  0.6667E+01  0.2849E+02
  -0.057  0.6665E+01  0.2856E+02
  -0.047  0.6663E+01  0.2863E+02
  -0.037  0.6660E+01  0.2869E+02
  -0.027  0.6658E+01  0.2876E+02
  -0.017  0.6655E+01  0.2883E+02
  -0.007  0.6653E+01  0.2889E+02
   0.003  0.6650E+01  0.2896E+02
   0.013  0.6648E+01  0.2903E+02
   0.023  0.6645E+01  0.2909E+02
   0.033  0.6643E+01  0.2916E+02
   0.043  0.6642E+01  0.2923E+02
   0.053  0.6640E+01  0.2929E+02
   0.063  0.6639E+01  0.2936E+02
   0.073  0.6638E+01  0.2942E+02
   0.083  0.6638E+01  0.2949E+02
   0.093  0.6638E+01  0.2956E+02
   0.103  0.6639E+01  0.2962E+02
   0.113  0.6640E+01  0.2969E+02
   0.123  0.6642E+01  0.2976E+02
   0.133  0.6644E+01  0.2982E+02
   0.143  0.6647E+01  0.2989E+02
   0.153  0.6650E+01  0.2996E+02
   0.163  0.6654E+01  0.3002E+02
   0.173  0.6658E+01  0.3009E+02
   0.183  0.6663E+01  0.3016E+02
   0.193  0.6669E+01  0.3022E+02
   0.203  0.6675E+01  0.3029E+02
   0.213  0.6681E+01  0.3036E+02
   0.223  0.6688E+01  0.3042E+02
   0.233  0.6695E+01  0.3049E+02
   0.243  0.6703E+01  0.3056E+02
   0.253  0.6712E+01  0.3062E+02
   0.263  0.6720E+01  0.3069E+02
   0.273  0.6729E+01  0.3076E+02
   0.283  0.6739E+01  0.3083E+02
   0.293  0.6748E+01  0.3089E+02
   0.303  0.6758E+01  0.3096E+02
   0.313  0.6768E+01  0.3103E+02
   0.323  0.6779E+01  0.3110E+02
   0.333  0.6789E+01  0.3116E+02
   0.343  0.6800E+01  0.3123E+02
   0.353  0.6811E+01  0.3130E+02
   0.363  0.6822E+01  0.3137E+02
   0.373  0.6833E+01  0.3144E+02
   0.383  0.6844E+01  0.3151E+02
   0.393  0.6855E+01  0.3157E+02
   0.403  0.6866E+01  0.3164E+02
   0.413  0.6877E+01  0.3171E+02
   0.423  0.6888E+01  0.3178E+02
   0.433  0.6899E+01  0.3185E+02
   0.443  0.6910E+01  0.3192E+02
   0.453  0.6920E+01  0.3199E+02
   0.463  0.6931E+01  0.3206E+02
   0.473  0.6941E+01  0.3213E+02
   0.483  0.6952E+01  0.3220E+02
   0.493  0.6962E+01  0.3227E+02
   0.503  0.6972E+01  0.3233E+02
   0.513  0.6982E+01  0.3240E+02
   0.523  0.6992E+01  0.3247E+02
   0.533  0.7002E+01  0.3254E+02
   0.543  0.7012E+01  0.3261E+02
   0.553  0.7022E+01  0.3268E+02
   0.563  0.7031E+01  0.3276E+02
   0.573  0.7041E+01  0.3283E+02
   0.583  0.7051E+01  0.3290E+02
   0.593  0.7061E+01  0.3297E+02
   0.603  0.7071E+01  0.3304E+02
   0.613  0.7081E+01  0.3311E+02
   0.623  0.7091E+01  0.3318E+02
   0.633  0.7102E+01  0.3325E+02
   0.643  0.7112E+01  0.3332E+02
   0.653  0.7123E+01  0.3339E+02
   0.663  0.7134E+01  0.3346E+02
   0.673  0.7146E+01  0.3354E+02
   0.683  0.7158E+01  0.3361E+02
   0.693  0.7170E+01  0.3368E+02
   0.703  0.7182E+01  0.3375E+02
   0.713  0.7195E+01  0.3382E+02
   0.723  0.7209E+01  0.3389E+02
   0.733  0.7222E+01  0.3397E+02
   0.743  0.7237E+01  0.3404E+02
   0.753  0.7251E+01  0.3411E+02
   0.763  0.7266E+01  0.3418E+02
   0.773  0.7282E+01  0.3426E+02
   0.783  0.7298E+01  0.3433E+02
   0.793  0.7315E+01  0.3440E+02
   0.803  0.7332E+01  0.3448E+02
   0.813  0.7349E+01  0.3455E+02
   0.823  0.7367E+01  0.3462E+02
   0.833  0.7386E+01  0.3470E+02
   0.843  0.7405E+01  0.3477E+02
   0.853  0.7424E+01  0.3485E+02
   0.863  0.7444E+01  0.3492E+02
   0.873  0.7464E+01  0.3499E+02
   0.883  0.7484E+01  0.3507E+02
   0.893  0.7505E+01  0.3514E+02
   0.903  0.7526E+01  0.3522E+02
   0.913  0.7548E+01  0.3530E+02
   0.923  0.7569E+01  0.3537E+02
   0.933  0.7591E+01  0.3545E+02
   0.943  0.7613E+01  0.3552E+02
   0.953  0.7634E+01  0.3560E+02
   0.963  0.7656E+01  0.3568E+02
   0.973  0.7678E+01  0.3575E+02
   0.983  0.7700E+01  0.3583E+02
   0.993  0.7722E+01  0.3591E+02
   1.003  0.7744E+01  0.3598E+02
   1.013  0.7766E+01  0.3606E+02
   1.023  0.7787E+01  0.3614E+02
   1.033  0.7808E+01  0.3622E+02
   1.043  0.7829E+01  0.3630E+02
   1.053  0.7850E+01  0.3638E+02
   1.063  0.7870E+01  0.3645E+02
   1.073  0.7890E+01  0.3653E+02
   1.083  0.7910E+01  0.3661E+02
   1.093  0.7929E+01  0.3669E+02
   1.103  0.7947E+01  0.3677E+02
   1.113  0.7966E+01  0.3685E+02
   1.123  0.7983E+01  0.3693E+02
   1.133  0.8000E+01  0.3701E+02
   1.143  0.8017E+01  0.3709E+02
   1.153  0.8033E+01  0.3717E+02
   1.163  0.8048E+01  0.3725E+02
   1.173  0.8063E+01  0.3733E+02
   1.183  0.8077E+01  0.3741E+02
   1.193  0.8090E+01  0.3749E+02
   1.203  0.8103E+01  0.3757E+02
   1.213  0.8115E+01  0.3766E+02
   1.223  0.8126E+01  0.3774E+02
   1.233  0.8136E+01  0.3782E+02
   1.243  0.8146E+01  0.3790E+02
   1.253  0.8155E+01  0.3798E+02
   1.263  0.8163E+01  0.3806E+02
   1.273  0.8171E+01  0.3814E+02
   1.283  0.8177E+01  0.3823E+02
   1.293  0.8183E+01  0.3831E+02
   1.303  0.8188E+01  0.3839E+02
   1.313  0.8192E+01  0.3847E+02
   1.323  0.8195E+01  0.3855E+02
   1.333  0.8198E+01  0.3864E+02
   1.343  0.8199E+01  0.3872E+02
   1.353  0.8200E+01  0.3880E+02
   1.363  0.8200E+01  0.3888E+02
   1.373  0.8199E+01  0.3896E+02
   1.383  0.8197E+01  0.3905E+02
   1.393  0.8194E+01  0.3913E+02
   1.403  0.8190E+01  0.3921E+02
   1.413  0.8185E+01  0.3929E+02
   1.423  0.8180E+01  0.3937E+02
   1.433  0.8173E+01  0.3945E+02
   1.443  0.8165E+01  0.3954E+02
   1.453  0.8157E+01  0.3962E+02
   1.463  0.8147E+01  0.3970E+02
   1.473  0.8137E+01  0.3978E+02
   1.483  0.8125E+01  0.3986E+02
   1.493  0.8113E+01  0.3994E+02
   1.503  0.8100E+01  0.4002E+02
   1.513  0.8085E+01  0.4011E+02
   1.523  0.8070E+01  0.4019E+02
   1.533  0.8054E+01  0.4027E+02
   1.543  0.8037E+01  0.4035E+02
   1.553  0.8019E+01  0.4043E+02
   1.563  0.8000E+01  0.4051E+02
   1.573  0.7980E+01  0.4059E+02
   1.583  0.7960E+01  0.4067E+02
   1.593  0.7939E+01  0.4075E+02
   1.603  0.7916E+01  0.4083E+02
   1.613  0.7893E+01  0.4090E+02
   1.623  0.7870E+01  0.4098E+02
   1.633  0.7846E+01  0.4106E+02
   1.643  0.7821E+01  0.4114E+02
   1.653  0.7795E+01  0.4122E+02
   1.663  0.7769E+01  0.4129E+02
   1.673  0.7742E+01  0.4137E+02
   1.683  0.7715E+01  0.4145E+02
   1.693  0.7687E+01  0.4153E+02
   1.703  0.7659E+01  0.4160E+02
   1.713  0.7631E+01  0.4168E+02
   1.723  0.7603E+01  0.4176E+02
   1.733  0.7574E+01  0.4183E+02
   1.743  0.7545E+01  0.4191E+02
   1.753  0.7516E+01  0.4198E+02
   1.763  0.7487E+01  0.4206E+02
   1.773  0.7457E+01  0.4213E+02
   1.783  0.7428E+01  0.4221E+02
   1.793  0.7399E+01  0.4228E+02
   1.803  0.7370E+01  0.4235E+02
   1.813  0.7342E+01  0.4243E+02
   1.823  0.7313E+01  0.4250E+02
   1.833  0.7285E+01  0.4257E+02
   1.843  0.7257E+01  0.4265E+02
   1.853  0.7229E+01  0.4272E+02
   1.863  0.7202E+01  0.4279E+02
   1.873  0.7175E+01  0.4286E+02
   1.883  0.7149E+01  0.4293E+02
   1.893  0.7123E+01  0.4300E+02
   1.903  0.7098E+01  0.4307E+02
   1.913  0.7073E+01  0.4315E+02
   1.923  0.7049E+01  0.4322E+02
   1.933  0.7025E+01  0.4329E+02
   1.943  0.7001E+01  0.4336E+02
   1.953  0.6978E+01  0.4343E+02
   1.963  0.6956E+01  0.4350E+02
   1.973  0.6934E+01  0.4357E+02
   1.983  0.6912E+01  0.4363E+02
   1.993  0.6891E+01  0.4370E+02
   2.003  0.6870E+01  0.4377E+02
   2.013  0.6850E+01  0.4384E+02
   2.023  0.6829E+01  0.4391E+02
   2.033  0.6809E+01  0.4398E+02
   2.043  0.6789E+01  0.4404E+02
   2.053  0.6769E+01  0.4411E+02
   2.063  0.6750E+01  0.4418E+02
   2.073  0.6730E+01  0.4425E+02
   2.083  0.6709E+01  0.4431E+02
   2.093  0.6689E+01  0.4438E+02
   2.103  0.6668E+01  0.4445E+02
   2.113  0.6647E+01  0.4451E+02
   2.123  0.6626E+01  0.4458E+02
   2.133  0.6603E+01  0.4465E+02
   2.143  0.6580E+01  0.4471E+02
   2.153  0.6557E+01  0.4478E+02
   2.163  0.6532E+01  0.4484E+02
   2.173  0.6506E+01  0.4491E+02
   2.183  0.6479E+01  0.4497E+02
   2.193  0.6451E+01  0.4504E+02
   2.203  0.6422E+01  0.4510E+02
   2.213  0.6391E+01  0.4517E+02
   2.223  0.6358E+01  0.4523E+02
   2.233  0.6324E+01  0.4529E+02
   2.243  0.6288E+01  0.4536E+02
   2.253  0.6251E+01  0.4542E+02
   2.263  0.6211E+01  0.4548E+02
   2.273  0.6170E+01  0.4554E+02
   2.283  0.6126E+01  0.4560E+02
   2.293  0.6081E+01  0.4566E+02
   2.303  0.6033E+01  0.4572E+02
   2.313  0.5983E+01  0.4578E+02
   2.323  0.5931E+01  0.4584E+02
   2.333  0.5876E+01  0.4590E+02
   2.343  0.5819E+01  0.4596E+02
   2.353  0.5760E+01  0.4602E+02
   2.363  0.5698E+01  0.4607E+02
   2.373  0.5634E+01  0.4613E+02
   2.383  0.5568E+01  0.4619E+02
   2.393  0.5499E+01  0.4624E+02
   2.403  0.5428E+01  0.4630E+02
   2.413  0.5355E+01  0.4635E+02
   2.423  0.5279E+01  0.4640E+02
   2.433  0.5201E+01  0.4645E+02
   2.443  0.5121E+01  0.4651E+02
   2.453  0.5039E+01  0.4656E+02
   2.463  0.4955E+01  0.4661E+02
   2.473  0.4869E+01  0.4665E+02
   2.483  0.4781E+01  0.4670E+02
   2.493  0.4691E+01  0.4675E+02
   2.503  0.4600E+01  0.4679E+02
   2.513  0.4507E+01  0.4684E+02
   2.523  0.4413E+01  0.4688E+02
   2.533  0.4317E+01  0.4693E+02
   2.543  0.4221E+01  0.4697E+02
   2.553  0.4123E+01  0.4701E+02
   2.563  0.4024E+01  0.4705E+02
   2.573  0.3924E+01  0.4709E+02
   2.583  0.3824E+01  0.4713E+02
   2.593  0.3724E+01  0.4717E+02
   2.603  0.3623E+01  0.4720E+02
   2.613  0.3521E+01  0.4724E+02
   2.623  0.3420E+01  0.4727E+02
   2.633  0.3319E+01  0.4730E+02
   2.643  0.3218E+01  0.4734E+02
   2.653  0.3117E+01  0.4737E+02
   2.663  0.3017E+01  0.4740E+02
   2.673  0.2918E+01  0.4743E+02
   2.683  0.2819E+01  0.4746E+02
   2.693  0.2721E+01  0.4748E+02
   2.703  0.2624E+01  0.4751E+02
   2.713  0.2528E+01  0.4753E+02
   2.723  0.2434E+01  0.4756E+02
   2.733  0.2341E+01  0.4758E+02
   2.743  0.2249E+01  0.4760E+02
   2.753  0.2159E+01  0.4763E+02
   2.763  0.2071E+01  0.4765E+02
   2.773  0.1984E+01  0.4767E+02
   2.783  0.1899E+01  0.4769E+02
   2.793  0.1816E+01  0.4770E+02
   2.803  0.1735E+01  0.4772E+02
   2.813  0.1656E+01  0.4774E+02
   2.823  0.1579E+01  0.4775E+02
   2.833  0.1504E+01  0.4777E+02
   2.843  0.1432E+01  0.4778E+02
   2.853  0.1361E+01  0.4780E+02
   2.863  0.1293E+01  0.4781E+02
   2.873  0.1226E+01  0.4782E+02
   2.883  0.1163E+01  0.4783E+02
   2.893  0.1101E+01  0.4784E+02
   2.903  0.1041E+01  0.4785E+02
   2.913  0.9841E+00  0.4786E+02
   2.923  0.9290E+00  0.4787E+02
   2.933  0.8761E+00  0.4788E+02
   2.943  0.8254E+00  0.4789E+02
   2.953  0.7769E+00  0.4790E+02
   2.963  0.7304E+00  0.4791E+02
   2.973  0.6860E+00  0.4791E+02
   2.983  0.6436E+00  0.4792E+02
   2.993  0.6032E+00  0.4793E+02
   3.003  0.5648E+00  0.4793E+02
   3.013  0.5283E+00  0.4794E+02
   3.023  0.4936E+00  0.4794E+02
   3.033  0.4607E+00  0.4795E+02
   3.043  0.4295E+00  0.4795E+02
   3.053  0.4000E+00  0.4795E+02
   3.063  0.3722E+00  0.4796E+02
   3.073  0.3459E+00  0.4796E+02
   3.083  0.3211E+00  0.4796E+02
   3.093  0.2978E+00  0.4797E+02
   3.103  0.2759E+00  0.4797E+02
   3.113  0.2553E+00  0.4797E+02
   3.123  0.2360E+00  0.4797E+02
   3.133  0.2180E+00  0.4798E+02
   3.143  0.2011E+00  0.4798E+02
   3.153  0.1853E+00  0.4798E+02
   3.163  0.1705E+00  0.4798E+02
   3.173  0.1568E+00  0.4798E+02
   3.183  0.1440E+00  0.4799E+02
   3.193  0.1321E+00  0.4799E+02
   3.203  0.1211E+00  0.4799E+02
   3.213  0.1108E+00  0.4799E+02
   3.223  0.1013E+00  0.4799E+02
   3.233  0.9257E-01  0.4799E+02
   3.243  0.8447E-01  0.4799E+02
   3.253  0.7698E-01  0.4799E+02
   3.263  0.7009E-01  0.4799E+02
   3.273  0.6374E-01  0.4799E+02
   3.283  0.5790E-01  0.4799E+02
   3.293  0.5254E-01  0.4800E+02
   3.303  0.4762E-01  0.4800E+02
   3.313  0.4312E-01  0.4800E+02
   3.323  0.3899E-01  0.4800E+02
   3.333  0.3522E-01  0.4800E+02
   3.343  0.3179E-01  0.4800E+02
   3.353  0.2865E-01  0.4800E+02
   3.363  0.2580E-01  0.4800E+02
   3.373  0.2320E-01  0.4800E+02
   3.383  0.2084E-01  0.4800E+02
   3.393  0.1870E-01  0.4800E+02
   3.403  0.1676E-01  0.4800E+02
   3.413  0.1501E-01  0.4800E+02
   3.423  0.1342E-01  0.4800E+02
   3.433  0.1199E-01  0.4800E+02
   3.443  0.1070E-01  0.4800E+02
   3.453  0.9534E-02  0.4800E+02
   3.463  0.8488E-02  0.4800E+02
   3.473  0.7548E-02  0.4800E+02
   3.483  0.6705E-02  0.4800E+02
   3.493  0.5949E-02  0.4800E+02
   3.503  0.5272E-02  0.4800E+02
   3.513  0.4667E-02  0.4800E+02
   3.523  0.4127E-02  0.4800E+02
   3.533  0.3645E-02  0.4800E+02
   3.543  0.3216E-02  0.4800E+02
   3.553  0.2834E-02  0.4800E+02
   3.563  0.2494E-02  0.4800E+02
   3.573  0.2193E-02  0.4800E+02
   3.583  0.1926E-02  0.4800E+02
   3.593  0.1689E-02  0.4800E+02
   3.603  0.1480E-02  0.4800E+02
   3.613  0.1295E-02  0.4800E+02
   3.623  0.1132E-02  0.4800E+02
   3.633  0.9889E-03  0.4800E+02
   3.643  0.8625E-03  0.4800E+02
   3.653  0.7514E-03  0.4800E+02
   3.663  0.6539E-03  0.4800E+02
   3.673  0.5683E-03  0.4800E+02
   3.683  0.4934E-03  0.4800E+02
   3.693  0.4279E-03  0.4800E+02
   3.703  0.3706E-03  0.4800E+02
   3.713  0.3207E-03  0.4800E+02
   3.723  0.2771E-03  0.4800E+02
   3.733  0.2392E-03  0.4800E+02
   3.743  0.2062E-03  0.4800E+02
   3.753  0.1776E-03  0.4800E+02
   3.763  0.1528E-03  0.4800E+02
   3.773  0.1313E-03  0.4800E+02
   3.783  0.1127E-03  0.4800E+02
   3.793  0.9658E-04  0.4800E+02
