#  E (eV)   dos(E)     Int dos(E) EFermi =    2.576 eV
 -18.813  0.1252E-04  0.1252E-06
 -18.803  0.1377E-04  0.2629E-06
 -18.793  0.1514E-04  0.4143E-06
 -18.783  0.1665E-04  0.5808E-06
 -18.773  0.1829E-04  0.7637E-06
 -18.763  0.2009E-04  0.9646E-06
 -18.753  0.2206E-04  0.1185E-05
 -18.743  0.2420E-04  0.1427E-05
 -18.733  0.2655E-04  0.1693E-05
 -18.723  0.2912E-04  0.1984E-05
 -18.713  0.3192E-04  0.2303E-05
 -18.703  0.3497E-04  0.2653E-05
 -18.693  0.3831E-04  0.3036E-05
 -18.683  0.4194E-04  0.3455E-05
 -18.673  0.4590E-04  0.3914E-05
 -18.663  0.5021E-04  0.4416E-05
 -18.653  0.5491E-04  0.4965E-05
 -18.643  0.6002E-04  0.5566E-05
 -18.633  0.6559E-04  0.6222E-05
 -18.623  0.7164E-04  0.6938E-05
 -18.613  0.7821E-04  0.7720E-05
 -18.603  0.8536E-04  0.8574E-05
 -18.593  0.9312E-04  0.9505E-05
 -18.583  0.1016E-03  0.1052E-04
 -18.573  0.1107E-03  0.1163E-04
 -18.563  0.1206E-03  0.1283E-04
 -18.553  0.1314E-03  0.1415E-04
 -18.543  0.1431E-03  0.1558E-04
 -18.533  0.1557E-03  0.1714E-04
 -18.523  0.1694E-03  0.1883E-04
 -18.513  0.1842E-03  0.2067E-04
 -18.503  0.2003E-03  0.2267E-04
 -18.493  0.2176E-03  0.2485E-04
 -18.483  0.2364E-03  0.2721E-04
 -18.473  0.2567E-03  0.2978E-04
 -18.463  0.2786E-03  0.3257E-04
 -18.453  0.3023E-03  0.3559E-04
 -18.443  0.3278E-03  0.3887E-04
 -18.433  0.3554E-03  0.4242E-04
 -18.423  0.3852E-03  0.4627E-04
 -18.413  0.4172E-03  0.5045E-04
 -18.403  0.4518E-03  0.5496E-04
 -18.393  0.4890E-03  0.5986E-04
 -18.383  0.5291E-03  0.6515E-04
 -18.373  0.5723E-03  0.7087E-04
 -18.363  0.6188E-03  0.7706E-04
 -18.353  0.6687E-03  0.8374E-04
 -18.343  0.7224E-03  0.9097E-04
 -18.333  0.7802E-03  0.9877E-04
 -18.323  0.8422E-03  0.1072E-03
 -18.313  0.9088E-03  0.1163E-03
 -18.303  0.9802E-03  0.1261E-03
 -18.293  0.1057E-02  0.1367E-03
 -18.283  0.1139E-02  0.1480E-03
 -18.273  0.1227E-02  0.1603E-03
 -18.263  0.1322E-02  0.1735E-03
 -18.253  0.1423E-02  0.1878E-03
 -18.243  0.1531E-02  0.2031E-03
 -18.233  0.1647E-02  0.2196E-03
 -18.223  0.1771E-02  0.2373E-03
 -18.213  0.1904E-02  0.2563E-03
 -18.203  0.2046E-02  0.2768E-03
 -18.193  0.2198E-02  0.2987E-03
 -18.183  0.2359E-02  0.3223E-03
 -18.173  0.2532E-02  0.3477E-03
 -18.163  0.2717E-02  0.3748E-03
 -18.153  0.2914E-02  0.4040E-03
 -18.143  0.3123E-02  0.4352E-03
 -18.133  0.3347E-02  0.4687E-03
 -18.123  0.3585E-02  0.5045E-03
 -18.113  0.3839E-02  0.5429E-03
 -18.103  0.4109E-02  0.5840E-03
 -18.093  0.4397E-02  0.6280E-03
 -18.083  0.4703E-02  0.6750E-03
 -18.073  0.5028E-02  0.7253E-03
 -18.063  0.5374E-02  0.7790E-03
 -18.053  0.5741E-02  0.8364E-03
 -18.043  0.6131E-02  0.8977E-03
 -18.033  0.6545E-02  0.9632E-03
 -18.023  0.6984E-02  0.1033E-02
 -18.013  0.7450E-02  0.1108E-02
 -18.003  0.7945E-02  0.1187E-02
 -17.993  0.8468E-02  0.1272E-02
 -17.983  0.9023E-02  0.1362E-02
 -17.973  0.9610E-02  0.1458E-02
 -17.963  0.1023E-01  0.1560E-02
 -17.953  0.1089E-01  0.1669E-02
 -17.943  0.1159E-01  0.1785E-02
 -17.933  0.1232E-01  0.1908E-02
 -17.923  0.1310E-01  0.2039E-02
 -17.913  0.1392E-01  0.2179E-02
 -17.903  0.1479E-01  0.2326E-02
 -17.893  0.1570E-01  0.2483E-02
 -17.883  0.1667E-01  0.2650E-02
 -17.873  0.1769E-01  0.2827E-02
 -17.863  0.1876E-01  0.3015E-02
 -17.853  0.1989E-01  0.3214E-02
 -17.843  0.2109E-01  0.3424E-02
 -17.833  0.2234E-01  0.3648E-02
 -17.823  0.2366E-01  0.3884E-02
 -17.813  0.2505E-01  0.4135E-02
 -17.803  0.2651E-01  0.4400E-02
 -17.793  0.2805E-01  0.4681E-02
 -17.783  0.2966E-01  0.4977E-02
 -17.773  0.3136E-01  0.5291E-02
 -17.763  0.3314E-01  0.5622E-02
 -17.753  0.3501E-01  0.5972E-02
 -17.743  0.3697E-01  0.6342E-02
 -17.733  0.3902E-01  0.6732E-02
 -17.723  0.4118E-01  0.7144E-02
 -17.713  0.4343E-01  0.7578E-02
 -17.703  0.4580E-01  0.8036E-02
 -17.693  0.4827E-01  0.8519E-02
 -17.683  0.5086E-01  0.9028E-02
 -17.673  0.5357E-01  0.9563E-02
 -17.663  0.5640E-01  0.1013E-01
 -17.653  0.5936E-01  0.1072E-01
 -17.643  0.6245E-01  0.1135E-01
 -17.633  0.6568E-01  0.1200E-01
 -17.623  0.6906E-01  0.1269E-01
 -17.613  0.7257E-01  0.1342E-01
 -17.603  0.7624E-01  0.1418E-01
 -17.593  0.8007E-01  0.1498E-01
 -17.583  0.8405E-01  0.1582E-01
 -17.573  0.8821E-01  0.1670E-01
 -17.563  0.9253E-01  0.1763E-01
 -17.553  0.9703E-01  0.1860E-01
 -17.543  0.1017E+00  0.1962E-01
 -17.533  0.1066E+00  0.2068E-01
 -17.523  0.1117E+00  0.2180E-01
 -17.513  0.1169E+00  0.2297E-01
 -17.503  0.1224E+00  0.2419E-01
 -17.493  0.1281E+00  0.2547E-01
 -17.483  0.1339E+00  0.2681E-01
 -17.473  0.1401E+00  0.2821E-01
 -17.463  0.1464E+00  0.2968E-01
 -17.453  0.1530E+00  0.3121E-01
 -17.443  0.1598E+00  0.3280E-01
 -17.433  0.1668E+00  0.3447E-01
 -17.423  0.1741E+00  0.3621E-01
 -17.413  0.1817E+00  0.3803E-01
 -17.403  0.1895E+00  0.3992E-01
 -17.393  0.1975E+00  0.4190E-01
 -17.383  0.2059E+00  0.4396E-01
 -17.373  0.2145E+00  0.4610E-01
 -17.363  0.2234E+00  0.4834E-01
 -17.353  0.2326E+00  0.5066E-01
 -17.343  0.2421E+00  0.5308E-01
 -17.333  0.2519E+00  0.5560E-01
 -17.323  0.2620E+00  0.5822E-01
 -17.313  0.2723E+00  0.6095E-01
 -17.303  0.2830E+00  0.6378E-01
 -17.293  0.2941E+00  0.6672E-01
 -17.283  0.3054E+00  0.6977E-01
 -17.273  0.3171E+00  0.7294E-01
 -17.263  0.3291E+00  0.7623E-01
 -17.253  0.3414E+00  0.7965E-01
 -17.243  0.3541E+00  0.8319E-01
 -17.233  0.3671E+00  0.8686E-01
 -17.223  0.3805E+00  0.9066E-01
 -17.213  0.3942E+00  0.9461E-01
 -17.203  0.4083E+00  0.9869E-01
 -17.193  0.4227E+00  0.1029E+00
 -17.183  0.4375E+00  0.1073E+00
 -17.173  0.4526E+00  0.1118E+00
 -17.163  0.4681E+00  0.1165E+00
 -17.153  0.4840E+00  0.1213E+00
 -17.143  0.5002E+00  0.1263E+00
 -17.133  0.5168E+00  0.1315E+00
 -17.123  0.5338E+00  0.1368E+00
 -17.113  0.5512E+00  0.1424E+00
 -17.103  0.5689E+00  0.1480E+00
 -17.093  0.5870E+00  0.1539E+00
 -17.083  0.6054E+00  0.1600E+00
 -17.073  0.6243E+00  0.1662E+00
 -17.063  0.6434E+00  0.1726E+00
 -17.053  0.6630E+00  0.1793E+00
 -17.043  0.6829E+00  0.1861E+00
 -17.033  0.7032E+00  0.1931E+00
 -17.023  0.7239E+00  0.2004E+00
 -17.013  0.7449E+00  0.2078E+00
 -17.003  0.7663E+00  0.2155E+00
 -16.993  0.7880E+00  0.2234E+00
 -16.983  0.8101E+00  0.2315E+00
 -16.973  0.8325E+00  0.2398E+00
 -16.963  0.8553E+00  0.2483E+00
 -16.953  0.8784E+00  0.2571E+00
 -16.943  0.9018E+00  0.2662E+00
 -16.933  0.9255E+00  0.2754E+00
 -16.923  0.9496E+00  0.2849E+00
 -16.913  0.9740E+00  0.2946E+00
 -16.903  0.9987E+00  0.3046E+00
 -16.893  0.1024E+01  0.3149E+00
 -16.883  0.1049E+01  0.3254E+00
 -16.873  0.1074E+01  0.3361E+00
 -16.863  0.1100E+01  0.3471E+00
 -16.853  0.1126E+01  0.3584E+00
 -16.843  0.1153E+01  0.3699E+00
 -16.833  0.1179E+01  0.3817E+00
 -16.823  0.1206E+01  0.3937E+00
 -16.813  0.1233E+01  0.4061E+00
 -16.803  0.1260E+01  0.4187E+00
 -16.793  0.1288E+01  0.4316E+00
 -16.783  0.1316E+01  0.4447E+00
 -16.773  0.1343E+01  0.4581E+00
 -16.763  0.1371E+01  0.4719E+00
 -16.753  0.1400E+01  0.4859E+00
 -16.743  0.1428E+01  0.5001E+00
 -16.733  0.1456E+01  0.5147E+00
 -16.723  0.1485E+01  0.5295E+00
 -16.713  0.1514E+01  0.5447E+00
 -16.703  0.1542E+01  0.5601E+00
 -16.693  0.1571E+01  0.5758E+00
 -16.683  0.1600E+01  0.5918E+00
 -16.673  0.1629E+01  0.6081E+00
 -16.663  0.1658E+01  0.6247E+00
 -16.653  0.1687E+01  0.6416E+00
 -16.643  0.1716E+01  0.6587E+00
 -16.633  0.1745E+01  0.6762E+00
 -16.623  0.1774E+01  0.6939E+00
 -16.613  0.1803E+01  0.7120E+00
 -16.603  0.1832E+01  0.7303E+00
 -16.593  0.1861E+01  0.7489E+00
 -16.583  0.1890E+01  0.7678E+00
 -16.573  0.1919E+01  0.7870E+00
 -16.563  0.1947E+01  0.8064E+00
 -16.553  0.1976E+01  0.8262E+00
 -16.543  0.2005E+01  0.8463E+00
 -16.533  0.2033E+01  0.8666E+00
 -16.523  0.2061E+01  0.8872E+00
 -16.513  0.2089E+01  0.9081E+00
 -16.503  0.2117E+01  0.9292E+00
 -16.493  0.2144E+01  0.9507E+00
 -16.483  0.2172E+01  0.9724E+00
 -16.473  0.2199E+01  0.9944E+00
 -16.463  0.2226E+01  0.1017E+01
 -16.453  0.2253E+01  0.1039E+01
 -16.443  0.2279E+01  0.1062E+01
 -16.433  0.2306E+01  0.1085E+01
 -16.423  0.2332E+01  0.1108E+01
 -16.413  0.2357E+01  0.1132E+01
 -16.403  0.2383E+01  0.1156E+01
 -16.393  0.2408E+01  0.1180E+01
 -16.383  0.2433E+01  0.1204E+01
 -16.373  0.2457E+01  0.1229E+01
 -16.363  0.2482E+01  0.1254E+01
 -16.353  0.2505E+01  0.1279E+01
 -16.343  0.2529E+01  0.1304E+01
 -16.333  0.2552E+01  0.1329E+01
 -16.323  0.2575E+01  0.1355E+01
 -16.313  0.2598E+01  0.1381E+01
 -16.303  0.2620E+01  0.1407E+01
 -16.293  0.2642E+01  0.1434E+01
 -16.283  0.2663E+01  0.1460E+01
 -16.273  0.2684E+01  0.1487E+01
 -16.263  0.2705E+01  0.1514E+01
 -16.253  0.2725E+01  0.1542E+01
 -16.243  0.2745E+01  0.1569E+01
 -16.233  0.2765E+01  0.1597E+01
 -16.223  0.2784E+01  0.1624E+01
 -16.213  0.2803E+01  0.1652E+01
 -16.203  0.2821E+01  0.1681E+01
 -16.193  0.2839E+01  0.1709E+01
 -16.183  0.2857E+01  0.1738E+01
 -16.173  0.2874E+01  0.1766E+01
 -16.163  0.2891E+01  0.1795E+01
 -16.153  0.2908E+01  0.1824E+01
 -16.143  0.2924E+01  0.1854E+01
 -16.133  0.2940E+01  0.1883E+01
 -16.123  0.2955E+01  0.1913E+01
 -16.113  0.2971E+01  0.1942E+01
 -16.103  0.2986E+01  0.1972E+01
 -16.093  0.3000E+01  0.2002E+01
 -16.083  0.3014E+01  0.2032E+01
 -16.073  0.3028E+01  0.2063E+01
 -16.063  0.3042E+01  0.2093E+01
 -16.053  0.3055E+01  0.2124E+01
 -16.043  0.3068E+01  0.2154E+01
 -16.033  0.3081E+01  0.2185E+01
 -16.023  0.3094E+01  0.2216E+01
 -16.013  0.3106E+01  0.2247E+01
 -16.003  0.3118E+01  0.2278E+01
 -15.993  0.3130E+01  0.2310E+01
 -15.983  0.3142E+01  0.2341E+01
 -15.973  0.3153E+01  0.2372E+01
 -15.963  0.3164E+01  0.2404E+01
 -15.953  0.3176E+01  0.2436E+01
 -15.943  0.3187E+01  0.2468E+01
 -15.933  0.3197E+01  0.2500E+01
 -15.923  0.3208E+01  0.2532E+01
 -15.913  0.3219E+01  0.2564E+01
 -15.903  0.3229E+01  0.2596E+01
 -15.893  0.3240E+01  0.2629E+01
 -15.883  0.3250E+01  0.2661E+01
 -15.873  0.3261E+01  0.2694E+01
 -15.863  0.3271E+01  0.2727E+01
 -15.853  0.3282E+01  0.2759E+01
 -15.843  0.3292E+01  0.2792E+01
 -15.833  0.3303E+01  0.2825E+01
 -15.823  0.3313E+01  0.2858E+01
 -15.813  0.3324E+01  0.2892E+01
 -15.803  0.3335E+01  0.2925E+01
 -15.793  0.3346E+01  0.2958E+01
 -15.783  0.3357E+01  0.2992E+01
 -15.773  0.3368E+01  0.3026E+01
 -15.763  0.3380E+01  0.3060E+01
 -15.753  0.3391E+01  0.3093E+01
 -15.743  0.3403E+01  0.3127E+01
 -15.733  0.3415E+01  0.3162E+01
 -15.723  0.3427E+01  0.3196E+01
 -15.713  0.3440E+01  0.3230E+01
 -15.703  0.3453E+01  0.3265E+01
 -15.693  0.3466E+01  0.3299E+01
 -15.683  0.3480E+01  0.3334E+01
 -15.673  0.3494E+01  0.3369E+01
 -15.663  0.3508E+01  0.3404E+01
 -15.653  0.3523E+01  0.3440E+01
 -15.643  0.3538E+01  0.3475E+01
 -15.633  0.3554E+01  0.3510E+01
 -15.623  0.3570E+01  0.3546E+01
 -15.613  0.3586E+01  0.3582E+01
 -15.603  0.3603E+01  0.3618E+01
 -15.593  0.3620E+01  0.3654E+01
 -15.583  0.3638E+01  0.3691E+01
 -15.573  0.3657E+01  0.3727E+01
 -15.563  0.3676E+01  0.3764E+01
 -15.553  0.3695E+01  0.3801E+01
 -15.543  0.3716E+01  0.3838E+01
 -15.533  0.3736E+01  0.3875E+01
 -15.523  0.3758E+01  0.3913E+01
 -15.513  0.3779E+01  0.3951E+01
 -15.503  0.3802E+01  0.3989E+01
 -15.493  0.3825E+01  0.4027E+01
 -15.483  0.3849E+01  0.4066E+01
 -15.473  0.3873E+01  0.4104E+01
 -15.463  0.3898E+01  0.4143E+01
 -15.453  0.3924E+01  0.4182E+01
 -15.443  0.3950E+01  0.4222E+01
 -15.433  0.3977E+01  0.4262E+01
 -15.423  0.4004E+01  0.4302E+01
 -15.413  0.4032E+01  0.4342E+01
 -15.403  0.4061E+01  0.4383E+01
 -15.393  0.4090E+01  0.4424E+01
 -15.383  0.4120E+01  0.4465E+01
 -15.373  0.4151E+01  0.4506E+01
 -15.363  0.4182E+01  0.4548E+01
 -15.353  0.4214E+01  0.4590E+01
 -15.343  0.4246E+01  0.4633E+01
 -15.333  0.4279E+01  0.4676E+01
 -15.323  0.4313E+01  0.4719E+01
 -15.313  0.4347E+01  0.4762E+01
 -15.303  0.4382E+01  0.4806E+01
 -15.293  0.4417E+01  0.4850E+01
 -15.283  0.4452E+01  0.4895E+01
 -15.273  0.4488E+01  0.4940E+01
 -15.263  0.4525E+01  0.4985E+01
 -15.253  0.4562E+01  0.5030E+01
 -15.243  0.4599E+01  0.5076E+01
 -15.233  0.4637E+01  0.5123E+01
 -15.223  0.4675E+01  0.5170E+01
 -15.213  0.4714E+01  0.5217E+01
 -15.203  0.4752E+01  0.5264E+01
 -15.193  0.4791E+01  0.5312E+01
 -15.183  0.4831E+01  0.5360E+01
 -15.173  0.4870E+01  0.5409E+01
 -15.163  0.4910E+01  0.5458E+01
 -15.153  0.4949E+01  0.5508E+01
 -15.143  0.4989E+01  0.5558E+01
 -15.133  0.5029E+01  0.5608E+01
 -15.123  0.5069E+01  0.5659E+01
 -15.113  0.5108E+01  0.5710E+01
 -15.103  0.5148E+01  0.5761E+01
 -15.093  0.5187E+01  0.5813E+01
 -15.083  0.5227E+01  0.5865E+01
 -15.073  0.5266E+01  0.5918E+01
 -15.063  0.5305E+01  0.5971E+01
 -15.053  0.5343E+01  0.6024E+01
 -15.043  0.5381E+01  0.6078E+01
 -15.033  0.5419E+01  0.6132E+01
 -15.023  0.5456E+01  0.6187E+01
 -15.013  0.5493E+01  0.6242E+01
 -15.003  0.5529E+01  0.6297E+01
 -14.993  0.5565E+01  0.6353E+01
 -14.983  0.5600E+01  0.6409E+01
 -14.973  0.5634E+01  0.6465E+01
 -14.963  0.5668E+01  0.6522E+01
 -14.953  0.5700E+01  0.6579E+01
 -14.943  0.5732E+01  0.6636E+01
 -14.933  0.5763E+01  0.6694E+01
 -14.923  0.5792E+01  0.6752E+01
 -14.913  0.5821E+01  0.6810E+01
 -14.903  0.5849E+01  0.6868E+01
 -14.893  0.5876E+01  0.6927E+01
 -14.883  0.5901E+01  0.6986E+01
 -14.873  0.5925E+01  0.7045E+01
 -14.863  0.5948E+01  0.7105E+01
 -14.853  0.5970E+01  0.7165E+01
 -14.843  0.5990E+01  0.7225E+01
 -14.833  0.6009E+01  0.7285E+01
 -14.823  0.6026E+01  0.7345E+01
 -14.813  0.6042E+01  0.7405E+01
 -14.803  0.6057E+01  0.7466E+01
 -14.793  0.6070E+01  0.7527E+01
 -14.783  0.6081E+01  0.7587E+01
 -14.773  0.6091E+01  0.7648E+01
 -14.763  0.6099E+01  0.7709E+01
 -14.753  0.6105E+01  0.7770E+01
 -14.743  0.6109E+01  0.7831E+01
 -14.733  0.6112E+01  0.7893E+01
 -14.723  0.6113E+01  0.7954E+01
 -14.713  0.6113E+01  0.8015E+01
 -14.703  0.6110E+01  0.8076E+01
 -14.693  0.6105E+01  0.8137E+01
 -14.683  0.6099E+01  0.8198E+01
 -14.673  0.6091E+01  0.8259E+01
 -14.663  0.6081E+01  0.8320E+01
 -14.653  0.6069E+01  0.8380E+01
 -14.643  0.6055E+01  0.8441E+01
 -14.633  0.6039E+01  0.8501E+01
 -14.623  0.6022E+01  0.8562E+01
 -14.613  0.6002E+01  0.8622E+01
 -14.603  0.5981E+01  0.8681E+01
 -14.593  0.5957E+01  0.8741E+01
 -14.583  0.5932E+01  0.8800E+01
 -14.573  0.5905E+01  0.8859E+01
 -14.563  0.5876E+01  0.8918E+01
 -14.553  0.5845E+01  0.8977E+01
 -14.543  0.5813E+01  0.9035E+01
 -14.533  0.5778E+01  0.9092E+01
 -14.523  0.5742E+01  0.9150E+01
 -14.513  0.5704E+01  0.9207E+01
 -14.503  0.5664E+01  0.9264E+01
 -14.493  0.5622E+01  0.9320E+01
 -14.483  0.5579E+01  0.9376E+01
 -14.473  0.5534E+01  0.9431E+01
 -14.463  0.5488E+01  0.9486E+01
 -14.453  0.5440E+01  0.9540E+01
 -14.443  0.5390E+01  0.9594E+01
 -14.433  0.5339E+01  0.9647E+01
 -14.423  0.5286E+01  0.9700E+01
 -14.413  0.5232E+01  0.9753E+01
 -14.403  0.5177E+01  0.9804E+01
 -14.393  0.5120E+01  0.9856E+01
 -14.383  0.5062E+01  0.9906E+01
 -14.373  0.5003E+01  0.9956E+01
 -14.363  0.4943E+01  0.1001E+02
 -14.353  0.4881E+01  0.1005E+02
 -14.343  0.4819E+01  0.1010E+02
 -14.333  0.4755E+01  0.1015E+02
 -14.323  0.4691E+01  0.1020E+02
 -14.313  0.4626E+01  0.1024E+02
 -14.303  0.4559E+01  0.1029E+02
 -14.293  0.4492E+01  0.1033E+02
 -14.283  0.4425E+01  0.1038E+02
 -14.273  0.4356E+01  0.1042E+02
 -14.263  0.4287E+01  0.1046E+02
 -14.253  0.4218E+01  0.1051E+02
 -14.243  0.4148E+01  0.1055E+02
 -14.233  0.4077E+01  0.1059E+02
 -14.223  0.4006E+01  0.1063E+02
 -14.213  0.3935E+01  0.1067E+02
 -14.203  0.3864E+01  0.1071E+02
 -14.193  0.3792E+01  0.1075E+02
 -14.183  0.3721E+01  0.1078E+02
 -14.173  0.3649E+01  0.1082E+02
 -14.163  0.3577E+01  0.1085E+02
 -14.153  0.3505E+01  0.1089E+02
 -14.143  0.3433E+01  0.1092E+02
 -14.133  0.3361E+01  0.1096E+02
 -14.123  0.3290E+01  0.1099E+02
 -14.113  0.3219E+01  0.1102E+02
 -14.103  0.3148E+01  0.1105E+02
 -14.093  0.3077E+01  0.1108E+02
 -14.083  0.3007E+01  0.1111E+02
 -14.073  0.2937E+01  0.1114E+02
 -14.063  0.2867E+01  0.1117E+02
 -14.053  0.2798E+01  0.1120E+02
 -14.043  0.2730E+01  0.1123E+02
 -14.033  0.2662E+01  0.1125E+02
 -14.023  0.2595E+01  0.1128E+02
 -14.013  0.2529E+01  0.1131E+02
 -14.003  0.2463E+01  0.1133E+02
 -13.993  0.2398E+01  0.1135E+02
 -13.983  0.2334E+01  0.1138E+02
 -13.973  0.2270E+01  0.1140E+02
 -13.963  0.2207E+01  0.1142E+02
 -13.953  0.2146E+01  0.1144E+02
 -13.943  0.2085E+01  0.1147E+02
 -13.933  0.2025E+01  0.1149E+02
 -13.923  0.1965E+01  0.1150E+02
 -13.913  0.1907E+01  0.1152E+02
 -13.903  0.1850E+01  0.1154E+02
 -13.893  0.1794E+01  0.1156E+02
 -13.883  0.1738E+01  0.1158E+02
 -13.873  0.1684E+01  0.1159E+02
 -13.863  0.1631E+01  0.1161E+02
 -13.853  0.1579E+01  0.1163E+02
 -13.843  0.1528E+01  0.1164E+02
 -13.833  0.1477E+01  0.1166E+02
 -13.823  0.1428E+01  0.1167E+02
 -13.813  0.1380E+01  0.1168E+02
 -13.803  0.1333E+01  0.1170E+02
 -13.793  0.1287E+01  0.1171E+02
 -13.783  0.1243E+01  0.1172E+02
 -13.773  0.1199E+01  0.1174E+02
 -13.763  0.1156E+01  0.1175E+02
 -13.753  0.1114E+01  0.1176E+02
 -13.743  0.1074E+01  0.1177E+02
 -13.733  0.1034E+01  0.1178E+02
 -13.723  0.9958E+00  0.1179E+02
 -13.713  0.9583E+00  0.1180E+02
 -13.703  0.9218E+00  0.1181E+02
 -13.693  0.8863E+00  0.1182E+02
 -13.683  0.8519E+00  0.1183E+02
 -13.673  0.8184E+00  0.1183E+02
 -13.663  0.7860E+00  0.1184E+02
 -13.653  0.7545E+00  0.1185E+02
 -13.643  0.7239E+00  0.1186E+02
 -13.633  0.6943E+00  0.1186E+02
 -13.623  0.6657E+00  0.1187E+02
 -13.613  0.6379E+00  0.1188E+02
 -13.603  0.6111E+00  0.1188E+02
 -13.593  0.5851E+00  0.1189E+02
 -13.583  0.5600E+00  0.1189E+02
 -13.573  0.5358E+00  0.1190E+02
 -13.563  0.5123E+00  0.1190E+02
 -13.553  0.4897E+00  0.1191E+02
 -13.543  0.4679E+00  0.1191E+02
 -13.533  0.4469E+00  0.1192E+02
 -13.523  0.4267E+00  0.1192E+02
 -13.513  0.4072E+00  0.1193E+02
 -13.503  0.3884E+00  0.1193E+02
 -13.493  0.3703E+00  0.1193E+02
 -13.483  0.3529E+00  0.1194E+02
 -13.473  0.3362E+00  0.1194E+02
 -13.463  0.3202E+00  0.1194E+02
 -13.453  0.3047E+00  0.1195E+02
 -13.443  0.2899E+00  0.1195E+02
 -13.433  0.2758E+00  0.1195E+02
 -13.423  0.2621E+00  0.1196E+02
 -13.413  0.2491E+00  0.1196E+02
 -13.403  0.2366E+00  0.1196E+02
 -13.393  0.2246E+00  0.1196E+02
 -13.383  0.2132E+00  0.1196E+02
 -13.373  0.2022E+00  0.1197E+02
 -13.363  0.1918E+00  0.1197E+02
 -13.353  0.1818E+00  0.1197E+02
 -13.343  0.1722E+00  0.1197E+02
 -13.333  0.1631E+00  0.1197E+02
 -13.323  0.1544E+00  0.1198E+02
 -13.313  0.1461E+00  0.1198E+02
 -13.303  0.1381E+00  0.1198E+02
 -13.293  0.1306E+00  0.1198E+02
 -13.283  0.1234E+00  0.1198E+02
 -13.273  0.1166E+00  0.1198E+02
 -13.263  0.1101E+00  0.1198E+02
 -13.253  0.1039E+00  0.1198E+02
 -13.243  0.9801E-01  0.1199E+02
 -13.233  0.9242E-01  0.1199E+02
 -13.223  0.8712E-01  0.1199E+02
 -13.213  0.8208E-01  0.1199E+02
 -13.203  0.7730E-01  0.1199E+02
 -13.193  0.7277E-01  0.1199E+02
 -13.183  0.6848E-01  0.1199E+02
 -13.173  0.6441E-01  0.1199E+02
 -13.163  0.6056E-01  0.1199E+02
 -13.153  0.5691E-01  0.1199E+02
 -13.143  0.5346E-01  0.1199E+02
 -13.133  0.5020E-01  0.1199E+02
 -13.123  0.4711E-01  0.1199E+02
 -13.113  0.4420E-01  0.1199E+02
 -13.103  0.4145E-01  0.1199E+02
 -13.093  0.3885E-01  0.1199E+02
 -13.083  0.3641E-01  0.1200E+02
 -13.073  0.3410E-01  0.1200E+02
 -13.063  0.3192E-01  0.1200E+02
 -13.053  0.2987E-01  0.1200E+02
 -13.043  0.2794E-01  0.1200E+02
 -13.033  0.2612E-01  0.1200E+02
 -13.023  0.2441E-01  0.1200E+02
 -13.013  0.2281E-01  0.1200E+02
 -13.003  0.2130E-01  0.1200E+02
 -12.993  0.1988E-01  0.1200E+02
 -12.983  0.1854E-01  0.1200E+02
 -12.973  0.1729E-01  0.1200E+02
 -12.963  0.1612E-01  0.1200E+02
 -12.953  0.1502E-01  0.1200E+02
 -12.943  0.1399E-01  0.1200E+02
 -12.933  0.1303E-01  0.1200E+02
 -12.923  0.1212E-01  0.1200E+02
 -12.913  0.1128E-01  0.1200E+02
 -12.903  0.1048E-01  0.1200E+02
 -12.893  0.9743E-02  0.1200E+02
 -12.883  0.9051E-02  0.1200E+02
 -12.873  0.8405E-02  0.1200E+02
 -12.863  0.7802E-02  0.1200E+02
 -12.853  0.7238E-02  0.1200E+02
 -12.843  0.6713E-02  0.1200E+02
 -12.833  0.6223E-02  0.1200E+02
 -12.823  0.5766E-02  0.1200E+02
 -12.813  0.5341E-02  0.1200E+02
 -12.803  0.4944E-02  0.1200E+02
 -12.793  0.4576E-02  0.1200E+02
 -12.783  0.4233E-02  0.1200E+02
 -12.773  0.3914E-02  0.1200E+02
 -12.763  0.3617E-02  0.1200E+02
 -12.753  0.3342E-02  0.1200E+02
 -12.743  0.3086E-02  0.1200E+02
 -12.733  0.2848E-02  0.1200E+02
 -12.723  0.2628E-02  0.1200E+02
 -12.713  0.2424E-02  0.1200E+02
 -12.703  0.2234E-02  0.1200E+02
 -12.693  0.2059E-02  0.1200E+02
 -12.683  0.1896E-02  0.1200E+02
 -12.673  0.1746E-02  0.1200E+02
 -12.663  0.1607E-02  0.1200E+02
 -12.653  0.1478E-02  0.1200E+02
 -12.643  0.1359E-02  0.1200E+02
 -12.633  0.1249E-02  0.1200E+02
 -12.623  0.1147E-02  0.1200E+02
 -12.613  0.1054E-02  0.1200E+02
 -12.603  0.9672E-03  0.1200E+02
 -12.593  0.8874E-03  0.1200E+02
 -12.583  0.8139E-03  0.1200E+02
 -12.573  0.7461E-03  0.1200E+02
 -12.563  0.6837E-03  0.1200E+02
 -12.553  0.6262E-03  0.1200E+02
 -12.543  0.5733E-03  0.1200E+02
 -12.533  0.5247E-03  0.1200E+02
 -12.523  0.4800E-03  0.1200E+02
 -12.513  0.4389E-03  0.1200E+02
 -12.503  0.4011E-03  0.1200E+02
 -12.493  0.3665E-03  0.1200E+02
 -12.483  0.3346E-03  0.1200E+02
 -12.473  0.3055E-03  0.1200E+02
 -12.463  0.2787E-03  0.1200E+02
 -12.453  0.2542E-03  0.1200E+02
 -12.443  0.2317E-03  0.1200E+02
 -12.433  0.2112E-03  0.1200E+02
 -12.423  0.1923E-03  0.1200E+02
 -12.413  0.1751E-03  0.1200E+02
 -12.403  0.1594E-03  0.1200E+02
 -12.393  0.1450E-03  0.1200E+02
 -12.383  0.1318E-03  0.1200E+02
 -12.373  0.1198E-03  0.1200E+02
 -12.363  0.1088E-03  0.1200E+02
 -12.353  0.9885E-04  0.1200E+02
 -12.343  0.8972E-04  0.1200E+02
 -12.333  0.8141E-04  0.1200E+02
 -12.323  0.7383E-04  0.1200E+02
 -12.313  0.6694E-04  0.1200E+02
 -12.303  0.6065E-04  0.1200E+02
 -12.293  0.5494E-04  0.1200E+02
 -12.283  0.4974E-04  0.1200E+02
 -12.273  0.4502E-04  0.1200E+02
 -12.263  0.4072E-04  0.1200E+02
 -12.253  0.3682E-04  0.1200E+02
 -12.243  0.3328E-04  0.1200E+02
 -12.233  0.3007E-04  0.1200E+02
 -12.223  0.2715E-04  0.1200E+02
 -12.213  0.2451E-04  0.1200E+02
 -12.203  0.2212E-04  0.1200E+02
 -12.193  0.1995E-04  0.1200E+02
 -12.183  0.1798E-04  0.1200E+02
 -12.173  0.1620E-04  0.1200E+02
 -12.163  0.1459E-04  0.1200E+02
 -12.153  0.1314E-04  0.1200E+02
 -12.143  0.1183E-04  0.1200E+02
 -12.133  0.1064E-04  0.1200E+02
 -12.123  0.9566E-05  0.1200E+02
 -12.113  0.8598E-05  0.1200E+02
 -12.103  0.7724E-05  0.1200E+02
 -12.093  0.6937E-05  0.1200E+02
 -12.083  0.6227E-05  0.1200E+02
 -12.073  0.5587E-05  0.1200E+02
 -12.063  0.5011E-05  0.1200E+02
 -12.053  0.4492E-05  0.1200E+02
 -12.043  0.4025E-05  0.1200E+02
 -12.033  0.3606E-05  0.1200E+02
 -12.023  0.3228E-05  0.1200E+02
 -12.013  0.2889E-05  0.1200E+02
 -12.003  0.2584E-05  0.1200E+02
 -11.993  0.2311E-05  0.1200E+02
 -11.983  0.2066E-05  0.1200E+02
 -11.973  0.1845E-05  0.1200E+02
 -11.963  0.1648E-05  0.1200E+02
 -11.953  0.1471E-05  0.1200E+02
 -11.943  0.1313E-05  0.1200E+02
 -11.933  0.1171E-05  0.1200E+02
 -11.923  0.1044E-05  0.1200E+02
 -11.913  0.9300E-06  0.1200E+02
 -11.903  0.8284E-06  0.1200E+02
 -11.893  0.7375E-06  0.1200E+02
 -11.883  0.6564E-06  0.1200E+02
 -11.873  0.5839E-06  0.1200E+02
 -11.863  0.5192E-06  0.1200E+02
 -11.853  0.4615E-06  0.1200E+02
 -11.843  0.4100E-06  0.1200E+02
 -11.833  0.3641E-06  0.1200E+02
 -11.823  0.3232E-06  0.1200E+02
 -11.813  0.2868E-06  0.1200E+02
 -11.803  0.2543E-06  0.1200E+02
 -11.793  0.2255E-06  0.1200E+02
 -11.783  0.1998E-06  0.1200E+02
 -11.773  0.1770E-06  0.1200E+02
 -11.763  0.1567E-06  0.1200E+02
 -11.753  0.1387E-06  0.1200E+02
 -11.743  0.1227E-06  0.1200E+02
 -11.733  0.1085E-06  0.1200E+02
 -11.723  0.9588E-07  0.1200E+02
 -11.713  0.8471E-07  0.1200E+02
 -11.703  0.7480E-07  0.1200E+02
 -11.693  0.6603E-07  0.1200E+02
 -11.683  0.5826E-07  0.1200E+02
 -11.673  0.5138E-07  0.1200E+02
 -11.663  0.4530E-07  0.1200E+02
 -11.653  0.3992E-07  0.1200E+02
 -11.643  0.3516E-07  0.1200E+02
 -11.633  0.3096E-07  0.1200E+02
 -11.623  0.2725E-07  0.1200E+02
 -11.613  0.2397E-07  0.1200E+02
 -11.603  0.2107E-07  0.1200E+02
 -11.593  0.1852E-07  0.1200E+02
 -11.583  0.1627E-07  0.1200E+02
 -11.573  0.1429E-07  0.1200E+02
 -11.563  0.1255E-07  0.1200E+02
 -11.553  0.1101E-07  0.1200E+02
 -11.543  0.9654E-08  0.1200E+02
 -11.533  0.8463E-08  0.1200E+02
 -11.523  0.7416E-08  0.1200E+02
 -11.513  0.6496E-08  0.1200E+02
 -11.503  0.5688E-08  0.1200E+02
 -11.493  0.4978E-08  0.1200E+02
 -11.483  0.4354E-08  0.1200E+02
 -11.473  0.3808E-08  0.1200E+02
 -11.463  0.3328E-08  0.1200E+02
 -11.453  0.2907E-08  0.1200E+02
 -11.443  0.2539E-08  0.1200E+02
 -11.433  0.2216E-08  0.1200E+02
 -11.423  0.1934E-08  0.1200E+02
 -11.413  0.1687E-08  0.1200E+02
 -11.403  0.1470E-08  0.1200E+02
 -11.393  0.1281E-08  0.1200E+02
 -11.383  0.1116E-08  0.1200E+02
 -11.373  0.9717E-09  0.1200E+02
 -11.363  0.8457E-09  0.1200E+02
 -11.353  0.7356E-09  0.1200E+02
 -11.343  0.6397E-09  0.1200E+02
 -11.333  0.5560E-09  0.1200E+02
 -11.323  0.4830E-09  0.1200E+02
 -11.313  0.4195E-09  0.1200E+02
 -11.303  0.3641E-09  0.1200E+02
 -11.293  0.3159E-09  0.1200E+02
 -11.283  0.2740E-09  0.1200E+02
 -11.273  0.2375E-09  0.1200E+02
 -11.263  0.2058E-09  0.1200E+02
 -11.253  0.1783E-09  0.1200E+02
 -11.243  0.1544E-09  0.1200E+02
 -11.233  0.1336E-09  0.1200E+02
 -11.223  0.1156E-09  0.1200E+02
 -11.213  0.9993E-10  0.1200E+02
 -11.203  0.8637E-10  0.1200E+02
 -11.193  0.7462E-10  0.1200E+02
 -11.183  0.6444E-10  0.1200E+02
 -11.173  0.5563E-10  0.1200E+02
 -11.163  0.4800E-10  0.1200E+02
 -11.153  0.4139E-10  0.1200E+02
 -11.143  0.3569E-10  0.1200E+02
 -11.133  0.3075E-10  0.1200E+02
 -11.123  0.2649E-10  0.1200E+02
 -11.113  0.2280E-10  0.1200E+02
 -11.103  0.1963E-10  0.1200E+02
 -11.093  0.1688E-10  0.1200E+02
 -11.083  0.1452E-10  0.1200E+02
 -11.073  0.1248E-10  0.1200E+02
 -11.063  0.1072E-10  0.1200E+02
 -11.053  0.9206E-11  0.1200E+02
 -11.043  0.7902E-11  0.1200E+02
 -11.033  0.6780E-11  0.1200E+02
 -11.023  0.5815E-11  0.1200E+02
 -11.013  0.4985E-11  0.1200E+02
 -11.003  0.4272E-11  0.1200E+02
 -10.993  0.3659E-11  0.1200E+02
 -10.983  0.3133E-11  0.1200E+02
 -10.973  0.2681E-11  0.1200E+02
 -10.963  0.2293E-11  0.1200E+02
 -10.953  0.1961E-11  0.1200E+02
 -10.943  0.1676E-11  0.1200E+02
 -10.933  0.1432E-11  0.1200E+02
 -10.923  0.1223E-11  0.1200E+02
 -10.913  0.1044E-11  0.1200E+02
 -10.903  0.8906E-12  0.1200E+02
 -10.893  0.7596E-12  0.1200E+02
 -10.883  0.6476E-12  0.1200E+02
 -10.873  0.5518E-12  0.1200E+02
 -10.863  0.4700E-12  0.1200E+02
 -10.853  0.4002E-12  0.1200E+02
 -10.843  0.3406E-12  0.1200E+02
 -10.833  0.2897E-12  0.1200E+02
 -10.823  0.2463E-12  0.1200E+02
 -10.813  0.2094E-12  0.1200E+02
 -10.803  0.1779E-12  0.1200E+02
 -10.793  0.1511E-12  0.1200E+02
 -10.783  0.1282E-12  0.1200E+02
 -10.773  0.1088E-12  0.1200E+02
 -10.763  0.9228E-13  0.1200E+02
 -10.753  0.7823E-13  0.1200E+02
 -10.743  0.6630E-13  0.1200E+02
 -10.733  0.5616E-13  0.1200E+02
 -10.723  0.4756E-13  0.1200E+02
 -10.713  0.4025E-13  0.1200E+02
 -10.703  0.3406E-13  0.1200E+02
 -10.693  0.2881E-13  0.1200E+02
 -10.683  0.2437E-13  0.1200E+02
 -10.673  0.2060E-13  0.1200E+02
 -10.663  0.1742E-13  0.1200E+02
 -10.653  0.1472E-13  0.1200E+02
 -10.643  0.1245E-13  0.1200E+02
 -10.633  0.1053E-13  0.1200E+02
 -10.623  0.8919E-14  0.1200E+02
 -10.613  0.7561E-14  0.1200E+02
 -10.603  0.6423E-14  0.1200E+02
 -10.593  0.5472E-14  0.1200E+02
 -10.583  0.4680E-14  0.1200E+02
 -10.573  0.4027E-14  0.1200E+02
 -10.563  0.3492E-14  0.1200E+02
 -10.553  0.3060E-14  0.1200E+02
 -10.543  0.2719E-14  0.1200E+02
 -10.533  0.2458E-14  0.1200E+02
 -10.523  0.2269E-14  0.1200E+02
 -10.513  0.2147E-14  0.1200E+02
 -10.503  0.2088E-14  0.1200E+02
 -10.493  0.2088E-14  0.1200E+02
 -10.483  0.2148E-14  0.1200E+02
 -10.473  0.2269E-14  0.1200E+02
 -10.463  0.2452E-14  0.1200E+02
 -10.453  0.2702E-14  0.1200E+02
 -10.443  0.3025E-14  0.1200E+02
 -10.433  0.3429E-14  0.1200E+02
 -10.423  0.3923E-14  0.1200E+02
 -10.413  0.4520E-14  0.1200E+02
 -10.403  0.5233E-14  0.1200E+02
 -10.393  0.6080E-14  0.1200E+02
 -10.383  0.7082E-14  0.1200E+02
 -10.373  0.8263E-14  0.1200E+02
 -10.363  0.9652E-14  0.1200E+02
 -10.353  0.1128E-13  0.1200E+02
 -10.343  0.1319E-13  0.1200E+02
 -10.333  0.1542E-13  0.1200E+02
 -10.323  0.1803E-13  0.1200E+02
 -10.313  0.2108E-13  0.1200E+02
 -10.303  0.2464E-13  0.1200E+02
 -10.293  0.2880E-13  0.1200E+02
 -10.283  0.3364E-13  0.1200E+02
 -10.273  0.3929E-13  0.1200E+02
 -10.263  0.4586E-13  0.1200E+02
 -10.253  0.5351E-13  0.1200E+02
 -10.243  0.6242E-13  0.1200E+02
 -10.233  0.7278E-13  0.1200E+02
 -10.223  0.8483E-13  0.1200E+02
 -10.213  0.9882E-13  0.1200E+02
 -10.203  0.1151E-12  0.1200E+02
 -10.193  0.1340E-12  0.1200E+02
 -10.183  0.1559E-12  0.1200E+02
 -10.173  0.1813E-12  0.1200E+02
 -10.163  0.2108E-12  0.1200E+02
 -10.153  0.2450E-12  0.1200E+02
 -10.143  0.2845E-12  0.1200E+02
 -10.133  0.3304E-12  0.1200E+02
 -10.123  0.3835E-12  0.1200E+02
 -10.113  0.4449E-12  0.1200E+02
 -10.103  0.5160E-12  0.1200E+02
 -10.093  0.5981E-12  0.1200E+02
 -10.083  0.6931E-12  0.1200E+02
 -10.073  0.8027E-12  0.1200E+02
 -10.063  0.9294E-12  0.1200E+02
 -10.053  0.1076E-11  0.1200E+02
 -10.043  0.1244E-11  0.1200E+02
 -10.033  0.1439E-11  0.1200E+02
 -10.023  0.1663E-11  0.1200E+02
 -10.013  0.1921E-11  0.1200E+02
 -10.003  0.2219E-11  0.1200E+02
  -9.993  0.2561E-11  0.1200E+02
  -9.983  0.2955E-11  0.1200E+02
  -9.973  0.3409E-11  0.1200E+02
  -9.963  0.3930E-11  0.1200E+02
  -9.953  0.4529E-11  0.1200E+02
  -9.943  0.5218E-11  0.1200E+02
  -9.933  0.6008E-11  0.1200E+02
  -9.923  0.6916E-11  0.1200E+02
  -9.913  0.7957E-11  0.1200E+02
  -9.903  0.9151E-11  0.1200E+02
  -9.893  0.1052E-10  0.1200E+02
  -9.883  0.1209E-10  0.1200E+02
  -9.873  0.1388E-10  0.1200E+02
  -9.863  0.1594E-10  0.1200E+02
  -9.853  0.1830E-10  0.1200E+02
  -9.843  0.2099E-10  0.1200E+02
  -9.833  0.2407E-10  0.1200E+02
  -9.823  0.2759E-10  0.1200E+02
  -9.813  0.3161E-10  0.1200E+02
  -9.803  0.3620E-10  0.1200E+02
  -9.793  0.4144E-10  0.1200E+02
  -9.783  0.4742E-10  0.1200E+02
  -9.773  0.5425E-10  0.1200E+02
  -9.763  0.6202E-10  0.1200E+02
  -9.753  0.7089E-10  0.1200E+02
  -9.743  0.8098E-10  0.1200E+02
  -9.733  0.9248E-10  0.1200E+02
  -9.723  0.1056E-09  0.1200E+02
  -9.713  0.1204E-09  0.1200E+02
  -9.703  0.1374E-09  0.1200E+02
  -9.693  0.1566E-09  0.1200E+02
  -9.683  0.1785E-09  0.1200E+02
  -9.673  0.2033E-09  0.1200E+02
  -9.663  0.2315E-09  0.1200E+02
  -9.653  0.2635E-09  0.1200E+02
  -9.643  0.2998E-09  0.1200E+02
  -9.633  0.3409E-09  0.1200E+02
  -9.623  0.3875E-09  0.1200E+02
  -9.613  0.4403E-09  0.1200E+02
  -9.603  0.5001E-09  0.1200E+02
  -9.593  0.5678E-09  0.1200E+02
  -9.583  0.6444E-09  0.1200E+02
  -9.573  0.7310E-09  0.1200E+02
  -9.563  0.8289E-09  0.1200E+02
  -9.553  0.9396E-09  0.1200E+02
  -9.543  0.1065E-08  0.1200E+02
  -9.533  0.1206E-08  0.1200E+02
  -9.523  0.1365E-08  0.1200E+02
  -9.513  0.1544E-08  0.1200E+02
  -9.503  0.1747E-08  0.1200E+02
  -9.493  0.1975E-08  0.1200E+02
  -9.483  0.2232E-08  0.1200E+02
  -9.473  0.2522E-08  0.1200E+02
  -9.463  0.2848E-08  0.1200E+02
  -9.453  0.3215E-08  0.1200E+02
  -9.443  0.3627E-08  0.1200E+02
  -9.433  0.4091E-08  0.1200E+02
  -9.423  0.4612E-08  0.1200E+02
  -9.413  0.5198E-08  0.1200E+02
  -9.403  0.5855E-08  0.1200E+02
  -9.393  0.6593E-08  0.1200E+02
  -9.383  0.7421E-08  0.1200E+02
  -9.373  0.8349E-08  0.1200E+02
  -9.363  0.9389E-08  0.1200E+02
  -9.353  0.1056E-07  0.1200E+02
  -9.343  0.1186E-07  0.1200E+02
  -9.333  0.1332E-07  0.1200E+02
  -9.323  0.1496E-07  0.1200E+02
  -9.313  0.1679E-07  0.1200E+02
  -9.303  0.1883E-07  0.1200E+02
  -9.293  0.2112E-07  0.1200E+02
  -9.283  0.2367E-07  0.1200E+02
  -9.273  0.2652E-07  0.1200E+02
  -9.263  0.2971E-07  0.1200E+02
  -9.253  0.3326E-07  0.1200E+02
  -9.243  0.3722E-07  0.1200E+02
  -9.233  0.4164E-07  0.1200E+02
  -9.223  0.4656E-07  0.1200E+02
  -9.213  0.5204E-07  0.1200E+02
  -9.203  0.5814E-07  0.1200E+02
  -9.193  0.6493E-07  0.1200E+02
  -9.183  0.7249E-07  0.1200E+02
  -9.173  0.8089E-07  0.1200E+02
  -9.163  0.9022E-07  0.1200E+02
  -9.153  0.1006E-06  0.1200E+02
  -9.143  0.1121E-06  0.1200E+02
  -9.133  0.1249E-06  0.1200E+02
  -9.123  0.1391E-06  0.1200E+02
  -9.113  0.1548E-06  0.1200E+02
  -9.103  0.1723E-06  0.1200E+02
  -9.093  0.1916E-06  0.1200E+02
  -9.083  0.2131E-06  0.1200E+02
  -9.073  0.2368E-06  0.1200E+02
  -9.063  0.2630E-06  0.1200E+02
  -9.053  0.2921E-06  0.1200E+02
  -9.043  0.3242E-06  0.1200E+02
  -9.033  0.3598E-06  0.1200E+02
  -9.023  0.3990E-06  0.1200E+02
  -9.013  0.4423E-06  0.1200E+02
  -9.003  0.4902E-06  0.1200E+02
  -8.993  0.5430E-06  0.1200E+02
  -8.983  0.6013E-06  0.1200E+02
  -8.973  0.6656E-06  0.1200E+02
  -8.963  0.7364E-06  0.1200E+02
  -8.953  0.8144E-06  0.1200E+02
  -8.943  0.9003E-06  0.1200E+02
  -8.933  0.9949E-06  0.1200E+02
  -8.923  0.1099E-05  0.1200E+02
  -8.913  0.1213E-05  0.1200E+02
  -8.903  0.1339E-05  0.1200E+02
  -8.893  0.1478E-05  0.1200E+02
  -8.883  0.1630E-05  0.1200E+02
  -8.873  0.1797E-05  0.1200E+02
  -8.863  0.1980E-05  0.1200E+02
  -8.853  0.2181E-05  0.1200E+02
  -8.843  0.2401E-05  0.1200E+02
  -8.833  0.2643E-05  0.1200E+02
  -8.823  0.2907E-05  0.1200E+02
  -8.813  0.3197E-05  0.1200E+02
  -8.803  0.3515E-05  0.1200E+02
  -8.793  0.3862E-05  0.1200E+02
  -8.783  0.4243E-05  0.1200E+02
  -8.773  0.4658E-05  0.1200E+02
  -8.763  0.5113E-05  0.1200E+02
  -8.753  0.5609E-05  0.1200E+02
  -8.743  0.6151E-05  0.1200E+02
  -8.733  0.6743E-05  0.1200E+02
  -8.723  0.7389E-05  0.1200E+02
  -8.713  0.8094E-05  0.1200E+02
  -8.703  0.8862E-05  0.1200E+02
  -8.693  0.9699E-05  0.1200E+02
  -8.683  0.1061E-04  0.1200E+02
  -8.673  0.1160E-04  0.1200E+02
  -8.663  0.1269E-04  0.1200E+02
  -8.653  0.1386E-04  0.1200E+02
  -8.643  0.1514E-04  0.1200E+02
  -8.633  0.1653E-04  0.1200E+02
  -8.623  0.1805E-04  0.1200E+02
  -8.613  0.1969E-04  0.1200E+02
  -8.603  0.2147E-04  0.1200E+02
  -8.593  0.2341E-04  0.1200E+02
  -8.583  0.2551E-04  0.1200E+02
  -8.573  0.2779E-04  0.1200E+02
  -8.563  0.3026E-04  0.1200E+02
  -8.553  0.3293E-04  0.1200E+02
  -8.543  0.3583E-04  0.1200E+02
  -8.533  0.3897E-04  0.1200E+02
  -8.523  0.4237E-04  0.1200E+02
  -8.513  0.4604E-04  0.1200E+02
  -8.503  0.5002E-04  0.1200E+02
  -8.493  0.5431E-04  0.1200E+02
  -8.483  0.5895E-04  0.1200E+02
  -8.473  0.6397E-04  0.1200E+02
  -8.463  0.6938E-04  0.1200E+02
  -8.453  0.7522E-04  0.1200E+02
  -8.443  0.8153E-04  0.1200E+02
  -8.433  0.8832E-04  0.1200E+02
  -8.423  0.9565E-04  0.1200E+02
  -8.413  0.1035E-03  0.1200E+02
  -8.403  0.1120E-03  0.1200E+02
  -8.393  0.1212E-03  0.1200E+02
  -8.383  0.1310E-03  0.1200E+02
  -8.373  0.1416E-03  0.1200E+02
  -8.363  0.1530E-03  0.1200E+02
  -8.353  0.1653E-03  0.1200E+02
  -8.343  0.1784E-03  0.1200E+02
  -8.333  0.1926E-03  0.1200E+02
  -8.323  0.2077E-03  0.1200E+02
  -8.313  0.2240E-03  0.1200E+02
  -8.303  0.2415E-03  0.1200E+02
  -8.293  0.2602E-03  0.1200E+02
  -8.283  0.2803E-03  0.1200E+02
  -8.273  0.3018E-03  0.1200E+02
  -8.263  0.3248E-03  0.1200E+02
  -8.253  0.3495E-03  0.1200E+02
  -8.243  0.3759E-03  0.1200E+02
  -8.233  0.4041E-03  0.1200E+02
  -8.223  0.4343E-03  0.1200E+02
  -8.213  0.4665E-03  0.1200E+02
  -8.203  0.5010E-03  0.1200E+02
  -8.193  0.5378E-03  0.1200E+02
  -8.183  0.5771E-03  0.1200E+02
  -8.173  0.6191E-03  0.1200E+02
  -8.163  0.6638E-03  0.1200E+02
  -8.153  0.7115E-03  0.1200E+02
  -8.143  0.7624E-03  0.1200E+02
  -8.133  0.8166E-03  0.1200E+02
  -8.123  0.8743E-03  0.1200E+02
  -8.113  0.9358E-03  0.1200E+02
  -8.103  0.1001E-02  0.1200E+02
  -8.093  0.1071E-02  0.1200E+02
  -8.083  0.1145E-02  0.1200E+02
  -8.073  0.1223E-02  0.1200E+02
  -8.063  0.1307E-02  0.1200E+02
  -8.053  0.1396E-02  0.1200E+02
  -8.043  0.1490E-02  0.1200E+02
  -8.033  0.1590E-02  0.1200E+02
  -8.023  0.1696E-02  0.1200E+02
  -8.013  0.1809E-02  0.1200E+02
  -8.003  0.1928E-02  0.1200E+02
  -7.993  0.2055E-02  0.1200E+02
  -7.983  0.2189E-02  0.1200E+02
  -7.973  0.2331E-02  0.1200E+02
  -7.963  0.2481E-02  0.1200E+02
  -7.953  0.2640E-02  0.1200E+02
  -7.943  0.2808E-02  0.1200E+02
  -7.933  0.2986E-02  0.1200E+02
  -7.923  0.3174E-02  0.1200E+02
  -7.913  0.3372E-02  0.1200E+02
  -7.903  0.3582E-02  0.1200E+02
  -7.893  0.3804E-02  0.1200E+02
  -7.883  0.4037E-02  0.1200E+02
  -7.873  0.4284E-02  0.1200E+02
  -7.863  0.4544E-02  0.1200E+02
  -7.853  0.4818E-02  0.1200E+02
  -7.843  0.5107E-02  0.1200E+02
  -7.833  0.5411E-02  0.1200E+02
  -7.823  0.5732E-02  0.1200E+02
  -7.813  0.6069E-02  0.1200E+02
  -7.803  0.6424E-02  0.1200E+02
  -7.793  0.6798E-02  0.1200E+02
  -7.783  0.7190E-02  0.1200E+02
  -7.773  0.7603E-02  0.1200E+02
  -7.763  0.8037E-02  0.1200E+02
  -7.753  0.8492E-02  0.1200E+02
  -7.743  0.8971E-02  0.1200E+02
  -7.733  0.9473E-02  0.1200E+02
  -7.723  0.1000E-01  0.1200E+02
  -7.713  0.1055E-01  0.1200E+02
  -7.703  0.1113E-01  0.1200E+02
  -7.693  0.1174E-01  0.1200E+02
  -7.683  0.1238E-01  0.1200E+02
  -7.673  0.1304E-01  0.1200E+02
  -7.663  0.1374E-01  0.1200E+02
  -7.653  0.1447E-01  0.1200E+02
  -7.643  0.1524E-01  0.1200E+02
  -7.633  0.1604E-01  0.1200E+02
  -7.623  0.1687E-01  0.1200E+02
  -7.613  0.1775E-01  0.1200E+02
  -7.603  0.1866E-01  0.1200E+02
  -7.593  0.1962E-01  0.1200E+02
  -7.583  0.2061E-01  0.1200E+02
  -7.573  0.2165E-01  0.1200E+02
  -7.563  0.2274E-01  0.1200E+02
  -7.553  0.2387E-01  0.1200E+02
  -7.543  0.2505E-01  0.1200E+02
  -7.533  0.2628E-01  0.1201E+02
  -7.523  0.2757E-01  0.1201E+02
  -7.513  0.2890E-01  0.1201E+02
  -7.503  0.3030E-01  0.1201E+02
  -7.493  0.3174E-01  0.1201E+02
  -7.483  0.3325E-01  0.1201E+02
  -7.473  0.3482E-01  0.1201E+02
  -7.463  0.3646E-01  0.1201E+02
  -7.453  0.3815E-01  0.1201E+02
  -7.443  0.3992E-01  0.1201E+02
  -7.433  0.4175E-01  0.1201E+02
  -7.423  0.4365E-01  0.1201E+02
  -7.413  0.4563E-01  0.1201E+02
  -7.403  0.4768E-01  0.1201E+02
  -7.393  0.4982E-01  0.1201E+02
  -7.383  0.5203E-01  0.1201E+02
  -7.373  0.5432E-01  0.1201E+02
  -7.363  0.5669E-01  0.1201E+02
  -7.353  0.5916E-01  0.1201E+02
  -7.343  0.6171E-01  0.1201E+02
  -7.333  0.6435E-01  0.1201E+02
  -7.323  0.6709E-01  0.1201E+02
  -7.313  0.6993E-01  0.1202E+02
  -7.303  0.7286E-01  0.1202E+02
  -7.293  0.7589E-01  0.1202E+02
  -7.283  0.7903E-01  0.1202E+02
  -7.273  0.8228E-01  0.1202E+02
  -7.263  0.8563E-01  0.1202E+02
  -7.253  0.8909E-01  0.1202E+02
  -7.243  0.9267E-01  0.1202E+02
  -7.233  0.9637E-01  0.1202E+02
  -7.223  0.1002E+00  0.1202E+02
  -7.213  0.1041E+00  0.1202E+02
  -7.203  0.1082E+00  0.1203E+02
  -7.193  0.1124E+00  0.1203E+02
  -7.183  0.1167E+00  0.1203E+02
  -7.173  0.1212E+00  0.1203E+02
  -7.163  0.1257E+00  0.1203E+02
  -7.153  0.1305E+00  0.1203E+02
  -7.143  0.1353E+00  0.1203E+02
  -7.133  0.1403E+00  0.1203E+02
  -7.123  0.1455E+00  0.1204E+02
  -7.113  0.1508E+00  0.1204E+02
  -7.103  0.1563E+00  0.1204E+02
  -7.093  0.1619E+00  0.1204E+02
  -7.083  0.1677E+00  0.1204E+02
  -7.073  0.1736E+00  0.1204E+02
  -7.063  0.1797E+00  0.1205E+02
  -7.053  0.1859E+00  0.1205E+02
  -7.043  0.1924E+00  0.1205E+02
  -7.033  0.1990E+00  0.1205E+02
  -7.023  0.2057E+00  0.1205E+02
  -7.013  0.2127E+00  0.1206E+02
  -7.003  0.2198E+00  0.1206E+02
  -6.993  0.2271E+00  0.1206E+02
  -6.983  0.2346E+00  0.1206E+02
  -6.973  0.2422E+00  0.1206E+02
  -6.963  0.2501E+00  0.1207E+02
  -6.953  0.2581E+00  0.1207E+02
  -6.943  0.2663E+00  0.1207E+02
  -6.933  0.2747E+00  0.1207E+02
  -6.923  0.2833E+00  0.1208E+02
  -6.913  0.2921E+00  0.1208E+02
  -6.903  0.3011E+00  0.1208E+02
  -6.893  0.3103E+00  0.1209E+02
  -6.883  0.3197E+00  0.1209E+02
  -6.873  0.3293E+00  0.1209E+02
  -6.863  0.3391E+00  0.1210E+02
  -6.853  0.3491E+00  0.1210E+02
  -6.843  0.3592E+00  0.1210E+02
  -6.833  0.3696E+00  0.1211E+02
  -6.823  0.3802E+00  0.1211E+02
  -6.813  0.3910E+00  0.1212E+02
  -6.803  0.4020E+00  0.1212E+02
  -6.793  0.4132E+00  0.1212E+02
  -6.783  0.4246E+00  0.1213E+02
  -6.773  0.4362E+00  0.1213E+02
  -6.763  0.4480E+00  0.1214E+02
  -6.753  0.4600E+00  0.1214E+02
  -6.743  0.4722E+00  0.1215E+02
  -6.733  0.4846E+00  0.1215E+02
  -6.723  0.4972E+00  0.1216E+02
  -6.713  0.5100E+00  0.1216E+02
  -6.703  0.5230E+00  0.1217E+02
  -6.693  0.5362E+00  0.1217E+02
  -6.683  0.5496E+00  0.1218E+02
  -6.673  0.5631E+00  0.1218E+02
  -6.663  0.5768E+00  0.1219E+02
  -6.653  0.5908E+00  0.1219E+02
  -6.643  0.6048E+00  0.1220E+02
  -6.633  0.6191E+00  0.1221E+02
  -6.623  0.6335E+00  0.1221E+02
  -6.613  0.6481E+00  0.1222E+02
  -6.603  0.6629E+00  0.1223E+02
  -6.593  0.6778E+00  0.1223E+02
  -6.583  0.6929E+00  0.1224E+02
  -6.573  0.7081E+00  0.1225E+02
  -6.563  0.7234E+00  0.1225E+02
  -6.553  0.7389E+00  0.1226E+02
  -6.543  0.7545E+00  0.1227E+02
  -6.533  0.7702E+00  0.1228E+02
  -6.523  0.7861E+00  0.1228E+02
  -6.513  0.8020E+00  0.1229E+02
  -6.503  0.8181E+00  0.1230E+02
  -6.493  0.8342E+00  0.1231E+02
  -6.483  0.8505E+00  0.1232E+02
  -6.473  0.8668E+00  0.1233E+02
  -6.463  0.8832E+00  0.1233E+02
  -6.453  0.8996E+00  0.1234E+02
  -6.443  0.9162E+00  0.1235E+02
  -6.433  0.9327E+00  0.1236E+02
  -6.423  0.9493E+00  0.1237E+02
  -6.413  0.9659E+00  0.1238E+02
  -6.403  0.9826E+00  0.1239E+02
  -6.393  0.9992E+00  0.1240E+02
  -6.383  0.1016E+01  0.1241E+02
  -6.373  0.1033E+01  0.1242E+02
  -6.363  0.1049E+01  0.1243E+02
  -6.353  0.1066E+01  0.1244E+02
  -6.343  0.1082E+01  0.1245E+02
  -6.333  0.1099E+01  0.1246E+02
  -6.323  0.1115E+01  0.1248E+02
  -6.313  0.1132E+01  0.1249E+02
  -6.303  0.1148E+01  0.1250E+02
  -6.293  0.1164E+01  0.1251E+02
  -6.283  0.1180E+01  0.1252E+02
  -6.273  0.1196E+01  0.1253E+02
  -6.263  0.1212E+01  0.1255E+02
  -6.253  0.1228E+01  0.1256E+02
  -6.243  0.1243E+01  0.1257E+02
  -6.233  0.1259E+01  0.1258E+02
  -6.223  0.1274E+01  0.1260E+02
  -6.213  0.1289E+01  0.1261E+02
  -6.203  0.1304E+01  0.1262E+02
  -6.193  0.1319E+01  0.1264E+02
  -6.183  0.1333E+01  0.1265E+02
  -6.173  0.1348E+01  0.1266E+02
  -6.163  0.1362E+01  0.1268E+02
  -6.153  0.1376E+01  0.1269E+02
  -6.143  0.1389E+01  0.1270E+02
  -6.133  0.1403E+01  0.1272E+02
  -6.123  0.1416E+01  0.1273E+02
  -6.113  0.1429E+01  0.1275E+02
  -6.103  0.1441E+01  0.1276E+02
  -6.093  0.1453E+01  0.1277E+02
  -6.083  0.1465E+01  0.1279E+02
  -6.073  0.1477E+01  0.1280E+02
  -6.063  0.1488E+01  0.1282E+02
  -6.053  0.1499E+01  0.1283E+02
  -6.043  0.1510E+01  0.1285E+02
  -6.033  0.1520E+01  0.1286E+02
  -6.023  0.1530E+01  0.1288E+02
  -6.013  0.1540E+01  0.1290E+02
  -6.003  0.1550E+01  0.1291E+02
  -5.993  0.1559E+01  0.1293E+02
  -5.983  0.1567E+01  0.1294E+02
  -5.973  0.1576E+01  0.1296E+02
  -5.963  0.1584E+01  0.1297E+02
  -5.953  0.1591E+01  0.1299E+02
  -5.943  0.1599E+01  0.1301E+02
  -5.933  0.1606E+01  0.1302E+02
  -5.923  0.1612E+01  0.1304E+02
  -5.913  0.1618E+01  0.1305E+02
  -5.903  0.1624E+01  0.1307E+02
  -5.893  0.1630E+01  0.1309E+02
  -5.883  0.1635E+01  0.1310E+02
  -5.873  0.1640E+01  0.1312E+02
  -5.863  0.1644E+01  0.1314E+02
  -5.853  0.1648E+01  0.1315E+02
  -5.843  0.1652E+01  0.1317E+02
  -5.833  0.1655E+01  0.1319E+02
  -5.823  0.1659E+01  0.1320E+02
  -5.813  0.1661E+01  0.1322E+02
  -5.803  0.1664E+01  0.1323E+02
  -5.793  0.1666E+01  0.1325E+02
  -5.783  0.1668E+01  0.1327E+02
  -5.773  0.1669E+01  0.1328E+02
  -5.763  0.1671E+01  0.1330E+02
  -5.753  0.1672E+01  0.1332E+02
  -5.743  0.1672E+01  0.1334E+02
  -5.733  0.1673E+01  0.1335E+02
  -5.723  0.1673E+01  0.1337E+02
  -5.713  0.1673E+01  0.1339E+02
  -5.703  0.1672E+01  0.1340E+02
  -5.693  0.1672E+01  0.1342E+02
  -5.683  0.1671E+01  0.1344E+02
  -5.673  0.1670E+01  0.1345E+02
  -5.663  0.1669E+01  0.1347E+02
  -5.653  0.1668E+01  0.1349E+02
  -5.643  0.1666E+01  0.1350E+02
  -5.633  0.1665E+01  0.1352E+02
  -5.623  0.1663E+01  0.1354E+02
  -5.613  0.1661E+01  0.1355E+02
  -5.603  0.1659E+01  0.1357E+02
  -5.593  0.1656E+01  0.1359E+02
  -5.583  0.1654E+01  0.1360E+02
  -5.573  0.1652E+01  0.1362E+02
  -5.563  0.1649E+01  0.1363E+02
  -5.553  0.1647E+01  0.1365E+02
  -5.543  0.1644E+01  0.1367E+02
  -5.533  0.1641E+01  0.1368E+02
  -5.523  0.1639E+01  0.1370E+02
  -5.513  0.1636E+01  0.1372E+02
  -5.503  0.1633E+01  0.1373E+02
  -5.493  0.1631E+01  0.1375E+02
  -5.483  0.1628E+01  0.1377E+02
  -5.473  0.1625E+01  0.1378E+02
  -5.463  0.1623E+01  0.1380E+02
  -5.453  0.1620E+01  0.1381E+02
  -5.443  0.1618E+01  0.1383E+02
  -5.433  0.1615E+01  0.1385E+02
  -5.423  0.1613E+01  0.1386E+02
  -5.413  0.1611E+01  0.1388E+02
  -5.403  0.1609E+01  0.1390E+02
  -5.393  0.1607E+01  0.1391E+02
  -5.383  0.1605E+01  0.1393E+02
  -5.373  0.1603E+01  0.1394E+02
  -5.363  0.1601E+01  0.1396E+02
  -5.353  0.1600E+01  0.1398E+02
  -5.343  0.1598E+01  0.1399E+02
  -5.333  0.1597E+01  0.1401E+02
  -5.323  0.1596E+01  0.1402E+02
  -5.313  0.1595E+01  0.1404E+02
  -5.303  0.1594E+01  0.1405E+02
  -5.293  0.1593E+01  0.1407E+02
  -5.283  0.1593E+01  0.1409E+02
  -5.273  0.1592E+01  0.1410E+02
  -5.263  0.1592E+01  0.1412E+02
  -5.253  0.1592E+01  0.1413E+02
  -5.243  0.1592E+01  0.1415E+02
  -5.233  0.1592E+01  0.1417E+02
  -5.223  0.1593E+01  0.1418E+02
  -5.213  0.1594E+01  0.1420E+02
  -5.203  0.1594E+01  0.1421E+02
  -5.193  0.1595E+01  0.1423E+02
  -5.183  0.1597E+01  0.1425E+02
  -5.173  0.1598E+01  0.1426E+02
  -5.163  0.1599E+01  0.1428E+02
  -5.153  0.1601E+01  0.1429E+02
  -5.143  0.1603E+01  0.1431E+02
  -5.133  0.1605E+01  0.1433E+02
  -5.123  0.1607E+01  0.1434E+02
  -5.113  0.1609E+01  0.1436E+02
  -5.103  0.1611E+01  0.1437E+02
  -5.093  0.1614E+01  0.1439E+02
  -5.083  0.1616E+01  0.1441E+02
  -5.073  0.1619E+01  0.1442E+02
  -5.063  0.1622E+01  0.1444E+02
  -5.053  0.1625E+01  0.1446E+02
  -5.043  0.1628E+01  0.1447E+02
  -5.033  0.1631E+01  0.1449E+02
  -5.023  0.1634E+01  0.1450E+02
  -5.013  0.1637E+01  0.1452E+02
  -5.003  0.1640E+01  0.1454E+02
  -4.993  0.1644E+01  0.1455E+02
  -4.983  0.1647E+01  0.1457E+02
  -4.973  0.1651E+01  0.1459E+02
  -4.963  0.1654E+01  0.1460E+02
  -4.953  0.1658E+01  0.1462E+02
  -4.943  0.1661E+01  0.1464E+02
  -4.933  0.1665E+01  0.1465E+02
  -4.923  0.1668E+01  0.1467E+02
  -4.913  0.1672E+01  0.1469E+02
  -4.903  0.1675E+01  0.1470E+02
  -4.893  0.1679E+01  0.1472E+02
  -4.883  0.1683E+01  0.1474E+02
  -4.873  0.1686E+01  0.1475E+02
  -4.863  0.1690E+01  0.1477E+02
  -4.853  0.1693E+01  0.1479E+02
  -4.843  0.1696E+01  0.1480E+02
  -4.833  0.1700E+01  0.1482E+02
  -4.823  0.1703E+01  0.1484E+02
  -4.813  0.1706E+01  0.1486E+02
  -4.803  0.1709E+01  0.1487E+02
  -4.793  0.1712E+01  0.1489E+02
  -4.783  0.1716E+01  0.1491E+02
  -4.773  0.1718E+01  0.1492E+02
  -4.763  0.1721E+01  0.1494E+02
  -4.753  0.1724E+01  0.1496E+02
  -4.743  0.1727E+01  0.1498E+02
  -4.733  0.1729E+01  0.1499E+02
  -4.723  0.1732E+01  0.1501E+02
  -4.713  0.1734E+01  0.1503E+02
  -4.703  0.1737E+01  0.1505E+02
  -4.693  0.1739E+01  0.1506E+02
  -4.683  0.1741E+01  0.1508E+02
  -4.673  0.1743E+01  0.1510E+02
  -4.663  0.1745E+01  0.1511E+02
  -4.653  0.1747E+01  0.1513E+02
  -4.643  0.1749E+01  0.1515E+02
  -4.633  0.1751E+01  0.1517E+02
  -4.623  0.1752E+01  0.1518E+02
  -4.613  0.1754E+01  0.1520E+02
  -4.603  0.1755E+01  0.1522E+02
  -4.593  0.1757E+01  0.1524E+02
  -4.583  0.1758E+01  0.1525E+02
  -4.573  0.1760E+01  0.1527E+02
  -4.563  0.1761E+01  0.1529E+02
  -4.553  0.1762E+01  0.1531E+02
  -4.543  0.1763E+01  0.1533E+02
  -4.533  0.1764E+01  0.1534E+02
  -4.523  0.1765E+01  0.1536E+02
  -4.513  0.1766E+01  0.1538E+02
  -4.503  0.1767E+01  0.1540E+02
  -4.493  0.1768E+01  0.1541E+02
  -4.483  0.1769E+01  0.1543E+02
  -4.473  0.1770E+01  0.1545E+02
  -4.463  0.1771E+01  0.1547E+02
  -4.453  0.1771E+01  0.1548E+02
  -4.443  0.1772E+01  0.1550E+02
  -4.433  0.1773E+01  0.1552E+02
  -4.423  0.1774E+01  0.1554E+02
  -4.413  0.1775E+01  0.1556E+02
  -4.403  0.1776E+01  0.1557E+02
  -4.393  0.1777E+01  0.1559E+02
  -4.383  0.1778E+01  0.1561E+02
  -4.373  0.1779E+01  0.1563E+02
  -4.363  0.1781E+01  0.1564E+02
  -4.353  0.1782E+01  0.1566E+02
  -4.343  0.1783E+01  0.1568E+02
  -4.333  0.1785E+01  0.1570E+02
  -4.323  0.1786E+01  0.1572E+02
  -4.313  0.1788E+01  0.1573E+02
  -4.303  0.1790E+01  0.1575E+02
  -4.293  0.1791E+01  0.1577E+02
  -4.283  0.1793E+01  0.1579E+02
  -4.273  0.1796E+01  0.1581E+02
  -4.263  0.1798E+01  0.1582E+02
  -4.253  0.1800E+01  0.1584E+02
  -4.243  0.1803E+01  0.1586E+02
  -4.233  0.1806E+01  0.1588E+02
  -4.223  0.1809E+01  0.1590E+02
  -4.213  0.1812E+01  0.1591E+02
  -4.203  0.1815E+01  0.1593E+02
  -4.193  0.1818E+01  0.1595E+02
  -4.183  0.1822E+01  0.1597E+02
  -4.173  0.1826E+01  0.1599E+02
  -4.163  0.1830E+01  0.1600E+02
  -4.153  0.1834E+01  0.1602E+02
  -4.143  0.1838E+01  0.1604E+02
  -4.133  0.1843E+01  0.1606E+02
  -4.123  0.1848E+01  0.1608E+02
  -4.113  0.1853E+01  0.1610E+02
  -4.103  0.1858E+01  0.1612E+02
  -4.093  0.1864E+01  0.1613E+02
  -4.083  0.1870E+01  0.1615E+02
  -4.073  0.1876E+01  0.1617E+02
  -4.063  0.1882E+01  0.1619E+02
  -4.053  0.1889E+01  0.1621E+02
  -4.043  0.1896E+01  0.1623E+02
  -4.033  0.1903E+01  0.1625E+02
  -4.023  0.1910E+01  0.1627E+02
  -4.013  0.1918E+01  0.1629E+02
  -4.003  0.1926E+01  0.1630E+02
  -3.993  0.1934E+01  0.1632E+02
  -3.983  0.1943E+01  0.1634E+02
  -3.973  0.1952E+01  0.1636E+02
  -3.963  0.1961E+01  0.1638E+02
  -3.953  0.1970E+01  0.1640E+02
  -3.943  0.1980E+01  0.1642E+02
  -3.933  0.1990E+01  0.1644E+02
  -3.923  0.2001E+01  0.1646E+02
  -3.913  0.2012E+01  0.1648E+02
  -3.903  0.2023E+01  0.1650E+02
  -3.893  0.2034E+01  0.1652E+02
  -3.883  0.2046E+01  0.1654E+02
  -3.873  0.2058E+01  0.1656E+02
  -3.863  0.2070E+01  0.1658E+02
  -3.853  0.2083E+01  0.1661E+02
  -3.843  0.2096E+01  0.1663E+02
  -3.833  0.2110E+01  0.1665E+02
  -3.823  0.2123E+01  0.1667E+02
  -3.813  0.2138E+01  0.1669E+02
  -3.803  0.2152E+01  0.1671E+02
  -3.793  0.2167E+01  0.1673E+02
  -3.783  0.2182E+01  0.1676E+02
  -3.773  0.2198E+01  0.1678E+02
  -3.763  0.2214E+01  0.1680E+02
  -3.753  0.2231E+01  0.1682E+02
  -3.743  0.2248E+01  0.1684E+02
  -3.733  0.2265E+01  0.1687E+02
  -3.723  0.2283E+01  0.1689E+02
  -3.713  0.2301E+01  0.1691E+02
  -3.703  0.2319E+01  0.1694E+02
  -3.693  0.2338E+01  0.1696E+02
  -3.683  0.2357E+01  0.1698E+02
  -3.673  0.2377E+01  0.1701E+02
  -3.663  0.2397E+01  0.1703E+02
  -3.653  0.2418E+01  0.1705E+02
  -3.643  0.2439E+01  0.1708E+02
  -3.633  0.2460E+01  0.1710E+02
  -3.623  0.2482E+01  0.1713E+02
  -3.613  0.2504E+01  0.1715E+02
  -3.603  0.2527E+01  0.1718E+02
  -3.593  0.2550E+01  0.1720E+02
  -3.583  0.2574E+01  0.1723E+02
  -3.573  0.2598E+01  0.1726E+02
  -3.563  0.2622E+01  0.1728E+02
  -3.553  0.2647E+01  0.1731E+02
  -3.543  0.2672E+01  0.1734E+02
  -3.533  0.2698E+01  0.1736E+02
  -3.523  0.2724E+01  0.1739E+02
  -3.513  0.2750E+01  0.1742E+02
  -3.503  0.2777E+01  0.1744E+02
  -3.493  0.2805E+01  0.1747E+02
  -3.483  0.2832E+01  0.1750E+02
  -3.473  0.2860E+01  0.1753E+02
  -3.463  0.2889E+01  0.1756E+02
  -3.453  0.2918E+01  0.1759E+02
  -3.443  0.2947E+01  0.1762E+02
  -3.433  0.2977E+01  0.1765E+02
  -3.423  0.3007E+01  0.1768E+02
  -3.413  0.3037E+01  0.1771E+02
  -3.403  0.3068E+01  0.1774E+02
  -3.393  0.3099E+01  0.1777E+02
  -3.383  0.3130E+01  0.1780E+02
  -3.373  0.3162E+01  0.1783E+02
  -3.363  0.3194E+01  0.1786E+02
  -3.353  0.3226E+01  0.1790E+02
  -3.343  0.3258E+01  0.1793E+02
  -3.333  0.3291E+01  0.1796E+02
  -3.323  0.3324E+01  0.1799E+02
  -3.313  0.3357E+01  0.1803E+02
  -3.303  0.3390E+01  0.1806E+02
  -3.293  0.3424E+01  0.1810E+02
  -3.283  0.3457E+01  0.1813E+02
  -3.273  0.3491E+01  0.1817E+02
  -3.263  0.3525E+01  0.1820E+02
  -3.253  0.3559E+01  0.1824E+02
  -3.243  0.3593E+01  0.1827E+02
  -3.233  0.3627E+01  0.1831E+02
  -3.223  0.3661E+01  0.1835E+02
  -3.213  0.3695E+01  0.1838E+02
  -3.203  0.3729E+01  0.1842E+02
  -3.193  0.3763E+01  0.1846E+02
  -3.183  0.3797E+01  0.1850E+02
  -3.173  0.3831E+01  0.1853E+02
  -3.163  0.3864E+01  0.1857E+02
  -3.153  0.3898E+01  0.1861E+02
  -3.143  0.3931E+01  0.1865E+02
  -3.133  0.3964E+01  0.1869E+02
  -3.123  0.3997E+01  0.1873E+02
  -3.113  0.4029E+01  0.1877E+02
  -3.103  0.4062E+01  0.1881E+02
  -3.093  0.4093E+01  0.1885E+02
  -3.083  0.4125E+01  0.1889E+02
  -3.073  0.4156E+01  0.1894E+02
  -3.063  0.4186E+01  0.1898E+02
  -3.053  0.4217E+01  0.1902E+02
  -3.043  0.4246E+01  0.1906E+02
  -3.033  0.4275E+01  0.1910E+02
  -3.023  0.4304E+01  0.1915E+02
  -3.013  0.4332E+01  0.1919E+02
  -3.003  0.4359E+01  0.1923E+02
  -2.993  0.4386E+01  0.1928E+02
  -2.983  0.4412E+01  0.1932E+02
  -2.973  0.4437E+01  0.1937E+02
  -2.963  0.4462E+01  0.1941E+02
  -2.953  0.4486E+01  0.1946E+02
  -2.943  0.4509E+01  0.1950E+02
  -2.933  0.4531E+01  0.1955E+02
  -2.923  0.4552E+01  0.1959E+02
  -2.913  0.4573E+01  0.1964E+02
  -2.903  0.4592E+01  0.1968E+02
  -2.893  0.4611E+01  0.1973E+02
  -2.883  0.4629E+01  0.1978E+02
  -2.873  0.4645E+01  0.1982E+02
  -2.863  0.4661E+01  0.1987E+02
  -2.853  0.4676E+01  0.1992E+02
  -2.843  0.4689E+01  0.1996E+02
  -2.833  0.4702E+01  0.2001E+02
  -2.823  0.4714E+01  0.2006E+02
  -2.813  0.4724E+01  0.2010E+02
  -2.803  0.4733E+01  0.2015E+02
  -2.793  0.4741E+01  0.2020E+02
  -2.783  0.4748E+01  0.2025E+02
  -2.773  0.4754E+01  0.2029E+02
  -2.763  0.4759E+01  0.2034E+02
  -2.753  0.4762E+01  0.2039E+02
  -2.743  0.4764E+01  0.2044E+02
  -2.733  0.4765E+01  0.2048E+02
  -2.723  0.4765E+01  0.2053E+02
  -2.713  0.4764E+01  0.2058E+02
  -2.703  0.4761E+01  0.2063E+02
  -2.693  0.4757E+01  0.2068E+02
  -2.683  0.4752E+01  0.2072E+02
  -2.673  0.4746E+01  0.2077E+02
  -2.663  0.4738E+01  0.2082E+02
  -2.653  0.4729E+01  0.2086E+02
  -2.643  0.4719E+01  0.2091E+02
  -2.633  0.4708E+01  0.2096E+02
  -2.623  0.4695E+01  0.2101E+02
  -2.613  0.4681E+01  0.2105E+02
  -2.603  0.4666E+01  0.2110E+02
  -2.593  0.4650E+01  0.2115E+02
  -2.583  0.4632E+01  0.2119E+02
  -2.573  0.4613E+01  0.2124E+02
  -2.563  0.4593E+01  0.2128E+02
  -2.553  0.4572E+01  0.2133E+02
  -2.543  0.4550E+01  0.2138E+02
  -2.533  0.4526E+01  0.2142E+02
  -2.523  0.4502E+01  0.2147E+02
  -2.513  0.4476E+01  0.2151E+02
  -2.503  0.4449E+01  0.2155E+02
  -2.493  0.4421E+01  0.2160E+02
  -2.483  0.4392E+01  0.2164E+02
  -2.473  0.4362E+01  0.2169E+02
  -2.463  0.4331E+01  0.2173E+02
  -2.453  0.4299E+01  0.2177E+02
  -2.443  0.4266E+01  0.2182E+02
  -2.433  0.4231E+01  0.2186E+02
  -2.423  0.4196E+01  0.2190E+02
  -2.413  0.4161E+01  0.2194E+02
  -2.403  0.4124E+01  0.2198E+02
  -2.393  0.4086E+01  0.2202E+02
  -2.383  0.4048E+01  0.2206E+02
  -2.373  0.4008E+01  0.2210E+02
  -2.363  0.3968E+01  0.2214E+02
  -2.353  0.3927E+01  0.2218E+02
  -2.343  0.3886E+01  0.2222E+02
  -2.333  0.3844E+01  0.2226E+02
  -2.323  0.3801E+01  0.2230E+02
  -2.313  0.3757E+01  0.2234E+02
  -2.303  0.3713E+01  0.2237E+02
  -2.293  0.3669E+01  0.2241E+02
  -2.283  0.3624E+01  0.2245E+02
  -2.273  0.3578E+01  0.2248E+02
  -2.263  0.3532E+01  0.2252E+02
  -2.253  0.3485E+01  0.2255E+02
  -2.243  0.3438E+01  0.2259E+02
  -2.233  0.3391E+01  0.2262E+02
  -2.223  0.3343E+01  0.2265E+02
  -2.213  0.3296E+01  0.2269E+02
  -2.203  0.3247E+01  0.2272E+02
  -2.193  0.3199E+01  0.2275E+02
  -2.183  0.3150E+01  0.2278E+02
  -2.173  0.3102E+01  0.2281E+02
  -2.163  0.3053E+01  0.2284E+02
  -2.153  0.3004E+01  0.2287E+02
  -2.143  0.2955E+01  0.2290E+02
  -2.133  0.2906E+01  0.2293E+02
  -2.123  0.2857E+01  0.2296E+02
  -2.113  0.2808E+01  0.2299E+02
  -2.103  0.2759E+01  0.2302E+02
  -2.093  0.2710E+01  0.2304E+02
  -2.083  0.2661E+01  0.2307E+02
  -2.073  0.2612E+01  0.2310E+02
  -2.063  0.2564E+01  0.2312E+02
  -2.053  0.2516E+01  0.2315E+02
  -2.043  0.2468E+01  0.2317E+02
  -2.033  0.2420E+01  0.2320E+02
  -2.023  0.2373E+01  0.2322E+02
  -2.013  0.2326E+01  0.2324E+02
  -2.003  0.2279E+01  0.2327E+02
  -1.993  0.2233E+01  0.2329E+02
  -1.983  0.2187E+01  0.2331E+02
  -1.973  0.2142E+01  0.2333E+02
  -1.963  0.2097E+01  0.2335E+02
  -1.953  0.2052E+01  0.2337E+02
  -1.943  0.2008E+01  0.2339E+02
  -1.933  0.1965E+01  0.2341E+02
  -1.923  0.1922E+01  0.2343E+02
  -1.913  0.1879E+01  0.2345E+02
  -1.903  0.1838E+01  0.2347E+02
  -1.893  0.1797E+01  0.2349E+02
  -1.883  0.1756E+01  0.2351E+02
  -1.873  0.1716E+01  0.2352E+02
  -1.863  0.1677E+01  0.2354E+02
  -1.853  0.1639E+01  0.2356E+02
  -1.843  0.1601E+01  0.2357E+02
  -1.833  0.1564E+01  0.2359E+02
  -1.823  0.1528E+01  0.2360E+02
  -1.813  0.1493E+01  0.2362E+02
  -1.803  0.1458E+01  0.2363E+02
  -1.793  0.1424E+01  0.2365E+02
  -1.783  0.1391E+01  0.2366E+02
  -1.773  0.1359E+01  0.2367E+02
  -1.763  0.1327E+01  0.2369E+02
  -1.753  0.1297E+01  0.2370E+02
  -1.743  0.1267E+01  0.2371E+02
  -1.733  0.1239E+01  0.2372E+02
  -1.723  0.1211E+01  0.2374E+02
  -1.713  0.1184E+01  0.2375E+02
  -1.703  0.1158E+01  0.2376E+02
  -1.693  0.1133E+01  0.2377E+02
  -1.683  0.1109E+01  0.2378E+02
  -1.673  0.1086E+01  0.2379E+02
  -1.663  0.1063E+01  0.2380E+02
  -1.653  0.1042E+01  0.2381E+02
  -1.643  0.1022E+01  0.2383E+02
  -1.633  0.1003E+01  0.2384E+02
  -1.623  0.9843E+00  0.2384E+02
  -1.613  0.9671E+00  0.2385E+02
  -1.603  0.9508E+00  0.2386E+02
  -1.593  0.9356E+00  0.2387E+02
  -1.583  0.9214E+00  0.2388E+02
  -1.573  0.9082E+00  0.2389E+02
  -1.563  0.8961E+00  0.2390E+02
  -1.553  0.8850E+00  0.2391E+02
  -1.543  0.8749E+00  0.2392E+02
  -1.533  0.8660E+00  0.2393E+02
  -1.523  0.8580E+00  0.2394E+02
  -1.513  0.8512E+00  0.2394E+02
  -1.503  0.8454E+00  0.2395E+02
  -1.493  0.8406E+00  0.2396E+02
  -1.483  0.8370E+00  0.2397E+02
  -1.473  0.8344E+00  0.2398E+02
  -1.463  0.8329E+00  0.2399E+02
  -1.453  0.8325E+00  0.2399E+02
  -1.443  0.8332E+00  0.2400E+02
  -1.433  0.8350E+00  0.2401E+02
  -1.423  0.8378E+00  0.2402E+02
  -1.413  0.8418E+00  0.2403E+02
  -1.403  0.8468E+00  0.2404E+02
  -1.393  0.8530E+00  0.2404E+02
  -1.383  0.8602E+00  0.2405E+02
  -1.373  0.8685E+00  0.2406E+02
  -1.363  0.8779E+00  0.2407E+02
  -1.353  0.8885E+00  0.2408E+02
  -1.343  0.9001E+00  0.2409E+02
  -1.333  0.9128E+00  0.2410E+02
  -1.323  0.9266E+00  0.2411E+02
  -1.313  0.9415E+00  0.2412E+02
  -1.303  0.9574E+00  0.2413E+02
  -1.293  0.9745E+00  0.2414E+02
  -1.283  0.9926E+00  0.2415E+02
  -1.273  0.1012E+01  0.2416E+02
  -1.263  0.1032E+01  0.2417E+02
  -1.253  0.1053E+01  0.2418E+02
  -1.243  0.1076E+01  0.2419E+02
  -1.233  0.1099E+01  0.2420E+02
  -1.223  0.1124E+01  0.2421E+02
  -1.213  0.1149E+01  0.2422E+02
  -1.203  0.1176E+01  0.2423E+02
  -1.193  0.1204E+01  0.2425E+02
  -1.183  0.1232E+01  0.2426E+02
  -1.173  0.1262E+01  0.2427E+02
  -1.163  0.1293E+01  0.2428E+02
  -1.153  0.1324E+01  0.2430E+02
  -1.143  0.1357E+01  0.2431E+02
  -1.133  0.1391E+01  0.2432E+02
  -1.123  0.1425E+01  0.2434E+02
  -1.113  0.1461E+01  0.2435E+02
  -1.103  0.1497E+01  0.2437E+02
  -1.093  0.1535E+01  0.2438E+02
  -1.083  0.1573E+01  0.2440E+02
  -1.073  0.1612E+01  0.2441E+02
  -1.063  0.1652E+01  0.2443E+02
  -1.053  0.1693E+01  0.2445E+02
  -1.043  0.1735E+01  0.2447E+02
  -1.033  0.1778E+01  0.2448E+02
  -1.023  0.1821E+01  0.2450E+02
  -1.013  0.1866E+01  0.2452E+02
  -1.003  0.1911E+01  0.2454E+02
  -0.993  0.1956E+01  0.2456E+02
  -0.983  0.2003E+01  0.2458E+02
  -0.973  0.2050E+01  0.2460E+02
  -0.963  0.2098E+01  0.2462E+02
  -0.953  0.2147E+01  0.2464E+02
  -0.943  0.2196E+01  0.2466E+02
  -0.933  0.2246E+01  0.2469E+02
  -0.923  0.2297E+01  0.2471E+02
  -0.913  0.2348E+01  0.2473E+02
  -0.903  0.2399E+01  0.2476E+02
  -0.893  0.2452E+01  0.2478E+02
  -0.883  0.2504E+01  0.2481E+02
  -0.873  0.2558E+01  0.2483E+02
  -0.863  0.2611E+01  0.2486E+02
  -0.853  0.2665E+01  0.2488E+02
  -0.843  0.2720E+01  0.2491E+02
  -0.833  0.2775E+01  0.2494E+02
  -0.823  0.2830E+01  0.2497E+02
  -0.813  0.2885E+01  0.2500E+02
  -0.803  0.2941E+01  0.2503E+02
  -0.793  0.2997E+01  0.2506E+02
  -0.783  0.3054E+01  0.2509E+02
  -0.773  0.3110E+01  0.2512E+02
  -0.763  0.3167E+01  0.2515E+02
  -0.753  0.3224E+01  0.2518E+02
  -0.743  0.3281E+01  0.2521E+02
  -0.733  0.3338E+01  0.2525E+02
  -0.723  0.3395E+01  0.2528E+02
  -0.713  0.3452E+01  0.2532E+02
  -0.703  0.3510E+01  0.2535E+02
  -0.693  0.3567E+01  0.2539E+02
  -0.683  0.3624E+01  0.2542E+02
  -0.673  0.3681E+01  0.2546E+02
  -0.663  0.3738E+01  0.2550E+02
  -0.653  0.3795E+01  0.2554E+02
  -0.643  0.3851E+01  0.2557E+02
  -0.633  0.3908E+01  0.2561E+02
  -0.623  0.3964E+01  0.2565E+02
  -0.613  0.4020E+01  0.2569E+02
  -0.603  0.4076E+01  0.2573E+02
  -0.593  0.4131E+01  0.2577E+02
  -0.583  0.4186E+01  0.2582E+02
  -0.573  0.4241E+01  0.2586E+02
  -0.563  0.4296E+01  0.2590E+02
  -0.553  0.4350E+01  0.2595E+02
  -0.543  0.4403E+01  0.2599E+02
  -0.533  0.4457E+01  0.2603E+02
  -0.523  0.4509E+01  0.2608E+02
  -0.513  0.4562E+01  0.2612E+02
  -0.503  0.4613E+01  0.2617E+02
  -0.493  0.4665E+01  0.2622E+02
  -0.483  0.4715E+01  0.2626E+02
  -0.473  0.4766E+01  0.2631E+02
  -0.463  0.4815E+01  0.2636E+02
  -0.453  0.4864E+01  0.2641E+02
  -0.443  0.4913E+01  0.2646E+02
  -0.433  0.4961E+01  0.2651E+02
  -0.423  0.5008E+01  0.2656E+02
  -0.413  0.5054E+01  0.2661E+02
  -0.403  0.5100E+01  0.2666E+02
  -0.393  0.5146E+01  0.2671E+02
  -0.383  0.5190E+01  0.2676E+02
  -0.373  0.5234E+01  0.2682E+02
  -0.363  0.5277E+01  0.2687E+02
  -0.353  0.5320E+01  0.2692E+02
  -0.343  0.5362E+01  0.2697E+02
  -0.333  0.5403E+01  0.2703E+02
  -0.323  0.5443E+01  0.2708E+02
  -0.313  0.5483E+01  0.2714E+02
  -0.303  0.5522E+01  0.2719E+02
  -0.293  0.5560E+01  0.2725E+02
  -0.283  0.5598E+01  0.2731E+02
  -0.273  0.5635E+01  0.2736E+02
  -0.263  0.5671E+01  0.2742E+02
  -0.253  0.5706E+01  0.2748E+02
  -0.243  0.5741E+01  0.2753E+02
  -0.233  0.5775E+01  0.2759E+02
  -0.223  0.5808E+01  0.2765E+02
  -0.213  0.5841E+01  0.2771E+02
  -0.203  0.5873E+01  0.2777E+02
  -0.193  0.5904E+01  0.2782E+02
  -0.183  0.5935E+01  0.2788E+02
  -0.173  0.5964E+01  0.2794E+02
  -0.163  0.5994E+01  0.2800E+02
  -0.153  0.6022E+01  0.2806E+02
  -0.143  0.6050E+01  0.2812E+02
  -0.133  0.6077E+01  0.2819E+02
  -0.123  0.6104E+01  0.2825E+02
  -0.113  0.6130E+01  0.2831E+02
  -0.103  0.6155E+01  0.2837E+02
  -0.093  0.6180E+01  0.2843E+02
  -0.083  0.6204E+01  0.2849E+02
  -0.073  0.6227E+01  0.2856E+02
  -0.063  0.6250E+01  0.2862E+02
  -0.053  0.6273E+01  0.2868E+02
  -0.043  0.6295E+01  0.2874E+02
  -0.033  0.6316E+01  0.2881E+02
  -0.023  0.6337E+01  0.2887E+02
  -0.013  0.6357E+01  0.2893E+02
  -0.003  0.6377E+01  0.2900E+02
   0.007  0.6396E+01  0.2906E+02
   0.017  0.6415E+01  0.2913E+02
   0.027  0.6434E+01  0.2919E+02
   0.037  0.6452E+01  0.2925E+02
   0.047  0.6469E+01  0.2932E+02
   0.057  0.6487E+01  0.2938E+02
   0.067  0.6504E+01  0.2945E+02
   0.077  0.6520E+01  0.2951E+02
   0.087  0.6536E+01  0.2958E+02
   0.097  0.6552E+01  0.2964E+02
   0.107  0.6567E+01  0.2971E+02
   0.117  0.6582E+01  0.2978E+02
   0.127  0.6597E+01  0.2984E+02
   0.137  0.6612E+01  0.2991E+02
   0.147  0.6626E+01  0.2997E+02
   0.157  0.6640E+01  0.3004E+02
   0.167  0.6654E+01  0.3011E+02
   0.177  0.6667E+01  0.3017E+02
   0.187  0.6681E+01  0.3024E+02
   0.197  0.6694E+01  0.3031E+02
   0.207  0.6707E+01  0.3037E+02
   0.217  0.6719E+01  0.3044E+02
   0.227  0.6732E+01  0.3051E+02
   0.237  0.6744E+01  0.3058E+02
   0.247  0.6756E+01  0.3064E+02
   0.257  0.6769E+01  0.3071E+02
   0.267  0.6781E+01  0.3078E+02
   0.277  0.6792E+01  0.3085E+02
   0.287  0.6804E+01  0.3092E+02
   0.297  0.6816E+01  0.3098E+02
   0.307  0.6827E+01  0.3105E+02
   0.317  0.6839E+01  0.3112E+02
   0.327  0.6850E+01  0.3119E+02
   0.337  0.6862E+01  0.3126E+02
   0.347  0.6873E+01  0.3133E+02
   0.357  0.6884E+01  0.3140E+02
   0.367  0.6895E+01  0.3146E+02
   0.377  0.6907E+01  0.3153E+02
   0.387  0.6918E+01  0.3160E+02
   0.397  0.6929E+01  0.3167E+02
   0.407  0.6940E+01  0.3174E+02
   0.417  0.6951E+01  0.3181E+02
   0.427  0.6962E+01  0.3188E+02
   0.437  0.6974E+01  0.3195E+02
   0.447  0.6985E+01  0.3202E+02
   0.457  0.6996E+01  0.3209E+02
   0.467  0.7007E+01  0.3216E+02
   0.477  0.7018E+01  0.3223E+02
   0.487  0.7030E+01  0.3230E+02
   0.497  0.7041E+01  0.3237E+02
   0.507  0.7052E+01  0.3244E+02
   0.517  0.7063E+01  0.3251E+02
   0.527  0.7075E+01  0.3258E+02
   0.537  0.7086E+01  0.3265E+02
   0.547  0.7098E+01  0.3272E+02
   0.557  0.7109E+01  0.3280E+02
   0.567  0.7120E+01  0.3287E+02
   0.577  0.7132E+01  0.3294E+02
   0.587  0.7144E+01  0.3301E+02
   0.597  0.7155E+01  0.3308E+02
   0.607  0.7167E+01  0.3315E+02
   0.617  0.7178E+01  0.3322E+02
   0.627  0.7190E+01  0.3330E+02
   0.637  0.7202E+01  0.3337E+02
   0.647  0.7213E+01  0.3344E+02
   0.657  0.7225E+01  0.3351E+02
   0.667  0.7237E+01  0.3359E+02
   0.677  0.7249E+01  0.3366E+02
   0.687  0.7261E+01  0.3373E+02
   0.697  0.7272E+01  0.3380E+02
   0.707  0.7284E+01  0.3388E+02
   0.717  0.7296E+01  0.3395E+02
   0.727  0.7308E+01  0.3402E+02
   0.737  0.7320E+01  0.3410E+02
   0.747  0.7331E+01  0.3417E+02
   0.757  0.7343E+01  0.3424E+02
   0.767  0.7355E+01  0.3432E+02
   0.777  0.7367E+01  0.3439E+02
   0.787  0.7378E+01  0.3446E+02
   0.797  0.7390E+01  0.3454E+02
   0.807  0.7402E+01  0.3461E+02
   0.817  0.7413E+01  0.3469E+02
   0.827  0.7425E+01  0.3476E+02
   0.837  0.7436E+01  0.3483E+02
   0.847  0.7448E+01  0.3491E+02
   0.857  0.7459E+01  0.3498E+02
   0.867  0.7470E+01  0.3506E+02
   0.877  0.7481E+01  0.3513E+02
   0.887  0.7492E+01  0.3521E+02
   0.897  0.7503E+01  0.3528E+02
   0.907  0.7514E+01  0.3536E+02
   0.917  0.7524E+01  0.3543E+02
   0.927  0.7535E+01  0.3551E+02
   0.937  0.7545E+01  0.3558E+02
   0.947  0.7555E+01  0.3566E+02
   0.957  0.7566E+01  0.3573E+02
   0.967  0.7575E+01  0.3581E+02
   0.977  0.7585E+01  0.3589E+02
   0.987  0.7595E+01  0.3596E+02
   0.997  0.7604E+01  0.3604E+02
   1.007  0.7613E+01  0.3611E+02
   1.017  0.7622E+01  0.3619E+02
   1.027  0.7631E+01  0.3627E+02
   1.037  0.7639E+01  0.3634E+02
   1.047  0.7647E+01  0.3642E+02
   1.057  0.7655E+01  0.3650E+02
   1.067  0.7663E+01  0.3657E+02
   1.077  0.7671E+01  0.3665E+02
   1.087  0.7678E+01  0.3673E+02
   1.097  0.7685E+01  0.3680E+02
   1.107  0.7692E+01  0.3688E+02
   1.117  0.7698E+01  0.3696E+02
   1.127  0.7704E+01  0.3703E+02
   1.137  0.7710E+01  0.3711E+02
   1.147  0.7715E+01  0.3719E+02
   1.157  0.7720E+01  0.3727E+02
   1.167  0.7725E+01  0.3734E+02
   1.177  0.7730E+01  0.3742E+02
   1.187  0.7734E+01  0.3750E+02
   1.197  0.7738E+01  0.3757E+02
   1.207  0.7741E+01  0.3765E+02
   1.217  0.7744E+01  0.3773E+02
   1.227  0.7747E+01  0.3781E+02
   1.237  0.7749E+01  0.3788E+02
   1.247  0.7751E+01  0.3796E+02
   1.257  0.7753E+01  0.3804E+02
   1.267  0.7754E+01  0.3812E+02
   1.277  0.7754E+01  0.3819E+02
   1.287  0.7755E+01  0.3827E+02
   1.297  0.7755E+01  0.3835E+02
   1.307  0.7754E+01  0.3843E+02
   1.317  0.7753E+01  0.3851E+02
   1.327  0.7752E+01  0.3858E+02
   1.337  0.7750E+01  0.3866E+02
   1.347  0.7748E+01  0.3874E+02
   1.357  0.7745E+01  0.3882E+02
   1.367  0.7742E+01  0.3889E+02
   1.377  0.7739E+01  0.3897E+02
   1.387  0.7735E+01  0.3905E+02
   1.397  0.7731E+01  0.3912E+02
   1.407  0.7726E+01  0.3920E+02
   1.417  0.7720E+01  0.3928E+02
   1.427  0.7715E+01  0.3936E+02
   1.437  0.7708E+01  0.3943E+02
   1.447  0.7702E+01  0.3951E+02
   1.457  0.7695E+01  0.3959E+02
   1.467  0.7687E+01  0.3966E+02
   1.477  0.7679E+01  0.3974E+02
   1.487  0.7670E+01  0.3982E+02
   1.497  0.7661E+01  0.3989E+02
   1.507  0.7652E+01  0.3997E+02
   1.517  0.7642E+01  0.4005E+02
   1.527  0.7632E+01  0.4012E+02
   1.537  0.7621E+01  0.4020E+02
   1.547  0.7609E+01  0.4028E+02
   1.557  0.7598E+01  0.4035E+02
   1.567  0.7585E+01  0.4043E+02
   1.577  0.7572E+01  0.4050E+02
   1.587  0.7559E+01  0.4058E+02
   1.597  0.7545E+01  0.4065E+02
   1.607  0.7531E+01  0.4073E+02
   1.617  0.7517E+01  0.4080E+02
   1.627  0.7501E+01  0.4088E+02
   1.637  0.7486E+01  0.4095E+02
   1.647  0.7470E+01  0.4103E+02
   1.657  0.7453E+01  0.4110E+02
   1.667  0.7436E+01  0.4118E+02
   1.677  0.7418E+01  0.4125E+02
   1.687  0.7400E+01  0.4133E+02
   1.697  0.7382E+01  0.4140E+02
   1.707  0.7363E+01  0.4147E+02
   1.717  0.7343E+01  0.4155E+02
   1.727  0.7323E+01  0.4162E+02
   1.737  0.7303E+01  0.4169E+02
   1.747  0.7282E+01  0.4177E+02
   1.757  0.7260E+01  0.4184E+02
   1.767  0.7238E+01  0.4191E+02
   1.777  0.7216E+01  0.4198E+02
   1.787  0.7193E+01  0.4206E+02
   1.797  0.7169E+01  0.4213E+02
   1.807  0.7145E+01  0.4220E+02
   1.817  0.7121E+01  0.4227E+02
   1.827  0.7096E+01  0.4234E+02
   1.837  0.7070E+01  0.4241E+02
   1.847  0.7044E+01  0.4248E+02
   1.857  0.7018E+01  0.4255E+02
   1.867  0.6991E+01  0.4262E+02
   1.877  0.6963E+01  0.4269E+02
   1.887  0.6935E+01  0.4276E+02
   1.897  0.6906E+01  0.4283E+02
   1.907  0.6877E+01  0.4290E+02
   1.917  0.6848E+01  0.4297E+02
   1.927  0.6818E+01  0.4304E+02
   1.937  0.6787E+01  0.4310E+02
   1.947  0.6756E+01  0.4317E+02
   1.957  0.6724E+01  0.4324E+02
   1.967  0.6691E+01  0.4330E+02
   1.977  0.6659E+01  0.4337E+02
   1.987  0.6625E+01  0.4344E+02
   1.997  0.6591E+01  0.4350E+02
   2.007  0.6557E+01  0.4357E+02
   2.017  0.6521E+01  0.4363E+02
   2.027  0.6486E+01  0.4370E+02
   2.037  0.6450E+01  0.4376E+02
   2.047  0.6413E+01  0.4383E+02
   2.057  0.6375E+01  0.4389E+02
   2.067  0.6337E+01  0.4396E+02
   2.077  0.6299E+01  0.4402E+02
   2.087  0.6260E+01  0.4408E+02
   2.097  0.6220E+01  0.4414E+02
   2.107  0.6180E+01  0.4420E+02
   2.117  0.6139E+01  0.4427E+02
   2.127  0.6098E+01  0.4433E+02
   2.137  0.6056E+01  0.4439E+02
   2.147  0.6013E+01  0.4445E+02
   2.157  0.5970E+01  0.4451E+02
   2.167  0.5926E+01  0.4457E+02
   2.177  0.5882E+01  0.4463E+02
   2.187  0.5837E+01  0.4468E+02
   2.197  0.5792E+01  0.4474E+02
   2.207  0.5746E+01  0.4480E+02
   2.217  0.5699E+01  0.4486E+02
   2.227  0.5652E+01  0.4491E+02
   2.237  0.5605E+01  0.4497E+02
   2.247  0.5557E+01  0.4502E+02
   2.257  0.5508E+01  0.4508E+02
   2.267  0.5459E+01  0.4513E+02
   2.277  0.5409E+01  0.4519E+02
   2.287  0.5358E+01  0.4524E+02
   2.297  0.5308E+01  0.4529E+02
   2.307  0.5256E+01  0.4535E+02
   2.317  0.5204E+01  0.4540E+02
   2.327  0.5152E+01  0.4545E+02
   2.337  0.5099E+01  0.4550E+02
   2.347  0.5046E+01  0.4555E+02
   2.357  0.4992E+01  0.4560E+02
   2.367  0.4938E+01  0.4565E+02
   2.377  0.4884E+01  0.4570E+02
   2.387  0.4829E+01  0.4575E+02
   2.397  0.4773E+01  0.4580E+02
   2.407  0.4718E+01  0.4584E+02
   2.417  0.4661E+01  0.4589E+02
   2.427  0.4605E+01  0.4594E+02
   2.437  0.4548E+01  0.4598E+02
   2.447  0.4491E+01  0.4603E+02
   2.457  0.4434E+01  0.4607E+02
   2.467  0.4376E+01  0.4611E+02
   2.477  0.4318E+01  0.4616E+02
   2.487  0.4260E+01  0.4620E+02
   2.497  0.4201E+01  0.4624E+02
   2.507  0.4142E+01  0.4628E+02
   2.517  0.4084E+01  0.4632E+02
   2.527  0.4025E+01  0.4637E+02
   2.537  0.3965E+01  0.4640E+02
   2.547  0.3906E+01  0.4644E+02
   2.557  0.3847E+01  0.4648E+02
   2.567  0.3787E+01  0.4652E+02
   2.577  0.3728E+01  0.4656E+02
   2.587  0.3668E+01  0.4659E+02
   2.597  0.3609E+01  0.4663E+02
   2.607  0.3549E+01  0.4667E+02
   2.617  0.3490E+01  0.4670E+02
   2.627  0.3430E+01  0.4674E+02
   2.637  0.3371E+01  0.4677E+02
   2.647  0.3311E+01  0.4680E+02
   2.657  0.3252E+01  0.4683E+02
   2.667  0.3193E+01  0.4687E+02
   2.677  0.3135E+01  0.4690E+02
   2.687  0.3076E+01  0.4693E+02
   2.697  0.3018E+01  0.4696E+02
   2.707  0.2959E+01  0.4699E+02
   2.717  0.2902E+01  0.4702E+02
   2.727  0.2844E+01  0.4705E+02
   2.737  0.2787E+01  0.4707E+02
   2.747  0.2730E+01  0.4710E+02
   2.757  0.2673E+01  0.4713E+02
   2.767  0.2617E+01  0.4715E+02
   2.777  0.2561E+01  0.4718E+02
   2.787  0.2506E+01  0.4720E+02
   2.797  0.2451E+01  0.4723E+02
   2.807  0.2396E+01  0.4725E+02
   2.817  0.2342E+01  0.4728E+02
   2.827  0.2289E+01  0.4730E+02
   2.837  0.2236E+01  0.4732E+02
   2.847  0.2183E+01  0.4734E+02
   2.857  0.2131E+01  0.4736E+02
   2.867  0.2080E+01  0.4739E+02
   2.877  0.2029E+01  0.4741E+02
   2.887  0.1979E+01  0.4743E+02
   2.897  0.1930E+01  0.4744E+02
   2.907  0.1881E+01  0.4746E+02
   2.917  0.1832E+01  0.4748E+02
   2.927  0.1785E+01  0.4750E+02
   2.937  0.1738E+01  0.4752E+02
   2.947  0.1691E+01  0.4753E+02
   2.957  0.1646E+01  0.4755E+02
   2.967  0.1601E+01  0.4757E+02
   2.977  0.1556E+01  0.4758E+02
   2.987  0.1513E+01  0.4760E+02
   2.997  0.1470E+01  0.4761E+02
   3.007  0.1428E+01  0.4763E+02
   3.017  0.1387E+01  0.4764E+02
   3.027  0.1346E+01  0.4765E+02
   3.037  0.1306E+01  0.4767E+02
   3.047  0.1267E+01  0.4768E+02
   3.057  0.1228E+01  0.4769E+02
   3.067  0.1191E+01  0.4770E+02
   3.077  0.1154E+01  0.4771E+02
   3.087  0.1118E+01  0.4773E+02
   3.097  0.1082E+01  0.4774E+02
   3.107  0.1048E+01  0.4775E+02
   3.117  0.1014E+01  0.4776E+02
   3.127  0.9805E+00  0.4777E+02
   3.137  0.9481E+00  0.4778E+02
   3.147  0.9164E+00  0.4779E+02
   3.157  0.8854E+00  0.4779E+02
   3.167  0.8552E+00  0.4780E+02
   3.177  0.8258E+00  0.4781E+02
   3.187  0.7970E+00  0.4782E+02
   3.197  0.7690E+00  0.4783E+02
   3.207  0.7417E+00  0.4783E+02
   3.217  0.7150E+00  0.4784E+02
   3.227  0.6891E+00  0.4785E+02
   3.237  0.6639E+00  0.4786E+02
   3.247  0.6394E+00  0.4786E+02
   3.257  0.6155E+00  0.4787E+02
   3.267  0.5924E+00  0.4787E+02
   3.277  0.5698E+00  0.4788E+02
   3.287  0.5480E+00  0.4789E+02
   3.297  0.5268E+00  0.4789E+02
   3.307  0.5062E+00  0.4790E+02
   3.317  0.4862E+00  0.4790E+02
   3.327  0.4668E+00  0.4790E+02
   3.337  0.4481E+00  0.4791E+02
   3.347  0.4299E+00  0.4791E+02
   3.357  0.4123E+00  0.4792E+02
   3.367  0.3953E+00  0.4792E+02
   3.377  0.3789E+00  0.4793E+02
   3.387  0.3630E+00  0.4793E+02
   3.397  0.3476E+00  0.4793E+02
   3.407  0.3327E+00  0.4794E+02
   3.417  0.3184E+00  0.4794E+02
   3.427  0.3046E+00  0.4794E+02
   3.437  0.2912E+00  0.4795E+02
   3.447  0.2784E+00  0.4795E+02
   3.457  0.2660E+00  0.4795E+02
   3.467  0.2540E+00  0.4795E+02
   3.477  0.2425E+00  0.4796E+02
   3.487  0.2314E+00  0.4796E+02
   3.497  0.2208E+00  0.4796E+02
   3.507  0.2106E+00  0.4796E+02
   3.517  0.2007E+00  0.4796E+02
   3.527  0.1912E+00  0.4797E+02
   3.537  0.1822E+00  0.4797E+02
   3.547  0.1734E+00  0.4797E+02
   3.557  0.1651E+00  0.4797E+02
   3.567  0.1571E+00  0.4797E+02
   3.577  0.1494E+00  0.4797E+02
   3.587  0.1420E+00  0.4798E+02
   3.597  0.1349E+00  0.4798E+02
   3.607  0.1282E+00  0.4798E+02
   3.617  0.1217E+00  0.4798E+02
   3.627  0.1155E+00  0.4798E+02
   3.637  0.1096E+00  0.4798E+02
   3.647  0.1039E+00  0.4798E+02
   3.657  0.9853E-01  0.4798E+02
   3.667  0.9338E-01  0.4798E+02
   3.677  0.8845E-01  0.4799E+02
   3.687  0.8376E-01  0.4799E+02
   3.697  0.7928E-01  0.4799E+02
   3.707  0.7501E-01  0.4799E+02
   3.717  0.7094E-01  0.4799E+02
   3.727  0.6707E-01  0.4799E+02
   3.737  0.6338E-01  0.4799E+02
   3.747  0.5987E-01  0.4799E+02
   3.757  0.5654E-01  0.4799E+02
   3.767  0.5337E-01  0.4799E+02
   3.777  0.5035E-01  0.4799E+02
   3.787  0.4749E-01  0.4799E+02
   3.797  0.4477E-01  0.4799E+02
   3.807  0.4219E-01  0.4799E+02
   3.817  0.3975E-01  0.4799E+02
   3.827  0.3743E-01  0.4799E+02
   3.837  0.3523E-01  0.4799E+02
   3.847  0.3315E-01  0.4800E+02
   3.857  0.3117E-01  0.4800E+02
   3.867  0.2931E-01  0.4800E+02
   3.877  0.2754E-01  0.4800E+02
   3.887  0.2587E-01  0.4800E+02
   3.897  0.2429E-01  0.4800E+02
   3.907  0.2280E-01  0.4800E+02
   3.917  0.2139E-01  0.4800E+02
   3.927  0.2006E-01  0.4800E+02
   3.937  0.1881E-01  0.4800E+02
   3.947  0.1763E-01  0.4800E+02
   3.957  0.1651E-01  0.4800E+02
   3.967  0.1546E-01  0.4800E+02
   3.977  0.1447E-01  0.4800E+02
   3.987  0.1354E-01  0.4800E+02
   3.997  0.1266E-01  0.4800E+02
   4.007  0.1183E-01  0.4800E+02
   4.017  0.1106E-01  0.4800E+02
   4.027  0.1033E-01  0.4800E+02
   4.037  0.9645E-02  0.4800E+02
   4.047  0.9001E-02  0.4800E+02
   4.057  0.8397E-02  0.4800E+02
   4.067  0.7831E-02  0.4800E+02
   4.077  0.7300E-02  0.4800E+02
   4.087  0.6802E-02  0.4800E+02
   4.097  0.6335E-02  0.4800E+02
   4.107  0.5898E-02  0.4800E+02
   4.117  0.5489E-02  0.4800E+02
   4.127  0.5106E-02  0.4800E+02
   4.137  0.4748E-02  0.4800E+02
   4.147  0.4413E-02  0.4800E+02
   4.157  0.4101E-02  0.4800E+02
   4.167  0.3808E-02  0.4800E+02
   4.177  0.3535E-02  0.4800E+02
   4.187  0.3281E-02  0.4800E+02
   4.197  0.3043E-02  0.4800E+02
   4.207  0.2822E-02  0.4800E+02
   4.217  0.2615E-02  0.4800E+02
   4.227  0.2423E-02  0.4800E+02
   4.237  0.2244E-02  0.4800E+02
   4.247  0.2077E-02  0.4800E+02
   4.257  0.1922E-02  0.4800E+02
   4.267  0.1778E-02  0.4800E+02
   4.277  0.1644E-02  0.4800E+02
   4.287  0.1519E-02  0.4800E+02
   4.297  0.1403E-02  0.4800E+02
   4.307  0.1296E-02  0.4800E+02
   4.317  0.1196E-02  0.4800E+02
   4.327  0.1103E-02  0.4800E+02
   4.337  0.1018E-02  0.4800E+02
   4.347  0.9382E-03  0.4800E+02
   4.357  0.8645E-03  0.4800E+02
   4.367  0.7963E-03  0.4800E+02
   4.377  0.7332E-03  0.4800E+02
   4.387  0.6748E-03  0.4800E+02
   4.397  0.6208E-03  0.4800E+02
   4.407  0.5709E-03  0.4800E+02
   4.417  0.5248E-03  0.4800E+02
   4.427  0.4822E-03  0.4800E+02
   4.437  0.4429E-03  0.4800E+02
   4.447  0.4066E-03  0.4800E+02
   4.457  0.3731E-03  0.4800E+02
   4.467  0.3423E-03  0.4800E+02
   4.477  0.3138E-03  0.4800E+02
   4.487  0.2877E-03  0.4800E+02
   4.497  0.2635E-03  0.4800E+02
   4.507  0.2414E-03  0.4800E+02
   4.517  0.2209E-03  0.4800E+02
   4.527  0.2022E-03  0.4800E+02
   4.537  0.1849E-03  0.4800E+02
   4.547  0.1691E-03  0.4800E+02
   4.557  0.1545E-03  0.4800E+02
   4.567  0.1411E-03  0.4800E+02
   4.577  0.1289E-03  0.4800E+02
   4.587  0.1176E-03  0.4800E+02
   4.597  0.1073E-03  0.4800E+02
   4.607  0.9788E-04  0.4800E+02
   4.617  0.8923E-04  0.4800E+02
