#  E (eV)   dos(E)     Int dos(E) EFermi =    2.576 eV
 -19.222  0.1428E-04  0.1428E-06
 -19.212  0.1547E-04  0.2975E-06
 -19.202  0.1674E-04  0.4649E-06
 -19.192  0.1812E-04  0.6461E-06
 -19.182  0.1960E-04  0.8421E-06
 -19.172  0.2120E-04  0.1054E-05
 -19.162  0.2293E-04  0.1283E-05
 -19.152  0.2479E-04  0.1531E-05
 -19.142  0.2679E-04  0.1799E-05
 -19.132  0.2894E-04  0.2089E-05
 -19.122  0.3126E-04  0.2401E-05
 -19.112  0.3376E-04  0.2739E-05
 -19.102  0.3645E-04  0.3103E-05
 -19.092  0.3933E-04  0.3497E-05
 -19.082  0.4244E-04  0.3921E-05
 -19.072  0.4578E-04  0.4379E-05
 -19.062  0.4936E-04  0.4873E-05
 -19.052  0.5322E-04  0.5405E-05
 -19.042  0.5735E-04  0.5978E-05
 -19.032  0.6180E-04  0.6596E-05
 -19.022  0.6656E-04  0.7262E-05
 -19.012  0.7168E-04  0.7979E-05
 -19.002  0.7717E-04  0.8750E-05
 -18.992  0.8305E-04  0.9581E-05
 -18.982  0.8936E-04  0.1047E-04
 -18.972  0.9612E-04  0.1144E-04
 -18.962  0.1034E-03  0.1247E-04
 -18.952  0.1111E-03  0.1358E-04
 -18.942  0.1194E-03  0.1478E-04
 -18.932  0.1283E-03  0.1606E-04
 -18.922  0.1378E-03  0.1744E-04
 -18.912  0.1480E-03  0.1892E-04
 -18.902  0.1589E-03  0.2051E-04
 -18.892  0.1706E-03  0.2221E-04
 -18.882  0.1830E-03  0.2404E-04
 -18.872  0.1963E-03  0.2601E-04
 -18.862  0.2105E-03  0.2811E-04
 -18.852  0.2257E-03  0.3037E-04
 -18.842  0.2419E-03  0.3279E-04
 -18.832  0.2592E-03  0.3538E-04
 -18.822  0.2777E-03  0.3816E-04
 -18.812  0.2974E-03  0.4113E-04
 -18.802  0.3184E-03  0.4432E-04
 -18.792  0.3408E-03  0.4772E-04
 -18.782  0.3647E-03  0.5137E-04
 -18.772  0.3901E-03  0.5527E-04
 -18.762  0.4172E-03  0.5944E-04
 -18.752  0.4461E-03  0.6390E-04
 -18.742  0.4768E-03  0.6867E-04
 -18.732  0.5095E-03  0.7377E-04
 -18.722  0.5443E-03  0.7921E-04
 -18.712  0.5813E-03  0.8502E-04
 -18.702  0.6206E-03  0.9123E-04
 -18.692  0.6625E-03  0.9785E-04
 -18.682  0.7069E-03  0.1049E-03
 -18.672  0.7542E-03  0.1125E-03
 -18.662  0.8043E-03  0.1205E-03
 -18.652  0.8576E-03  0.1291E-03
 -18.642  0.9142E-03  0.1382E-03
 -18.632  0.9742E-03  0.1480E-03
 -18.622  0.1038E-02  0.1583E-03
 -18.612  0.1105E-02  0.1694E-03
 -18.602  0.1177E-02  0.1812E-03
 -18.592  0.1253E-02  0.1937E-03
 -18.582  0.1333E-02  0.2070E-03
 -18.572  0.1419E-02  0.2212E-03
 -18.562  0.1509E-02  0.2363E-03
 -18.552  0.1605E-02  0.2524E-03
 -18.542  0.1706E-02  0.2694E-03
 -18.532  0.1813E-02  0.2875E-03
 -18.522  0.1926E-02  0.3068E-03
 -18.512  0.2046E-02  0.3273E-03
 -18.502  0.2172E-02  0.3490E-03
 -18.492  0.2306E-02  0.3720E-03
 -18.482  0.2448E-02  0.3965E-03
 -18.472  0.2597E-02  0.4225E-03
 -18.462  0.2755E-02  0.4500E-03
 -18.452  0.2921E-02  0.4793E-03
 -18.442  0.3097E-02  0.5102E-03
 -18.432  0.3283E-02  0.5431E-03
 -18.422  0.3478E-02  0.5778E-03
 -18.412  0.3685E-02  0.6147E-03
 -18.402  0.3902E-02  0.6537E-03
 -18.392  0.4132E-02  0.6950E-03
 -18.382  0.4373E-02  0.7388E-03
 -18.372  0.4628E-02  0.7850E-03
 -18.362  0.4895E-02  0.8340E-03
 -18.352  0.5177E-02  0.8858E-03
 -18.342  0.5474E-02  0.9405E-03
 -18.332  0.5786E-02  0.9984E-03
 -18.322  0.6115E-02  0.1060E-02
 -18.312  0.6460E-02  0.1124E-02
 -18.302  0.6823E-02  0.1192E-02
 -18.292  0.7204E-02  0.1264E-02
 -18.282  0.7605E-02  0.1340E-02
 -18.272  0.8026E-02  0.1421E-02
 -18.262  0.8468E-02  0.1505E-02
 -18.252  0.8932E-02  0.1595E-02
 -18.242  0.9418E-02  0.1689E-02
 -18.232  0.9929E-02  0.1788E-02
 -18.222  0.1046E-01  0.1893E-02
 -18.212  0.1103E-01  0.2003E-02
 -18.202  0.1161E-01  0.2119E-02
 -18.192  0.1223E-01  0.2242E-02
 -18.182  0.1288E-01  0.2370E-02
 -18.172  0.1355E-01  0.2506E-02
 -18.162  0.1426E-01  0.2648E-02
 -18.152  0.1500E-01  0.2798E-02
 -18.142  0.1578E-01  0.2956E-02
 -18.132  0.1659E-01  0.3122E-02
 -18.122  0.1744E-01  0.3296E-02
 -18.112  0.1832E-01  0.3480E-02
 -18.102  0.1925E-01  0.3672E-02
 -18.092  0.2022E-01  0.3874E-02
 -18.082  0.2123E-01  0.4087E-02
 -18.072  0.2228E-01  0.4309E-02
 -18.062  0.2338E-01  0.4543E-02
 -18.052  0.2453E-01  0.4789E-02
 -18.042  0.2573E-01  0.5046E-02
 -18.032  0.2698E-01  0.5316E-02
 -18.022  0.2829E-01  0.5599E-02
 -18.012  0.2965E-01  0.5895E-02
 -18.002  0.3107E-01  0.6206E-02
 -17.992  0.3254E-01  0.6531E-02
 -17.982  0.3408E-01  0.6872E-02
 -17.972  0.3568E-01  0.7229E-02
 -17.962  0.3734E-01  0.7602E-02
 -17.952  0.3908E-01  0.7993E-02
 -17.942  0.4088E-01  0.8402E-02
 -17.932  0.4275E-01  0.8829E-02
 -17.922  0.4470E-01  0.9276E-02
 -17.912  0.4673E-01  0.9744E-02
 -17.902  0.4883E-01  0.1023E-01
 -17.892  0.5102E-01  0.1074E-01
 -17.882  0.5329E-01  0.1128E-01
 -17.872  0.5565E-01  0.1183E-01
 -17.862  0.5809E-01  0.1241E-01
 -17.852  0.6063E-01  0.1302E-01
 -17.842  0.6326E-01  0.1365E-01
 -17.832  0.6599E-01  0.1431E-01
 -17.822  0.6882E-01  0.1500E-01
 -17.812  0.7175E-01  0.1572E-01
 -17.802  0.7478E-01  0.1646E-01
 -17.792  0.7793E-01  0.1724E-01
 -17.782  0.8118E-01  0.1806E-01
 -17.772  0.8455E-01  0.1890E-01
 -17.762  0.8804E-01  0.1978E-01
 -17.752  0.9164E-01  0.2070E-01
 -17.742  0.9537E-01  0.2165E-01
 -17.732  0.9923E-01  0.2264E-01
 -17.722  0.1032E+00  0.2368E-01
 -17.712  0.1073E+00  0.2475E-01
 -17.702  0.1116E+00  0.2587E-01
 -17.692  0.1160E+00  0.2703E-01
 -17.682  0.1205E+00  0.2823E-01
 -17.672  0.1252E+00  0.2948E-01
 -17.662  0.1300E+00  0.3078E-01
 -17.652  0.1350E+00  0.3213E-01
 -17.642  0.1401E+00  0.3353E-01
 -17.632  0.1454E+00  0.3499E-01
 -17.622  0.1509E+00  0.3650E-01
 -17.612  0.1565E+00  0.3806E-01
 -17.602  0.1623E+00  0.3968E-01
 -17.592  0.1682E+00  0.4137E-01
 -17.582  0.1744E+00  0.4311E-01
 -17.572  0.1807E+00  0.4492E-01
 -17.562  0.1872E+00  0.4679E-01
 -17.552  0.1938E+00  0.4873E-01
 -17.542  0.2007E+00  0.5073E-01
 -17.532  0.2077E+00  0.5281E-01
 -17.522  0.2150E+00  0.5496E-01
 -17.512  0.2224E+00  0.5718E-01
 -17.502  0.2301E+00  0.5949E-01
 -17.492  0.2379E+00  0.6186E-01
 -17.482  0.2459E+00  0.6432E-01
 -17.472  0.2542E+00  0.6687E-01
 -17.462  0.2627E+00  0.6949E-01
 -17.452  0.2713E+00  0.7221E-01
 -17.442  0.2802E+00  0.7501E-01
 -17.432  0.2894E+00  0.7790E-01
 -17.422  0.2987E+00  0.8089E-01
 -17.412  0.3083E+00  0.8397E-01
 -17.402  0.3181E+00  0.8715E-01
 -17.392  0.3281E+00  0.9043E-01
 -17.382  0.3383E+00  0.9382E-01
 -17.372  0.3488E+00  0.9730E-01
 -17.362  0.3595E+00  0.1009E+00
 -17.352  0.3705E+00  0.1046E+00
 -17.342  0.3817E+00  0.1084E+00
 -17.332  0.3931E+00  0.1124E+00
 -17.322  0.4048E+00  0.1164E+00
 -17.312  0.4168E+00  0.1206E+00
 -17.302  0.4289E+00  0.1249E+00
 -17.292  0.4414E+00  0.1293E+00
 -17.282  0.4541E+00  0.1338E+00
 -17.272  0.4670E+00  0.1385E+00
 -17.262  0.4802E+00  0.1433E+00
 -17.252  0.4936E+00  0.1482E+00
 -17.242  0.5073E+00  0.1533E+00
 -17.232  0.5212E+00  0.1585E+00
 -17.222  0.5354E+00  0.1639E+00
 -17.212  0.5499E+00  0.1694E+00
 -17.202  0.5646E+00  0.1750E+00
 -17.192  0.5795E+00  0.1808E+00
 -17.182  0.5947E+00  0.1867E+00
 -17.172  0.6102E+00  0.1928E+00
 -17.162  0.6259E+00  0.1991E+00
 -17.152  0.6419E+00  0.2055E+00
 -17.142  0.6581E+00  0.2121E+00
 -17.132  0.6746E+00  0.2189E+00
 -17.122  0.6913E+00  0.2258E+00
 -17.112  0.7082E+00  0.2328E+00
 -17.102  0.7255E+00  0.2401E+00
 -17.092  0.7429E+00  0.2475E+00
 -17.082  0.7606E+00  0.2551E+00
 -17.072  0.7786E+00  0.2629E+00
 -17.062  0.7967E+00  0.2709E+00
 -17.052  0.8152E+00  0.2790E+00
 -17.042  0.8338E+00  0.2874E+00
 -17.032  0.8527E+00  0.2959E+00
 -17.022  0.8718E+00  0.3046E+00
 -17.012  0.8911E+00  0.3135E+00
 -17.002  0.9107E+00  0.3226E+00
 -16.992  0.9304E+00  0.3319E+00
 -16.982  0.9504E+00  0.3415E+00
 -16.972  0.9706E+00  0.3512E+00
 -16.962  0.9910E+00  0.3611E+00
 -16.952  0.1012E+01  0.3712E+00
 -16.942  0.1032E+01  0.3815E+00
 -16.932  0.1053E+01  0.3920E+00
 -16.922  0.1075E+01  0.4028E+00
 -16.912  0.1096E+01  0.4137E+00
 -16.902  0.1117E+01  0.4249E+00
 -16.892  0.1139E+01  0.4363E+00
 -16.882  0.1161E+01  0.4479E+00
 -16.872  0.1183E+01  0.4598E+00
 -16.862  0.1205E+01  0.4718E+00
 -16.852  0.1228E+01  0.4841E+00
 -16.842  0.1250E+01  0.4966E+00
 -16.832  0.1273E+01  0.5093E+00
 -16.822  0.1295E+01  0.5223E+00
 -16.812  0.1318E+01  0.5355E+00
 -16.802  0.1341E+01  0.5489E+00
 -16.792  0.1364E+01  0.5625E+00
 -16.782  0.1388E+01  0.5764E+00
 -16.772  0.1411E+01  0.5905E+00
 -16.762  0.1434E+01  0.6048E+00
 -16.752  0.1458E+01  0.6194E+00
 -16.742  0.1482E+01  0.6342E+00
 -16.732  0.1505E+01  0.6493E+00
 -16.722  0.1529E+01  0.6646E+00
 -16.712  0.1553E+01  0.6801E+00
 -16.702  0.1577E+01  0.6959E+00
 -16.692  0.1600E+01  0.7119E+00
 -16.682  0.1624E+01  0.7281E+00
 -16.672  0.1648E+01  0.7446E+00
 -16.662  0.1672E+01  0.7613E+00
 -16.652  0.1696E+01  0.7783E+00
 -16.642  0.1720E+01  0.7955E+00
 -16.632  0.1744E+01  0.8129E+00
 -16.622  0.1768E+01  0.8306E+00
 -16.612  0.1792E+01  0.8485E+00
 -16.602  0.1816E+01  0.8667E+00
 -16.592  0.1840E+01  0.8851E+00
 -16.582  0.1864E+01  0.9037E+00
 -16.572  0.1888E+01  0.9226E+00
 -16.562  0.1912E+01  0.9417E+00
 -16.552  0.1936E+01  0.9611E+00
 -16.542  0.1959E+01  0.9807E+00
 -16.532  0.1983E+01  0.1001E+01
 -16.522  0.2007E+01  0.1021E+01
 -16.512  0.2030E+01  0.1041E+01
 -16.502  0.2053E+01  0.1061E+01
 -16.492  0.2077E+01  0.1082E+01
 -16.482  0.2100E+01  0.1103E+01
 -16.472  0.2123E+01  0.1124E+01
 -16.462  0.2146E+01  0.1146E+01
 -16.452  0.2169E+01  0.1168E+01
 -16.442  0.2192E+01  0.1189E+01
 -16.432  0.2215E+01  0.1212E+01
 -16.422  0.2237E+01  0.1234E+01
 -16.412  0.2260E+01  0.1257E+01
 -16.402  0.2282E+01  0.1279E+01
 -16.392  0.2305E+01  0.1302E+01
 -16.382  0.2327E+01  0.1326E+01
 -16.372  0.2349E+01  0.1349E+01
 -16.362  0.2370E+01  0.1373E+01
 -16.352  0.2392E+01  0.1397E+01
 -16.342  0.2413E+01  0.1421E+01
 -16.332  0.2435E+01  0.1445E+01
 -16.322  0.2456E+01  0.1470E+01
 -16.312  0.2477E+01  0.1495E+01
 -16.302  0.2498E+01  0.1520E+01
 -16.292  0.2519E+01  0.1545E+01
 -16.282  0.2539E+01  0.1570E+01
 -16.272  0.2560E+01  0.1596E+01
 -16.262  0.2580E+01  0.1622E+01
 -16.252  0.2600E+01  0.1648E+01
 -16.242  0.2620E+01  0.1674E+01
 -16.232  0.2640E+01  0.1700E+01
 -16.222  0.2660E+01  0.1727E+01
 -16.212  0.2679E+01  0.1754E+01
 -16.202  0.2699E+01  0.1781E+01
 -16.192  0.2718E+01  0.1808E+01
 -16.182  0.2737E+01  0.1835E+01
 -16.172  0.2756E+01  0.1863E+01
 -16.162  0.2775E+01  0.1890E+01
 -16.152  0.2793E+01  0.1918E+01
 -16.142  0.2812E+01  0.1947E+01
 -16.132  0.2830E+01  0.1975E+01
 -16.122  0.2848E+01  0.2003E+01
 -16.112  0.2866E+01  0.2032E+01
 -16.102  0.2884E+01  0.2061E+01
 -16.092  0.2902E+01  0.2090E+01
 -16.082  0.2920E+01  0.2119E+01
 -16.072  0.2938E+01  0.2148E+01
 -16.062  0.2955E+01  0.2178E+01
 -16.052  0.2973E+01  0.2208E+01
 -16.042  0.2990E+01  0.2238E+01
 -16.032  0.3008E+01  0.2268E+01
 -16.022  0.3025E+01  0.2298E+01
 -16.012  0.3042E+01  0.2328E+01
 -16.002  0.3059E+01  0.2359E+01
 -15.992  0.3076E+01  0.2390E+01
 -15.982  0.3093E+01  0.2421E+01
 -15.972  0.3110E+01  0.2452E+01
 -15.962  0.3127E+01  0.2483E+01
 -15.952  0.3144E+01  0.2514E+01
 -15.942  0.3161E+01  0.2546E+01
 -15.932  0.3178E+01  0.2578E+01
 -15.922  0.3195E+01  0.2610E+01
 -15.912  0.3212E+01  0.2642E+01
 -15.902  0.3229E+01  0.2674E+01
 -15.892  0.3246E+01  0.2707E+01
 -15.882  0.3263E+01  0.2739E+01
 -15.872  0.3280E+01  0.2772E+01
 -15.862  0.3297E+01  0.2805E+01
 -15.852  0.3314E+01  0.2838E+01
 -15.842  0.3332E+01  0.2872E+01
 -15.832  0.3349E+01  0.2905E+01
 -15.822  0.3366E+01  0.2939E+01
 -15.812  0.3384E+01  0.2973E+01
 -15.802  0.3401E+01  0.3007E+01
 -15.792  0.3419E+01  0.3041E+01
 -15.782  0.3437E+01  0.3075E+01
 -15.772  0.3455E+01  0.3110E+01
 -15.762  0.3473E+01  0.3144E+01
 -15.752  0.3491E+01  0.3179E+01
 -15.742  0.3509E+01  0.3214E+01
 -15.732  0.3528E+01  0.3250E+01
 -15.722  0.3547E+01  0.3285E+01
 -15.712  0.3565E+01  0.3321E+01
 -15.702  0.3584E+01  0.3357E+01
 -15.692  0.3603E+01  0.3393E+01
 -15.682  0.3623E+01  0.3429E+01
 -15.672  0.3642E+01  0.3465E+01
 -15.662  0.3662E+01  0.3502E+01
 -15.652  0.3682E+01  0.3539E+01
 -15.642  0.3702E+01  0.3576E+01
 -15.632  0.3722E+01  0.3613E+01
 -15.622  0.3743E+01  0.3650E+01
 -15.612  0.3764E+01  0.3688E+01
 -15.602  0.3785E+01  0.3726E+01
 -15.592  0.3806E+01  0.3764E+01
 -15.582  0.3827E+01  0.3802E+01
 -15.572  0.3849E+01  0.3841E+01
 -15.562  0.3871E+01  0.3879E+01
 -15.552  0.3893E+01  0.3918E+01
 -15.542  0.3915E+01  0.3958E+01
 -15.532  0.3938E+01  0.3997E+01
 -15.522  0.3960E+01  0.4037E+01
 -15.512  0.3983E+01  0.4076E+01
 -15.502  0.4006E+01  0.4116E+01
 -15.492  0.4030E+01  0.4157E+01
 -15.482  0.4053E+01  0.4197E+01
 -15.472  0.4077E+01  0.4238E+01
 -15.462  0.4101E+01  0.4279E+01
 -15.452  0.4125E+01  0.4320E+01
 -15.442  0.4150E+01  0.4362E+01
 -15.432  0.4174E+01  0.4404E+01
 -15.422  0.4199E+01  0.4445E+01
 -15.412  0.4224E+01  0.4488E+01
 -15.402  0.4249E+01  0.4530E+01
 -15.392  0.4274E+01  0.4573E+01
 -15.382  0.4299E+01  0.4616E+01
 -15.372  0.4325E+01  0.4659E+01
 -15.362  0.4350E+01  0.4703E+01
 -15.352  0.4376E+01  0.4746E+01
 -15.342  0.4402E+01  0.4790E+01
 -15.332  0.4428E+01  0.4835E+01
 -15.322  0.4454E+01  0.4879E+01
 -15.312  0.4480E+01  0.4924E+01
 -15.302  0.4506E+01  0.4969E+01
 -15.292  0.4532E+01  0.5014E+01
 -15.282  0.4558E+01  0.5060E+01
 -15.272  0.4584E+01  0.5106E+01
 -15.262  0.4610E+01  0.5152E+01
 -15.252  0.4636E+01  0.5198E+01
 -15.242  0.4662E+01  0.5245E+01
 -15.232  0.4688E+01  0.5292E+01
 -15.222  0.4714E+01  0.5339E+01
 -15.212  0.4739E+01  0.5386E+01
 -15.202  0.4765E+01  0.5434E+01
 -15.192  0.4790E+01  0.5482E+01
 -15.182  0.4816E+01  0.5530E+01
 -15.172  0.4841E+01  0.5578E+01
 -15.162  0.4865E+01  0.5627E+01
 -15.152  0.4890E+01  0.5676E+01
 -15.142  0.4914E+01  0.5725E+01
 -15.132  0.4938E+01  0.5775E+01
 -15.122  0.4962E+01  0.5824E+01
 -15.112  0.4985E+01  0.5874E+01
 -15.102  0.5009E+01  0.5924E+01
 -15.092  0.5031E+01  0.5974E+01
 -15.082  0.5054E+01  0.6025E+01
 -15.072  0.5075E+01  0.6076E+01
 -15.062  0.5097E+01  0.6127E+01
 -15.052  0.5118E+01  0.6178E+01
 -15.042  0.5138E+01  0.6229E+01
 -15.032  0.5158E+01  0.6281E+01
 -15.022  0.5178E+01  0.6333E+01
 -15.012  0.5197E+01  0.6385E+01
 -15.002  0.5215E+01  0.6437E+01
 -14.992  0.5233E+01  0.6489E+01
 -14.982  0.5250E+01  0.6542E+01
 -14.972  0.5266E+01  0.6594E+01
 -14.962  0.5282E+01  0.6647E+01
 -14.952  0.5297E+01  0.6700E+01
 -14.942  0.5311E+01  0.6753E+01
 -14.932  0.5325E+01  0.6806E+01
 -14.922  0.5338E+01  0.6860E+01
 -14.912  0.5350E+01  0.6913E+01
 -14.902  0.5361E+01  0.6967E+01
 -14.892  0.5371E+01  0.7021E+01
 -14.882  0.5381E+01  0.7074E+01
 -14.872  0.5389E+01  0.7128E+01
 -14.862  0.5397E+01  0.7182E+01
 -14.852  0.5404E+01  0.7236E+01
 -14.842  0.5410E+01  0.7290E+01
 -14.832  0.5415E+01  0.7345E+01
 -14.822  0.5419E+01  0.7399E+01
 -14.812  0.5422E+01  0.7453E+01
 -14.802  0.5425E+01  0.7507E+01
 -14.792  0.5426E+01  0.7561E+01
 -14.782  0.5426E+01  0.7616E+01
 -14.772  0.5425E+01  0.7670E+01
 -14.762  0.5423E+01  0.7724E+01
 -14.752  0.5420E+01  0.7778E+01
 -14.742  0.5416E+01  0.7833E+01
 -14.732  0.5411E+01  0.7887E+01
 -14.722  0.5405E+01  0.7941E+01
 -14.712  0.5398E+01  0.7995E+01
 -14.702  0.5389E+01  0.8049E+01
 -14.692  0.5380E+01  0.8102E+01
 -14.682  0.5369E+01  0.8156E+01
 -14.672  0.5358E+01  0.8210E+01
 -14.662  0.5345E+01  0.8263E+01
 -14.652  0.5331E+01  0.8316E+01
 -14.642  0.5316E+01  0.8370E+01
 -14.632  0.5300E+01  0.8423E+01
 -14.622  0.5283E+01  0.8475E+01
 -14.612  0.5265E+01  0.8528E+01
 -14.602  0.5245E+01  0.8580E+01
 -14.592  0.5225E+01  0.8633E+01
 -14.582  0.5203E+01  0.8685E+01
 -14.572  0.5181E+01  0.8737E+01
 -14.562  0.5157E+01  0.8788E+01
 -14.552  0.5132E+01  0.8839E+01
 -14.542  0.5106E+01  0.8891E+01
 -14.532  0.5079E+01  0.8941E+01
 -14.522  0.5052E+01  0.8992E+01
 -14.512  0.5023E+01  0.9042E+01
 -14.502  0.4993E+01  0.9092E+01
 -14.492  0.4962E+01  0.9142E+01
 -14.482  0.4930E+01  0.9191E+01
 -14.472  0.4897E+01  0.9240E+01
 -14.462  0.4863E+01  0.9289E+01
 -14.452  0.4828E+01  0.9337E+01
 -14.442  0.4792E+01  0.9385E+01
 -14.432  0.4756E+01  0.9432E+01
 -14.422  0.4718E+01  0.9479E+01
 -14.412  0.4680E+01  0.9526E+01
 -14.402  0.4641E+01  0.9573E+01
 -14.392  0.4600E+01  0.9619E+01
 -14.382  0.4560E+01  0.9664E+01
 -14.372  0.4518E+01  0.9709E+01
 -14.362  0.4476E+01  0.9754E+01
 -14.352  0.4433E+01  0.9799E+01
 -14.342  0.4389E+01  0.9842E+01
 -14.332  0.4344E+01  0.9886E+01
 -14.322  0.4299E+01  0.9929E+01
 -14.312  0.4253E+01  0.9971E+01
 -14.302  0.4207E+01  0.1001E+02
 -14.292  0.4160E+01  0.1006E+02
 -14.282  0.4113E+01  0.1010E+02
 -14.272  0.4065E+01  0.1014E+02
 -14.262  0.4016E+01  0.1018E+02
 -14.252  0.3967E+01  0.1022E+02
 -14.242  0.3918E+01  0.1026E+02
 -14.232  0.3868E+01  0.1029E+02
 -14.222  0.3818E+01  0.1033E+02
 -14.212  0.3768E+01  0.1037E+02
 -14.202  0.3717E+01  0.1041E+02
 -14.192  0.3666E+01  0.1044E+02
 -14.182  0.3614E+01  0.1048E+02
 -14.172  0.3563E+01  0.1052E+02
 -14.162  0.3511E+01  0.1055E+02
 -14.152  0.3459E+01  0.1059E+02
 -14.142  0.3407E+01  0.1062E+02
 -14.132  0.3355E+01  0.1065E+02
 -14.122  0.3302E+01  0.1069E+02
 -14.112  0.3250E+01  0.1072E+02
 -14.102  0.3197E+01  0.1075E+02
 -14.092  0.3145E+01  0.1078E+02
 -14.082  0.3093E+01  0.1081E+02
 -14.072  0.3040E+01  0.1084E+02
 -14.062  0.2988E+01  0.1087E+02
 -14.052  0.2936E+01  0.1090E+02
 -14.042  0.2884E+01  0.1093E+02
 -14.032  0.2832E+01  0.1096E+02
 -14.022  0.2780E+01  0.1099E+02
 -14.012  0.2728E+01  0.1102E+02
 -14.002  0.2677E+01  0.1104E+02
 -13.992  0.2626E+01  0.1107E+02
 -13.982  0.2575E+01  0.1109E+02
 -13.972  0.2524E+01  0.1112E+02
 -13.962  0.2474E+01  0.1114E+02
 -13.952  0.2424E+01  0.1117E+02
 -13.942  0.2374E+01  0.1119E+02
 -13.932  0.2325E+01  0.1122E+02
 -13.922  0.2276E+01  0.1124E+02
 -13.912  0.2228E+01  0.1126E+02
 -13.902  0.2180E+01  0.1128E+02
 -13.892  0.2132E+01  0.1130E+02
 -13.882  0.2085E+01  0.1132E+02
 -13.872  0.2038E+01  0.1134E+02
 -13.862  0.1992E+01  0.1136E+02
 -13.852  0.1947E+01  0.1138E+02
 -13.842  0.1901E+01  0.1140E+02
 -13.832  0.1857E+01  0.1142E+02
 -13.822  0.1813E+01  0.1144E+02
 -13.812  0.1769E+01  0.1146E+02
 -13.802  0.1726E+01  0.1147E+02
 -13.792  0.1684E+01  0.1149E+02
 -13.782  0.1642E+01  0.1151E+02
 -13.772  0.1600E+01  0.1152E+02
 -13.762  0.1560E+01  0.1154E+02
 -13.752  0.1520E+01  0.1155E+02
 -13.742  0.1480E+01  0.1157E+02
 -13.732  0.1441E+01  0.1158E+02
 -13.722  0.1403E+01  0.1160E+02
 -13.712  0.1365E+01  0.1161E+02
 -13.702  0.1328E+01  0.1162E+02
 -13.692  0.1292E+01  0.1164E+02
 -13.682  0.1256E+01  0.1165E+02
 -13.672  0.1221E+01  0.1166E+02
 -13.662  0.1187E+01  0.1167E+02
 -13.652  0.1153E+01  0.1169E+02
 -13.642  0.1120E+01  0.1170E+02
 -13.632  0.1087E+01  0.1171E+02
 -13.622  0.1055E+01  0.1172E+02
 -13.612  0.1024E+01  0.1173E+02
 -13.602  0.9935E+00  0.1174E+02
 -13.592  0.9635E+00  0.1175E+02
 -13.582  0.9342E+00  0.1176E+02
 -13.572  0.9055E+00  0.1177E+02
 -13.562  0.8774E+00  0.1178E+02
 -13.552  0.8499E+00  0.1178E+02
 -13.542  0.8231E+00  0.1179E+02
 -13.532  0.7969E+00  0.1180E+02
 -13.522  0.7713E+00  0.1181E+02
 -13.512  0.7463E+00  0.1182E+02
 -13.502  0.7219E+00  0.1182E+02
 -13.492  0.6981E+00  0.1183E+02
 -13.482  0.6749E+00  0.1184E+02
 -13.472  0.6522E+00  0.1184E+02
 -13.462  0.6302E+00  0.1185E+02
 -13.452  0.6087E+00  0.1186E+02
 -13.442  0.5878E+00  0.1186E+02
 -13.432  0.5674E+00  0.1187E+02
 -13.422  0.5476E+00  0.1187E+02
 -13.412  0.5283E+00  0.1188E+02
 -13.402  0.5095E+00  0.1188E+02
 -13.392  0.4913E+00  0.1189E+02
 -13.382  0.4736E+00  0.1189E+02
 -13.372  0.4564E+00  0.1190E+02
 -13.362  0.4397E+00  0.1190E+02
 -13.352  0.4234E+00  0.1191E+02
 -13.342  0.4077E+00  0.1191E+02
 -13.332  0.3924E+00  0.1191E+02
 -13.322  0.3776E+00  0.1192E+02
 -13.312  0.3632E+00  0.1192E+02
 -13.302  0.3493E+00  0.1192E+02
 -13.292  0.3358E+00  0.1193E+02
 -13.282  0.3228E+00  0.1193E+02
 -13.272  0.3101E+00  0.1193E+02
 -13.262  0.2979E+00  0.1194E+02
 -13.252  0.2861E+00  0.1194E+02
 -13.242  0.2746E+00  0.1194E+02
 -13.232  0.2636E+00  0.1195E+02
 -13.222  0.2529E+00  0.1195E+02
 -13.212  0.2426E+00  0.1195E+02
 -13.202  0.2326E+00  0.1195E+02
 -13.192  0.2229E+00  0.1195E+02
 -13.182  0.2136E+00  0.1196E+02
 -13.172  0.2047E+00  0.1196E+02
 -13.162  0.1960E+00  0.1196E+02
 -13.152  0.1877E+00  0.1196E+02
 -13.142  0.1797E+00  0.1196E+02
 -13.132  0.1719E+00  0.1197E+02
 -13.122  0.1645E+00  0.1197E+02
 -13.112  0.1573E+00  0.1197E+02
 -13.102  0.1504E+00  0.1197E+02
 -13.092  0.1437E+00  0.1197E+02
 -13.082  0.1373E+00  0.1197E+02
 -13.072  0.1312E+00  0.1198E+02
 -13.062  0.1253E+00  0.1198E+02
 -13.052  0.1196E+00  0.1198E+02
 -13.042  0.1141E+00  0.1198E+02
 -13.032  0.1089E+00  0.1198E+02
 -13.022  0.1038E+00  0.1198E+02
 -13.012  0.9902E-01  0.1198E+02
 -13.002  0.9439E-01  0.1198E+02
 -12.992  0.8995E-01  0.1198E+02
 -12.982  0.8569E-01  0.1198E+02
 -12.972  0.8161E-01  0.1199E+02
 -12.962  0.7771E-01  0.1199E+02
 -12.952  0.7396E-01  0.1199E+02
 -12.942  0.7038E-01  0.1199E+02
 -12.932  0.6695E-01  0.1199E+02
 -12.922  0.6367E-01  0.1199E+02
 -12.912  0.6053E-01  0.1199E+02
 -12.902  0.5753E-01  0.1199E+02
 -12.892  0.5466E-01  0.1199E+02
 -12.882  0.5192E-01  0.1199E+02
 -12.872  0.4930E-01  0.1199E+02
 -12.862  0.4680E-01  0.1199E+02
 -12.852  0.4442E-01  0.1199E+02
 -12.842  0.4214E-01  0.1199E+02
 -12.832  0.3997E-01  0.1199E+02
 -12.822  0.3790E-01  0.1199E+02
 -12.812  0.3592E-01  0.1199E+02
 -12.802  0.3404E-01  0.1199E+02
 -12.792  0.3225E-01  0.1199E+02
 -12.782  0.3054E-01  0.1199E+02
 -12.772  0.2892E-01  0.1200E+02
 -12.762  0.2737E-01  0.1200E+02
 -12.752  0.2590E-01  0.1200E+02
 -12.742  0.2450E-01  0.1200E+02
 -12.732  0.2317E-01  0.1200E+02
 -12.722  0.2190E-01  0.1200E+02
 -12.712  0.2070E-01  0.1200E+02
 -12.702  0.1956E-01  0.1200E+02
 -12.692  0.1847E-01  0.1200E+02
 -12.682  0.1744E-01  0.1200E+02
 -12.672  0.1646E-01  0.1200E+02
 -12.662  0.1554E-01  0.1200E+02
 -12.652  0.1466E-01  0.1200E+02
 -12.642  0.1382E-01  0.1200E+02
 -12.632  0.1303E-01  0.1200E+02
 -12.622  0.1229E-01  0.1200E+02
 -12.612  0.1158E-01  0.1200E+02
 -12.602  0.1091E-01  0.1200E+02
 -12.592  0.1027E-01  0.1200E+02
 -12.582  0.9668E-02  0.1200E+02
 -12.572  0.9100E-02  0.1200E+02
 -12.562  0.8562E-02  0.1200E+02
 -12.552  0.8053E-02  0.1200E+02
 -12.542  0.7573E-02  0.1200E+02
 -12.532  0.7119E-02  0.1200E+02
 -12.522  0.6690E-02  0.1200E+02
 -12.512  0.6285E-02  0.1200E+02
 -12.502  0.5903E-02  0.1200E+02
 -12.492  0.5543E-02  0.1200E+02
 -12.482  0.5203E-02  0.1200E+02
 -12.472  0.4882E-02  0.1200E+02
 -12.462  0.4580E-02  0.1200E+02
 -12.452  0.4295E-02  0.1200E+02
 -12.442  0.4027E-02  0.1200E+02
 -12.432  0.3774E-02  0.1200E+02
 -12.422  0.3537E-02  0.1200E+02
 -12.412  0.3313E-02  0.1200E+02
 -12.402  0.3102E-02  0.1200E+02
 -12.392  0.2904E-02  0.1200E+02
 -12.382  0.2718E-02  0.1200E+02
 -12.372  0.2543E-02  0.1200E+02
 -12.362  0.2378E-02  0.1200E+02
 -12.352  0.2224E-02  0.1200E+02
 -12.342  0.2079E-02  0.1200E+02
 -12.332  0.1943E-02  0.1200E+02
 -12.322  0.1815E-02  0.1200E+02
 -12.312  0.1695E-02  0.1200E+02
 -12.302  0.1582E-02  0.1200E+02
 -12.292  0.1477E-02  0.1200E+02
 -12.282  0.1378E-02  0.1200E+02
 -12.272  0.1286E-02  0.1200E+02
 -12.262  0.1199E-02  0.1200E+02
 -12.252  0.1118E-02  0.1200E+02
 -12.242  0.1042E-02  0.1200E+02
 -12.232  0.9704E-03  0.1200E+02
 -12.222  0.9039E-03  0.1200E+02
 -12.212  0.8416E-03  0.1200E+02
 -12.202  0.7835E-03  0.1200E+02
 -12.192  0.7291E-03  0.1200E+02
 -12.182  0.6783E-03  0.1200E+02
 -12.172  0.6308E-03  0.1200E+02
 -12.162  0.5865E-03  0.1200E+02
 -12.152  0.5451E-03  0.1200E+02
 -12.142  0.5066E-03  0.1200E+02
 -12.132  0.4706E-03  0.1200E+02
 -12.122  0.4370E-03  0.1200E+02
 -12.112  0.4057E-03  0.1200E+02
 -12.102  0.3765E-03  0.1200E+02
 -12.092  0.3493E-03  0.1200E+02
 -12.082  0.3240E-03  0.1200E+02
 -12.072  0.3005E-03  0.1200E+02
 -12.062  0.2785E-03  0.1200E+02
 -12.052  0.2581E-03  0.1200E+02
 -12.042  0.2391E-03  0.1200E+02
 -12.032  0.2215E-03  0.1200E+02
 -12.022  0.2051E-03  0.1200E+02
 -12.012  0.1898E-03  0.1200E+02
 -12.002  0.1756E-03  0.1200E+02
 -11.992  0.1625E-03  0.1200E+02
 -11.982  0.1503E-03  0.1200E+02
 -11.972  0.1389E-03  0.1200E+02
 -11.962  0.1284E-03  0.1200E+02
 -11.952  0.1186E-03  0.1200E+02
 -11.942  0.1096E-03  0.1200E+02
 -11.932  0.1012E-03  0.1200E+02
 -11.922  0.9340E-04  0.1200E+02
 -11.912  0.8619E-04  0.1200E+02
 -11.902  0.7952E-04  0.1200E+02
 -11.892  0.7334E-04  0.1200E+02
 -11.882  0.6762E-04  0.1200E+02
 -11.872  0.6233E-04  0.1200E+02
 -11.862  0.5744E-04  0.1200E+02
 -11.852  0.5291E-04  0.1200E+02
 -11.842  0.4873E-04  0.1200E+02
 -11.832  0.4486E-04  0.1200E+02
 -11.822  0.4129E-04  0.1200E+02
 -11.812  0.3799E-04  0.1200E+02
 -11.802  0.3495E-04  0.1200E+02
 -11.792  0.3213E-04  0.1200E+02
 -11.782  0.2954E-04  0.1200E+02
 -11.772  0.2715E-04  0.1200E+02
 -11.762  0.2494E-04  0.1200E+02
 -11.752  0.2291E-04  0.1200E+02
 -11.742  0.2103E-04  0.1200E+02
 -11.732  0.1931E-04  0.1200E+02
 -11.722  0.1772E-04  0.1200E+02
 -11.712  0.1625E-04  0.1200E+02
 -11.702  0.1491E-04  0.1200E+02
 -11.692  0.1367E-04  0.1200E+02
 -11.682  0.1253E-04  0.1200E+02
 -11.672  0.1148E-04  0.1200E+02
 -11.662  0.1051E-04  0.1200E+02
 -11.652  0.9627E-05  0.1200E+02
 -11.642  0.8813E-05  0.1200E+02
 -11.632  0.8065E-05  0.1200E+02
 -11.622  0.7379E-05  0.1200E+02
 -11.612  0.6749E-05  0.1200E+02
 -11.602  0.6171E-05  0.1200E+02
 -11.592  0.5641E-05  0.1200E+02
 -11.582  0.5155E-05  0.1200E+02
 -11.572  0.4709E-05  0.1200E+02
 -11.562  0.4300E-05  0.1200E+02
 -11.552  0.3926E-05  0.1200E+02
 -11.542  0.3584E-05  0.1200E+02
 -11.532  0.3270E-05  0.1200E+02
 -11.522  0.2983E-05  0.1200E+02
 -11.512  0.2720E-05  0.1200E+02
 -11.502  0.2480E-05  0.1200E+02
 -11.492  0.2260E-05  0.1200E+02
 -11.482  0.2059E-05  0.1200E+02
 -11.472  0.1875E-05  0.1200E+02
 -11.462  0.1707E-05  0.1200E+02
 -11.452  0.1554E-05  0.1200E+02
 -11.442  0.1414E-05  0.1200E+02
 -11.432  0.1287E-05  0.1200E+02
 -11.422  0.1170E-05  0.1200E+02
 -11.412  0.1064E-05  0.1200E+02
 -11.402  0.9670E-06  0.1200E+02
 -11.392  0.8787E-06  0.1200E+02
 -11.382  0.7982E-06  0.1200E+02
 -11.372  0.7248E-06  0.1200E+02
 -11.362  0.6580E-06  0.1200E+02
 -11.352  0.5972E-06  0.1200E+02
 -11.342  0.5418E-06  0.1200E+02
 -11.332  0.4914E-06  0.1200E+02
 -11.322  0.4456E-06  0.1200E+02
 -11.312  0.4039E-06  0.1200E+02
 -11.302  0.3660E-06  0.1200E+02
 -11.292  0.3316E-06  0.1200E+02
 -11.282  0.3003E-06  0.1200E+02
 -11.272  0.2719E-06  0.1200E+02
 -11.262  0.2461E-06  0.1200E+02
 -11.252  0.2227E-06  0.1200E+02
 -11.242  0.2014E-06  0.1200E+02
 -11.232  0.1822E-06  0.1200E+02
 -11.222  0.1647E-06  0.1200E+02
 -11.212  0.1488E-06  0.1200E+02
 -11.202  0.1345E-06  0.1200E+02
 -11.192  0.1215E-06  0.1200E+02
 -11.182  0.1097E-06  0.1200E+02
 -11.172  0.9900E-07  0.1200E+02
 -11.162  0.8934E-07  0.1200E+02
 -11.152  0.8060E-07  0.1200E+02
 -11.142  0.7269E-07  0.1200E+02
 -11.132  0.6554E-07  0.1200E+02
 -11.122  0.5907E-07  0.1200E+02
 -11.112  0.5323E-07  0.1200E+02
 -11.102  0.4795E-07  0.1200E+02
 -11.092  0.4318E-07  0.1200E+02
 -11.082  0.3887E-07  0.1200E+02
 -11.072  0.3498E-07  0.1200E+02
 -11.062  0.3148E-07  0.1200E+02
 -11.052  0.2831E-07  0.1200E+02
 -11.042  0.2546E-07  0.1200E+02
 -11.032  0.2288E-07  0.1200E+02
 -11.022  0.2056E-07  0.1200E+02
 -11.012  0.1847E-07  0.1200E+02
 -11.002  0.1659E-07  0.1200E+02
 -10.992  0.1490E-07  0.1200E+02
 -10.982  0.1337E-07  0.1200E+02
 -10.972  0.1200E-07  0.1200E+02
 -10.962  0.1076E-07  0.1200E+02
 -10.952  0.9652E-08  0.1200E+02
 -10.942  0.8653E-08  0.1200E+02
 -10.932  0.7755E-08  0.1200E+02
 -10.922  0.6949E-08  0.1200E+02
 -10.912  0.6224E-08  0.1200E+02
 -10.902  0.5573E-08  0.1200E+02
 -10.892  0.4989E-08  0.1200E+02
 -10.882  0.4465E-08  0.1200E+02
 -10.872  0.3994E-08  0.1200E+02
 -10.862  0.3572E-08  0.1200E+02
 -10.852  0.3194E-08  0.1200E+02
 -10.842  0.2855E-08  0.1200E+02
 -10.832  0.2551E-08  0.1200E+02
 -10.822  0.2279E-08  0.1200E+02
 -10.812  0.2035E-08  0.1200E+02
 -10.802  0.1817E-08  0.1200E+02
 -10.792  0.1622E-08  0.1200E+02
 -10.782  0.1447E-08  0.1200E+02
 -10.772  0.1291E-08  0.1200E+02
 -10.762  0.1151E-08  0.1200E+02
 -10.752  0.1026E-08  0.1200E+02
 -10.742  0.9148E-09  0.1200E+02
 -10.732  0.8152E-09  0.1200E+02
 -10.722  0.7263E-09  0.1200E+02
 -10.712  0.6469E-09  0.1200E+02
 -10.702  0.5760E-09  0.1200E+02
 -10.692  0.5129E-09  0.1200E+02
 -10.682  0.4566E-09  0.1200E+02
 -10.672  0.4064E-09  0.1200E+02
 -10.662  0.3618E-09  0.1200E+02
 -10.652  0.3220E-09  0.1200E+02
 -10.642  0.2867E-09  0.1200E+02
 -10.632  0.2553E-09  0.1200E+02
 -10.622  0.2274E-09  0.1200E+02
 -10.612  0.2027E-09  0.1200E+02
 -10.602  0.1808E-09  0.1200E+02
 -10.592  0.1614E-09  0.1200E+02
 -10.582  0.1443E-09  0.1200E+02
 -10.572  0.1292E-09  0.1200E+02
 -10.562  0.1160E-09  0.1200E+02
 -10.552  0.1044E-09  0.1200E+02
 -10.542  0.9431E-10  0.1200E+02
 -10.532  0.8558E-10  0.1200E+02
 -10.522  0.7808E-10  0.1200E+02
 -10.512  0.7170E-10  0.1200E+02
 -10.502  0.6635E-10  0.1200E+02
 -10.492  0.6197E-10  0.1200E+02
 -10.482  0.5847E-10  0.1200E+02
 -10.472  0.5581E-10  0.1200E+02
 -10.462  0.5394E-10  0.1200E+02
 -10.452  0.5284E-10  0.1200E+02
 -10.442  0.5247E-10  0.1200E+02
 -10.432  0.5284E-10  0.1200E+02
 -10.422  0.5393E-10  0.1200E+02
 -10.412  0.5575E-10  0.1200E+02
 -10.402  0.5833E-10  0.1200E+02
 -10.392  0.6167E-10  0.1200E+02
 -10.382  0.6582E-10  0.1200E+02
 -10.372  0.7082E-10  0.1200E+02
 -10.362  0.7672E-10  0.1200E+02
 -10.352  0.8359E-10  0.1200E+02
 -10.342  0.9150E-10  0.1200E+02
 -10.332  0.1005E-09  0.1200E+02
 -10.322  0.1108E-09  0.1200E+02
 -10.312  0.1224E-09  0.1200E+02
 -10.302  0.1355E-09  0.1200E+02
 -10.292  0.1502E-09  0.1200E+02
 -10.282  0.1667E-09  0.1200E+02
 -10.272  0.1852E-09  0.1200E+02
 -10.262  0.2058E-09  0.1200E+02
 -10.252  0.2288E-09  0.1200E+02
 -10.242  0.2544E-09  0.1200E+02
 -10.232  0.2830E-09  0.1200E+02
 -10.222  0.3148E-09  0.1200E+02
 -10.212  0.3501E-09  0.1200E+02
 -10.202  0.3894E-09  0.1200E+02
 -10.192  0.4331E-09  0.1200E+02
 -10.182  0.4816E-09  0.1200E+02
 -10.172  0.5354E-09  0.1200E+02
 -10.162  0.5950E-09  0.1200E+02
 -10.152  0.6612E-09  0.1200E+02
 -10.142  0.7346E-09  0.1200E+02
 -10.132  0.8159E-09  0.1200E+02
 -10.122  0.9060E-09  0.1200E+02
 -10.112  0.1006E-08  0.1200E+02
 -10.102  0.1116E-08  0.1200E+02
 -10.092  0.1239E-08  0.1200E+02
 -10.082  0.1374E-08  0.1200E+02
 -10.072  0.1523E-08  0.1200E+02
 -10.062  0.1689E-08  0.1200E+02
 -10.052  0.1872E-08  0.1200E+02
 -10.042  0.2074E-08  0.1200E+02
 -10.032  0.2297E-08  0.1200E+02
 -10.022  0.2544E-08  0.1200E+02
 -10.012  0.2816E-08  0.1200E+02
 -10.002  0.3117E-08  0.1200E+02
  -9.992  0.3449E-08  0.1200E+02
  -9.982  0.3815E-08  0.1200E+02
  -9.972  0.4218E-08  0.1200E+02
  -9.962  0.4663E-08  0.1200E+02
  -9.952  0.5153E-08  0.1200E+02
  -9.942  0.5694E-08  0.1200E+02
  -9.932  0.6289E-08  0.1200E+02
  -9.922  0.6944E-08  0.1200E+02
  -9.912  0.7666E-08  0.1200E+02
  -9.902  0.8460E-08  0.1200E+02
  -9.892  0.9334E-08  0.1200E+02
  -9.882  0.1029E-07  0.1200E+02
  -9.872  0.1135E-07  0.1200E+02
  -9.862  0.1251E-07  0.1200E+02
  -9.852  0.1379E-07  0.1200E+02
  -9.842  0.1519E-07  0.1200E+02
  -9.832  0.1673E-07  0.1200E+02
  -9.822  0.1842E-07  0.1200E+02
  -9.812  0.2028E-07  0.1200E+02
  -9.802  0.2232E-07  0.1200E+02
  -9.792  0.2455E-07  0.1200E+02
  -9.782  0.2700E-07  0.1200E+02
  -9.772  0.2969E-07  0.1200E+02
  -9.762  0.3263E-07  0.1200E+02
  -9.752  0.3586E-07  0.1200E+02
  -9.742  0.3940E-07  0.1200E+02
  -9.732  0.4327E-07  0.1200E+02
  -9.722  0.4751E-07  0.1200E+02
  -9.712  0.5215E-07  0.1200E+02
  -9.702  0.5722E-07  0.1200E+02
  -9.692  0.6277E-07  0.1200E+02
  -9.682  0.6884E-07  0.1200E+02
  -9.672  0.7548E-07  0.1200E+02
  -9.662  0.8273E-07  0.1200E+02
  -9.652  0.9066E-07  0.1200E+02
  -9.642  0.9931E-07  0.1200E+02
  -9.632  0.1088E-06  0.1200E+02
  -9.622  0.1191E-06  0.1200E+02
  -9.612  0.1303E-06  0.1200E+02
  -9.602  0.1426E-06  0.1200E+02
  -9.592  0.1560E-06  0.1200E+02
  -9.582  0.1706E-06  0.1200E+02
  -9.572  0.1865E-06  0.1200E+02
  -9.562  0.2039E-06  0.1200E+02
  -9.552  0.2228E-06  0.1200E+02
  -9.542  0.2434E-06  0.1200E+02
  -9.532  0.2658E-06  0.1200E+02
  -9.522  0.2902E-06  0.1200E+02
  -9.512  0.3167E-06  0.1200E+02
  -9.502  0.3456E-06  0.1200E+02
  -9.492  0.3770E-06  0.1200E+02
  -9.482  0.4111E-06  0.1200E+02
  -9.472  0.4482E-06  0.1200E+02
  -9.462  0.4886E-06  0.1200E+02
  -9.452  0.5323E-06  0.1200E+02
  -9.442  0.5799E-06  0.1200E+02
  -9.432  0.6315E-06  0.1200E+02
  -9.422  0.6875E-06  0.1200E+02
  -9.412  0.7483E-06  0.1200E+02
  -9.402  0.8143E-06  0.1200E+02
  -9.392  0.8858E-06  0.1200E+02
  -9.382  0.9633E-06  0.1200E+02
  -9.372  0.1047E-05  0.1200E+02
  -9.362  0.1138E-05  0.1200E+02
  -9.352  0.1237E-05  0.1200E+02
  -9.342  0.1344E-05  0.1200E+02
  -9.332  0.1459E-05  0.1200E+02
  -9.322  0.1584E-05  0.1200E+02
  -9.312  0.1719E-05  0.1200E+02
  -9.302  0.1866E-05  0.1200E+02
  -9.292  0.2024E-05  0.1200E+02
  -9.282  0.2195E-05  0.1200E+02
  -9.272  0.2380E-05  0.1200E+02
  -9.262  0.2579E-05  0.1200E+02
  -9.252  0.2795E-05  0.1200E+02
  -9.242  0.3028E-05  0.1200E+02
  -9.232  0.3279E-05  0.1200E+02
  -9.222  0.3550E-05  0.1200E+02
  -9.212  0.3842E-05  0.1200E+02
  -9.202  0.4158E-05  0.1200E+02
  -9.192  0.4498E-05  0.1200E+02
  -9.182  0.4864E-05  0.1200E+02
  -9.172  0.5259E-05  0.1200E+02
  -9.162  0.5685E-05  0.1200E+02
  -9.152  0.6143E-05  0.1200E+02
  -9.142  0.6636E-05  0.1200E+02
  -9.132  0.7167E-05  0.1200E+02
  -9.122  0.7739E-05  0.1200E+02
  -9.112  0.8353E-05  0.1200E+02
  -9.102  0.9014E-05  0.1200E+02
  -9.092  0.9724E-05  0.1200E+02
  -9.082  0.1049E-04  0.1200E+02
  -9.072  0.1131E-04  0.1200E+02
  -9.062  0.1219E-04  0.1200E+02
  -9.052  0.1314E-04  0.1200E+02
  -9.042  0.1415E-04  0.1200E+02
  -9.032  0.1524E-04  0.1200E+02
  -9.022  0.1641E-04  0.1200E+02
  -9.012  0.1767E-04  0.1200E+02
  -9.002  0.1901E-04  0.1200E+02
  -8.992  0.2046E-04  0.1200E+02
  -8.982  0.2200E-04  0.1200E+02
  -8.972  0.2366E-04  0.1200E+02
  -8.962  0.2543E-04  0.1200E+02
  -8.952  0.2733E-04  0.1200E+02
  -8.942  0.2937E-04  0.1200E+02
  -8.932  0.3155E-04  0.1200E+02
  -8.922  0.3388E-04  0.1200E+02
  -8.912  0.3637E-04  0.1200E+02
  -8.902  0.3903E-04  0.1200E+02
  -8.892  0.4188E-04  0.1200E+02
  -8.882  0.4493E-04  0.1200E+02
  -8.872  0.4818E-04  0.1200E+02
  -8.862  0.5165E-04  0.1200E+02
  -8.852  0.5536E-04  0.1200E+02
  -8.842  0.5932E-04  0.1200E+02
  -8.832  0.6355E-04  0.1200E+02
  -8.822  0.6806E-04  0.1200E+02
  -8.812  0.7287E-04  0.1200E+02
  -8.802  0.7800E-04  0.1200E+02
  -8.792  0.8347E-04  0.1200E+02
  -8.782  0.8930E-04  0.1200E+02
  -8.772  0.9551E-04  0.1200E+02
  -8.762  0.1021E-03  0.1200E+02
  -8.752  0.1092E-03  0.1200E+02
  -8.742  0.1167E-03  0.1200E+02
  -8.732  0.1246E-03  0.1200E+02
  -8.722  0.1331E-03  0.1200E+02
  -8.712  0.1422E-03  0.1200E+02
  -8.702  0.1518E-03  0.1200E+02
  -8.692  0.1620E-03  0.1200E+02
  -8.682  0.1728E-03  0.1200E+02
  -8.672  0.1844E-03  0.1200E+02
  -8.662  0.1966E-03  0.1200E+02
  -8.652  0.2096E-03  0.1200E+02
  -8.642  0.2234E-03  0.1200E+02
  -8.632  0.2381E-03  0.1200E+02
  -8.622  0.2537E-03  0.1200E+02
  -8.612  0.2701E-03  0.1200E+02
  -8.602  0.2876E-03  0.1200E+02
  -8.592  0.3062E-03  0.1200E+02
  -8.582  0.3259E-03  0.1200E+02
  -8.572  0.3467E-03  0.1200E+02
  -8.562  0.3688E-03  0.1200E+02
  -8.552  0.3921E-03  0.1200E+02
  -8.542  0.4169E-03  0.1200E+02
  -8.532  0.4431E-03  0.1200E+02
  -8.522  0.4708E-03  0.1200E+02
  -8.512  0.5001E-03  0.1200E+02
  -8.502  0.5311E-03  0.1200E+02
  -8.492  0.5639E-03  0.1200E+02
  -8.482  0.5986E-03  0.1200E+02
  -8.472  0.6352E-03  0.1200E+02
  -8.462  0.6739E-03  0.1200E+02
  -8.452  0.7148E-03  0.1200E+02
  -8.442  0.7580E-03  0.1200E+02
  -8.432  0.8035E-03  0.1200E+02
  -8.422  0.8516E-03  0.1200E+02
  -8.412  0.9024E-03  0.1200E+02
  -8.402  0.9559E-03  0.1200E+02
  -8.392  0.1012E-02  0.1200E+02
  -8.382  0.1072E-02  0.1200E+02
  -8.372  0.1135E-02  0.1200E+02
  -8.362  0.1201E-02  0.1200E+02
  -8.352  0.1270E-02  0.1200E+02
  -8.342  0.1344E-02  0.1200E+02
  -8.332  0.1421E-02  0.1200E+02
  -8.322  0.1502E-02  0.1200E+02
  -8.312  0.1587E-02  0.1200E+02
  -8.302  0.1677E-02  0.1200E+02
  -8.292  0.1772E-02  0.1200E+02
  -8.282  0.1871E-02  0.1200E+02
  -8.272  0.1976E-02  0.1200E+02
  -8.262  0.2086E-02  0.1200E+02
  -8.252  0.2201E-02  0.1200E+02
  -8.242  0.2322E-02  0.1200E+02
  -8.232  0.2450E-02  0.1200E+02
  -8.222  0.2583E-02  0.1200E+02
  -8.212  0.2724E-02  0.1200E+02
  -8.202  0.2871E-02  0.1200E+02
  -8.192  0.3025E-02  0.1200E+02
  -8.182  0.3187E-02  0.1200E+02
  -8.172  0.3357E-02  0.1200E+02
  -8.162  0.3535E-02  0.1200E+02
  -8.152  0.3721E-02  0.1200E+02
  -8.142  0.3917E-02  0.1200E+02
  -8.132  0.4121E-02  0.1200E+02
  -8.122  0.4336E-02  0.1200E+02
  -8.112  0.4560E-02  0.1200E+02
  -8.102  0.4795E-02  0.1200E+02
  -8.092  0.5041E-02  0.1200E+02
  -8.082  0.5298E-02  0.1200E+02
  -8.072  0.5566E-02  0.1200E+02
  -8.062  0.5847E-02  0.1200E+02
  -8.052  0.6141E-02  0.1200E+02
  -8.042  0.6448E-02  0.1200E+02
  -8.032  0.6768E-02  0.1200E+02
  -8.022  0.7103E-02  0.1200E+02
  -8.012  0.7453E-02  0.1200E+02
  -8.002  0.7818E-02  0.1200E+02
  -7.992  0.8199E-02  0.1200E+02
  -7.982  0.8597E-02  0.1200E+02
  -7.972  0.9011E-02  0.1200E+02
  -7.962  0.9444E-02  0.1200E+02
  -7.952  0.9895E-02  0.1200E+02
  -7.942  0.1036E-01  0.1200E+02
  -7.932  0.1085E-01  0.1200E+02
  -7.922  0.1137E-01  0.1200E+02
  -7.912  0.1190E-01  0.1200E+02
  -7.902  0.1245E-01  0.1200E+02
  -7.892  0.1303E-01  0.1200E+02
  -7.882  0.1363E-01  0.1200E+02
  -7.872  0.1425E-01  0.1200E+02
  -7.862  0.1490E-01  0.1200E+02
  -7.852  0.1558E-01  0.1200E+02
  -7.842  0.1628E-01  0.1200E+02
  -7.832  0.1701E-01  0.1200E+02
  -7.822  0.1777E-01  0.1200E+02
  -7.812  0.1855E-01  0.1200E+02
  -7.802  0.1937E-01  0.1200E+02
  -7.792  0.2022E-01  0.1200E+02
  -7.782  0.2111E-01  0.1200E+02
  -7.772  0.2202E-01  0.1200E+02
  -7.762  0.2297E-01  0.1201E+02
  -7.752  0.2396E-01  0.1201E+02
  -7.742  0.2498E-01  0.1201E+02
  -7.732  0.2605E-01  0.1201E+02
  -7.722  0.2715E-01  0.1201E+02
  -7.712  0.2829E-01  0.1201E+02
  -7.702  0.2947E-01  0.1201E+02
  -7.692  0.3069E-01  0.1201E+02
  -7.682  0.3196E-01  0.1201E+02
  -7.672  0.3327E-01  0.1201E+02
  -7.662  0.3463E-01  0.1201E+02
  -7.652  0.3604E-01  0.1201E+02
  -7.642  0.3750E-01  0.1201E+02
  -7.632  0.3900E-01  0.1201E+02
  -7.622  0.4056E-01  0.1201E+02
  -7.612  0.4217E-01  0.1201E+02
  -7.602  0.4384E-01  0.1201E+02
  -7.592  0.4556E-01  0.1201E+02
  -7.582  0.4733E-01  0.1201E+02
  -7.572  0.4917E-01  0.1201E+02
  -7.562  0.5107E-01  0.1201E+02
  -7.552  0.5302E-01  0.1201E+02
  -7.542  0.5505E-01  0.1201E+02
  -7.532  0.5713E-01  0.1201E+02
  -7.522  0.5928E-01  0.1201E+02
  -7.512  0.6150E-01  0.1202E+02
  -7.502  0.6379E-01  0.1202E+02
  -7.492  0.6615E-01  0.1202E+02
  -7.482  0.6858E-01  0.1202E+02
  -7.472  0.7109E-01  0.1202E+02
  -7.462  0.7367E-01  0.1202E+02
  -7.452  0.7633E-01  0.1202E+02
  -7.442  0.7907E-01  0.1202E+02
  -7.432  0.8189E-01  0.1202E+02
  -7.422  0.8479E-01  0.1202E+02
  -7.412  0.8778E-01  0.1202E+02
  -7.402  0.9085E-01  0.1202E+02
  -7.392  0.9401E-01  0.1202E+02
  -7.382  0.9725E-01  0.1203E+02
  -7.372  0.1006E+00  0.1203E+02
  -7.362  0.1040E+00  0.1203E+02
  -7.352  0.1075E+00  0.1203E+02
  -7.342  0.1112E+00  0.1203E+02
  -7.332  0.1149E+00  0.1203E+02
  -7.322  0.1187E+00  0.1203E+02
  -7.312  0.1226E+00  0.1203E+02
  -7.302  0.1266E+00  0.1203E+02
  -7.292  0.1308E+00  0.1204E+02
  -7.282  0.1350E+00  0.1204E+02
  -7.272  0.1393E+00  0.1204E+02
  -7.262  0.1438E+00  0.1204E+02
  -7.252  0.1483E+00  0.1204E+02
  -7.242  0.1530E+00  0.1204E+02
  -7.232  0.1578E+00  0.1204E+02
  -7.222  0.1627E+00  0.1205E+02
  -7.212  0.1677E+00  0.1205E+02
  -7.202  0.1729E+00  0.1205E+02
  -7.192  0.1781E+00  0.1205E+02
  -7.182  0.1835E+00  0.1205E+02
  -7.172  0.1890E+00  0.1206E+02
  -7.162  0.1946E+00  0.1206E+02
  -7.152  0.2003E+00  0.1206E+02
  -7.142  0.2062E+00  0.1206E+02
  -7.132  0.2122E+00  0.1206E+02
  -7.122  0.2184E+00  0.1207E+02
  -7.112  0.2246E+00  0.1207E+02
  -7.102  0.2310E+00  0.1207E+02
  -7.092  0.2375E+00  0.1207E+02
  -7.082  0.2442E+00  0.1207E+02
  -7.072  0.2510E+00  0.1208E+02
  -7.062  0.2579E+00  0.1208E+02
  -7.052  0.2650E+00  0.1208E+02
  -7.042  0.2722E+00  0.1209E+02
  -7.032  0.2795E+00  0.1209E+02
  -7.022  0.2870E+00  0.1209E+02
  -7.012  0.2946E+00  0.1209E+02
  -7.002  0.3023E+00  0.1210E+02
  -6.992  0.3102E+00  0.1210E+02
  -6.982  0.3182E+00  0.1210E+02
  -6.972  0.3264E+00  0.1211E+02
  -6.962  0.3347E+00  0.1211E+02
  -6.952  0.3431E+00  0.1211E+02
  -6.942  0.3517E+00  0.1212E+02
  -6.932  0.3604E+00  0.1212E+02
  -6.922  0.3693E+00  0.1212E+02
  -6.912  0.3783E+00  0.1213E+02
  -6.902  0.3874E+00  0.1213E+02
  -6.892  0.3967E+00  0.1214E+02
  -6.882  0.4061E+00  0.1214E+02
  -6.872  0.4157E+00  0.1214E+02
  -6.862  0.4253E+00  0.1215E+02
  -6.852  0.4352E+00  0.1215E+02
  -6.842  0.4451E+00  0.1216E+02
  -6.832  0.4552E+00  0.1216E+02
  -6.822  0.4654E+00  0.1217E+02
  -6.812  0.4757E+00  0.1217E+02
  -6.802  0.4862E+00  0.1218E+02
  -6.792  0.4968E+00  0.1218E+02
  -6.782  0.5075E+00  0.1219E+02
  -6.772  0.5183E+00  0.1219E+02
  -6.762  0.5293E+00  0.1220E+02
  -6.752  0.5404E+00  0.1220E+02
  -6.742  0.5516E+00  0.1221E+02
  -6.732  0.5629E+00  0.1221E+02
  -6.722  0.5743E+00  0.1222E+02
  -6.712  0.5858E+00  0.1222E+02
  -6.702  0.5975E+00  0.1223E+02
  -6.692  0.6092E+00  0.1224E+02
  -6.682  0.6210E+00  0.1224E+02
  -6.672  0.6330E+00  0.1225E+02
  -6.662  0.6450E+00  0.1226E+02
  -6.652  0.6571E+00  0.1226E+02
  -6.642  0.6693E+00  0.1227E+02
  -6.632  0.6816E+00  0.1228E+02
  -6.622  0.6940E+00  0.1228E+02
  -6.612  0.7064E+00  0.1229E+02
  -6.602  0.7189E+00  0.1230E+02
  -6.592  0.7315E+00  0.1230E+02
  -6.582  0.7441E+00  0.1231E+02
  -6.572  0.7568E+00  0.1232E+02
  -6.562  0.7696E+00  0.1233E+02
  -6.552  0.7824E+00  0.1233E+02
  -6.542  0.7953E+00  0.1234E+02
  -6.532  0.8082E+00  0.1235E+02
  -6.522  0.8211E+00  0.1236E+02
  -6.512  0.8341E+00  0.1237E+02
  -6.502  0.8471E+00  0.1238E+02
  -6.492  0.8601E+00  0.1238E+02
  -6.482  0.8731E+00  0.1239E+02
  -6.472  0.8862E+00  0.1240E+02
  -6.462  0.8993E+00  0.1241E+02
  -6.452  0.9123E+00  0.1242E+02
  -6.442  0.9254E+00  0.1243E+02
  -6.432  0.9385E+00  0.1244E+02
  -6.422  0.9515E+00  0.1245E+02
  -6.412  0.9645E+00  0.1246E+02
  -6.402  0.9775E+00  0.1247E+02
  -6.392  0.9905E+00  0.1248E+02
  -6.382  0.1003E+01  0.1249E+02
  -6.372  0.1016E+01  0.1250E+02
  -6.362  0.1029E+01  0.1251E+02
  -6.352  0.1042E+01  0.1252E+02
  -6.342  0.1055E+01  0.1253E+02
  -6.332  0.1068E+01  0.1254E+02
  -6.322  0.1080E+01  0.1255E+02
  -6.312  0.1093E+01  0.1256E+02
  -6.302  0.1105E+01  0.1257E+02
  -6.292  0.1118E+01  0.1258E+02
  -6.282  0.1130E+01  0.1259E+02
  -6.272  0.1142E+01  0.1261E+02
  -6.262  0.1154E+01  0.1262E+02
  -6.252  0.1166E+01  0.1263E+02
  -6.242  0.1178E+01  0.1264E+02
  -6.232  0.1190E+01  0.1265E+02
  -6.222  0.1202E+01  0.1267E+02
  -6.212  0.1213E+01  0.1268E+02
  -6.202  0.1225E+01  0.1269E+02
  -6.192  0.1236E+01  0.1270E+02
  -6.182  0.1247E+01  0.1271E+02
  -6.172  0.1258E+01  0.1273E+02
  -6.162  0.1269E+01  0.1274E+02
  -6.152  0.1280E+01  0.1275E+02
  -6.142  0.1291E+01  0.1277E+02
  -6.132  0.1301E+01  0.1278E+02
  -6.122  0.1312E+01  0.1279E+02
  -6.112  0.1322E+01  0.1280E+02
  -6.102  0.1332E+01  0.1282E+02
  -6.092  0.1342E+01  0.1283E+02
  -6.082  0.1351E+01  0.1285E+02
  -6.072  0.1361E+01  0.1286E+02
  -6.062  0.1370E+01  0.1287E+02
  -6.052  0.1379E+01  0.1289E+02
  -6.042  0.1388E+01  0.1290E+02
  -6.032  0.1397E+01  0.1291E+02
  -6.022  0.1406E+01  0.1293E+02
  -6.012  0.1414E+01  0.1294E+02
  -6.002  0.1422E+01  0.1296E+02
  -5.992  0.1430E+01  0.1297E+02
  -5.982  0.1438E+01  0.1299E+02
  -5.972  0.1446E+01  0.1300E+02
  -5.962  0.1453E+01  0.1301E+02
  -5.952  0.1460E+01  0.1303E+02
  -5.942  0.1468E+01  0.1304E+02
  -5.932  0.1474E+01  0.1306E+02
  -5.922  0.1481E+01  0.1307E+02
  -5.912  0.1488E+01  0.1309E+02
  -5.902  0.1494E+01  0.1310E+02
  -5.892  0.1500E+01  0.1312E+02
  -5.882  0.1506E+01  0.1313E+02
  -5.872  0.1512E+01  0.1315E+02
  -5.862  0.1517E+01  0.1316E+02
  -5.852  0.1523E+01  0.1318E+02
  -5.842  0.1528E+01  0.1319E+02
  -5.832  0.1533E+01  0.1321E+02
  -5.822  0.1538E+01  0.1322E+02
  -5.812  0.1543E+01  0.1324E+02
  -5.802  0.1547E+01  0.1326E+02
  -5.792  0.1552E+01  0.1327E+02
  -5.782  0.1556E+01  0.1329E+02
  -5.772  0.1560E+01  0.1330E+02
  -5.762  0.1564E+01  0.1332E+02
  -5.752  0.1567E+01  0.1333E+02
  -5.742  0.1571E+01  0.1335E+02
  -5.732  0.1574E+01  0.1336E+02
  -5.722  0.1577E+01  0.1338E+02
  -5.712  0.1580E+01  0.1340E+02
  -5.702  0.1583E+01  0.1341E+02
  -5.692  0.1586E+01  0.1343E+02
  -5.682  0.1589E+01  0.1344E+02
  -5.672  0.1591E+01  0.1346E+02
  -5.662  0.1594E+01  0.1348E+02
  -5.652  0.1596E+01  0.1349E+02
  -5.642  0.1598E+01  0.1351E+02
  -5.632  0.1600E+01  0.1352E+02
  -5.622  0.1602E+01  0.1354E+02
  -5.612  0.1604E+01  0.1356E+02
  -5.602  0.1605E+01  0.1357E+02
  -5.592  0.1607E+01  0.1359E+02
  -5.582  0.1609E+01  0.1360E+02
  -5.572  0.1610E+01  0.1362E+02
  -5.562  0.1611E+01  0.1364E+02
  -5.552  0.1613E+01  0.1365E+02
  -5.542  0.1614E+01  0.1367E+02
  -5.532  0.1615E+01  0.1368E+02
  -5.522  0.1616E+01  0.1370E+02
  -5.512  0.1617E+01  0.1372E+02
  -5.502  0.1618E+01  0.1373E+02
  -5.492  0.1619E+01  0.1375E+02
  -5.482  0.1620E+01  0.1377E+02
  -5.472  0.1620E+01  0.1378E+02
  -5.462  0.1621E+01  0.1380E+02
  -5.452  0.1622E+01  0.1381E+02
  -5.442  0.1623E+01  0.1383E+02
  -5.432  0.1623E+01  0.1385E+02
  -5.422  0.1624E+01  0.1386E+02
  -5.412  0.1624E+01  0.1388E+02
  -5.402  0.1625E+01  0.1390E+02
  -5.392  0.1626E+01  0.1391E+02
  -5.382  0.1626E+01  0.1393E+02
  -5.372  0.1627E+01  0.1394E+02
  -5.362  0.1627E+01  0.1396E+02
  -5.352  0.1628E+01  0.1398E+02
  -5.342  0.1629E+01  0.1399E+02
  -5.332  0.1629E+01  0.1401E+02
  -5.322  0.1630E+01  0.1403E+02
  -5.312  0.1630E+01  0.1404E+02
  -5.302  0.1631E+01  0.1406E+02
  -5.292  0.1632E+01  0.1407E+02
  -5.282  0.1632E+01  0.1409E+02
  -5.272  0.1633E+01  0.1411E+02
  -5.262  0.1634E+01  0.1412E+02
  -5.252  0.1634E+01  0.1414E+02
  -5.242  0.1635E+01  0.1416E+02
  -5.232  0.1636E+01  0.1417E+02
  -5.222  0.1637E+01  0.1419E+02
  -5.212  0.1638E+01  0.1421E+02
  -5.202  0.1638E+01  0.1422E+02
  -5.192  0.1639E+01  0.1424E+02
  -5.182  0.1640E+01  0.1425E+02
  -5.172  0.1641E+01  0.1427E+02
  -5.162  0.1642E+01  0.1429E+02
  -5.152  0.1643E+01  0.1430E+02
  -5.142  0.1645E+01  0.1432E+02
  -5.132  0.1646E+01  0.1434E+02
  -5.122  0.1647E+01  0.1435E+02
  -5.112  0.1648E+01  0.1437E+02
  -5.102  0.1649E+01  0.1439E+02
  -5.092  0.1651E+01  0.1440E+02
  -5.082  0.1652E+01  0.1442E+02
  -5.072  0.1653E+01  0.1444E+02
  -5.062  0.1655E+01  0.1445E+02
  -5.052  0.1656E+01  0.1447E+02
  -5.042  0.1658E+01  0.1449E+02
  -5.032  0.1659E+01  0.1450E+02
  -5.022  0.1661E+01  0.1452E+02
  -5.012  0.1662E+01  0.1453E+02
  -5.002  0.1664E+01  0.1455E+02
  -4.992  0.1666E+01  0.1457E+02
  -4.982  0.1667E+01  0.1458E+02
  -4.972  0.1669E+01  0.1460E+02
  -4.962  0.1671E+01  0.1462E+02
  -4.952  0.1673E+01  0.1464E+02
  -4.942  0.1674E+01  0.1465E+02
  -4.932  0.1676E+01  0.1467E+02
  -4.922  0.1678E+01  0.1469E+02
  -4.912  0.1680E+01  0.1470E+02
  -4.902  0.1682E+01  0.1472E+02
  -4.892  0.1684E+01  0.1474E+02
  -4.882  0.1686E+01  0.1475E+02
  -4.872  0.1688E+01  0.1477E+02
  -4.862  0.1690E+01  0.1479E+02
  -4.852  0.1692E+01  0.1480E+02
  -4.842  0.1694E+01  0.1482E+02
  -4.832  0.1696E+01  0.1484E+02
  -4.822  0.1698E+01  0.1485E+02
  -4.812  0.1700E+01  0.1487E+02
  -4.802  0.1702E+01  0.1489E+02
  -4.792  0.1705E+01  0.1491E+02
  -4.782  0.1707E+01  0.1492E+02
  -4.772  0.1709E+01  0.1494E+02
  -4.762  0.1711E+01  0.1496E+02
  -4.752  0.1713E+01  0.1497E+02
  -4.742  0.1716E+01  0.1499E+02
  -4.732  0.1718E+01  0.1501E+02
  -4.722  0.1720E+01  0.1503E+02
  -4.712  0.1722E+01  0.1504E+02
  -4.702  0.1725E+01  0.1506E+02
  -4.692  0.1727E+01  0.1508E+02
  -4.682  0.1729E+01  0.1509E+02
  -4.672  0.1732E+01  0.1511E+02
  -4.662  0.1734E+01  0.1513E+02
  -4.652  0.1737E+01  0.1515E+02
  -4.642  0.1739E+01  0.1516E+02
  -4.632  0.1741E+01  0.1518E+02
  -4.622  0.1744E+01  0.1520E+02
  -4.612  0.1746E+01  0.1522E+02
  -4.602  0.1749E+01  0.1523E+02
  -4.592  0.1752E+01  0.1525E+02
  -4.582  0.1754E+01  0.1527E+02
  -4.572  0.1757E+01  0.1529E+02
  -4.562  0.1759E+01  0.1530E+02
  -4.552  0.1762E+01  0.1532E+02
  -4.542  0.1765E+01  0.1534E+02
  -4.532  0.1768E+01  0.1536E+02
  -4.522  0.1770E+01  0.1537E+02
  -4.512  0.1773E+01  0.1539E+02
  -4.502  0.1776E+01  0.1541E+02
  -4.492  0.1779E+01  0.1543E+02
  -4.482  0.1782E+01  0.1545E+02
  -4.472  0.1785E+01  0.1546E+02
  -4.462  0.1789E+01  0.1548E+02
  -4.452  0.1792E+01  0.1550E+02
  -4.442  0.1795E+01  0.1552E+02
  -4.432  0.1798E+01  0.1554E+02
  -4.422  0.1802E+01  0.1555E+02
  -4.412  0.1805E+01  0.1557E+02
  -4.402  0.1809E+01  0.1559E+02
  -4.392  0.1813E+01  0.1561E+02
  -4.382  0.1816E+01  0.1563E+02
  -4.372  0.1820E+01  0.1564E+02
  -4.362  0.1824E+01  0.1566E+02
  -4.352  0.1828E+01  0.1568E+02
  -4.342  0.1832E+01  0.1570E+02
  -4.332  0.1837E+01  0.1572E+02
  -4.322  0.1841E+01  0.1574E+02
  -4.312  0.1845E+01  0.1575E+02
  -4.302  0.1850E+01  0.1577E+02
  -4.292  0.1855E+01  0.1579E+02
  -4.282  0.1860E+01  0.1581E+02
  -4.272  0.1865E+01  0.1583E+02
  -4.262  0.1870E+01  0.1585E+02
  -4.252  0.1875E+01  0.1587E+02
  -4.242  0.1880E+01  0.1588E+02
  -4.232  0.1886E+01  0.1590E+02
  -4.222  0.1892E+01  0.1592E+02
  -4.212  0.1898E+01  0.1594E+02
  -4.202  0.1904E+01  0.1596E+02
  -4.192  0.1910E+01  0.1598E+02
  -4.182  0.1916E+01  0.1600E+02
  -4.172  0.1923E+01  0.1602E+02
  -4.162  0.1930E+01  0.1604E+02
  -4.152  0.1937E+01  0.1606E+02
  -4.142  0.1944E+01  0.1608E+02
  -4.132  0.1951E+01  0.1610E+02
  -4.122  0.1959E+01  0.1611E+02
  -4.112  0.1966E+01  0.1613E+02
  -4.102  0.1974E+01  0.1615E+02
  -4.092  0.1982E+01  0.1617E+02
  -4.082  0.1991E+01  0.1619E+02
  -4.072  0.1999E+01  0.1621E+02
  -4.062  0.2008E+01  0.1623E+02
  -4.052  0.2017E+01  0.1625E+02
  -4.042  0.2027E+01  0.1627E+02
  -4.032  0.2036E+01  0.1629E+02
  -4.022  0.2046E+01  0.1632E+02
  -4.012  0.2056E+01  0.1634E+02
  -4.002  0.2066E+01  0.1636E+02
  -3.992  0.2077E+01  0.1638E+02
  -3.982  0.2087E+01  0.1640E+02
  -3.972  0.2098E+01  0.1642E+02
  -3.962  0.2110E+01  0.1644E+02
  -3.952  0.2121E+01  0.1646E+02
  -3.942  0.2133E+01  0.1648E+02
  -3.932  0.2145E+01  0.1650E+02
  -3.922  0.2157E+01  0.1653E+02
  -3.912  0.2170E+01  0.1655E+02
  -3.902  0.2183E+01  0.1657E+02
  -3.892  0.2196E+01  0.1659E+02
  -3.882  0.2209E+01  0.1661E+02
  -3.872  0.2223E+01  0.1664E+02
  -3.862  0.2237E+01  0.1666E+02
  -3.852  0.2251E+01  0.1668E+02
  -3.842  0.2266E+01  0.1670E+02
  -3.832  0.2280E+01  0.1673E+02
  -3.822  0.2296E+01  0.1675E+02
  -3.812  0.2311E+01  0.1677E+02
  -3.802  0.2327E+01  0.1680E+02
  -3.792  0.2343E+01  0.1682E+02
  -3.782  0.2359E+01  0.1684E+02
  -3.772  0.2376E+01  0.1687E+02
  -3.762  0.2392E+01  0.1689E+02
  -3.752  0.2409E+01  0.1691E+02
  -3.742  0.2427E+01  0.1694E+02
  -3.732  0.2445E+01  0.1696E+02
  -3.722  0.2463E+01  0.1699E+02
  -3.712  0.2481E+01  0.1701E+02
  -3.702  0.2499E+01  0.1704E+02
  -3.692  0.2518E+01  0.1706E+02
  -3.682  0.2537E+01  0.1709E+02
  -3.672  0.2557E+01  0.1711E+02
  -3.662  0.2576E+01  0.1714E+02
  -3.652  0.2596E+01  0.1717E+02
  -3.642  0.2616E+01  0.1719E+02
  -3.632  0.2637E+01  0.1722E+02
  -3.622  0.2658E+01  0.1724E+02
  -3.612  0.2679E+01  0.1727E+02
  -3.602  0.2700E+01  0.1730E+02
  -3.592  0.2721E+01  0.1733E+02
  -3.582  0.2743E+01  0.1735E+02
  -3.572  0.2765E+01  0.1738E+02
  -3.562  0.2787E+01  0.1741E+02
  -3.552  0.2809E+01  0.1744E+02
  -3.542  0.2832E+01  0.1746E+02
  -3.532  0.2854E+01  0.1749E+02
  -3.522  0.2877E+01  0.1752E+02
  -3.512  0.2901E+01  0.1755E+02
  -3.502  0.2924E+01  0.1758E+02
  -3.492  0.2947E+01  0.1761E+02
  -3.482  0.2971E+01  0.1764E+02
  -3.472  0.2995E+01  0.1767E+02
  -3.462  0.3019E+01  0.1770E+02
  -3.452  0.3043E+01  0.1773E+02
  -3.442  0.3067E+01  0.1776E+02
  -3.432  0.3092E+01  0.1779E+02
  -3.422  0.3116E+01  0.1782E+02
  -3.412  0.3141E+01  0.1785E+02
  -3.402  0.3165E+01  0.1789E+02
  -3.392  0.3190E+01  0.1792E+02
  -3.382  0.3215E+01  0.1795E+02
  -3.372  0.3240E+01  0.1798E+02
  -3.362  0.3265E+01  0.1801E+02
  -3.352  0.3289E+01  0.1805E+02
  -3.342  0.3314E+01  0.1808E+02
  -3.332  0.3339E+01  0.1811E+02
  -3.322  0.3364E+01  0.1815E+02
  -3.312  0.3389E+01  0.1818E+02
  -3.302  0.3414E+01  0.1822E+02
  -3.292  0.3439E+01  0.1825E+02
  -3.282  0.3463E+01  0.1828E+02
  -3.272  0.3488E+01  0.1832E+02
  -3.262  0.3513E+01  0.1835E+02
  -3.252  0.3537E+01  0.1839E+02
  -3.242  0.3561E+01  0.1843E+02
  -3.232  0.3585E+01  0.1846E+02
  -3.222  0.3609E+01  0.1850E+02
  -3.212  0.3633E+01  0.1853E+02
  -3.202  0.3657E+01  0.1857E+02
  -3.192  0.3680E+01  0.1861E+02
  -3.182  0.3703E+01  0.1864E+02
  -3.172  0.3726E+01  0.1868E+02
  -3.162  0.3749E+01  0.1872E+02
  -3.152  0.3771E+01  0.1876E+02
  -3.142  0.3793E+01  0.1879E+02
  -3.132  0.3815E+01  0.1883E+02
  -3.122  0.3837E+01  0.1887E+02
  -3.112  0.3858E+01  0.1891E+02
  -3.102  0.3879E+01  0.1895E+02
  -3.092  0.3899E+01  0.1899E+02
  -3.082  0.3919E+01  0.1903E+02
  -3.072  0.3939E+01  0.1907E+02
  -3.062  0.3958E+01  0.1911E+02
  -3.052  0.3977E+01  0.1915E+02
  -3.042  0.3995E+01  0.1919E+02
  -3.032  0.4013E+01  0.1923E+02
  -3.022  0.4030E+01  0.1927E+02
  -3.012  0.4047E+01  0.1931E+02
  -3.002  0.4064E+01  0.1935E+02
  -2.992  0.4080E+01  0.1939E+02
  -2.982  0.4095E+01  0.1943E+02
  -2.972  0.4110E+01  0.1947E+02
  -2.962  0.4124E+01  0.1951E+02
  -2.952  0.4137E+01  0.1955E+02
  -2.942  0.4150E+01  0.1959E+02
  -2.932  0.4163E+01  0.1964E+02
  -2.922  0.4174E+01  0.1968E+02
  -2.912  0.4186E+01  0.1972E+02
  -2.902  0.4196E+01  0.1976E+02
  -2.892  0.4206E+01  0.1980E+02
  -2.882  0.4215E+01  0.1985E+02
  -2.872  0.4223E+01  0.1989E+02
  -2.862  0.4231E+01  0.1993E+02
  -2.852  0.4238E+01  0.1997E+02
  -2.842  0.4244E+01  0.2001E+02
  -2.832  0.4250E+01  0.2006E+02
  -2.822  0.4255E+01  0.2010E+02
  -2.812  0.4259E+01  0.2014E+02
  -2.802  0.4262E+01  0.2019E+02
  -2.792  0.4265E+01  0.2023E+02
  -2.782  0.4267E+01  0.2027E+02
  -2.772  0.4268E+01  0.2031E+02
  -2.762  0.4268E+01  0.2036E+02
  -2.752  0.4267E+01  0.2040E+02
  -2.742  0.4266E+01  0.2044E+02
  -2.732  0.4264E+01  0.2048E+02
  -2.722  0.4261E+01  0.2053E+02
  -2.712  0.4257E+01  0.2057E+02
  -2.702  0.4253E+01  0.2061E+02
  -2.692  0.4247E+01  0.2065E+02
  -2.682  0.4241E+01  0.2070E+02
  -2.672  0.4234E+01  0.2074E+02
  -2.662  0.4227E+01  0.2078E+02
  -2.652  0.4218E+01  0.2082E+02
  -2.642  0.4209E+01  0.2087E+02
  -2.632  0.4199E+01  0.2091E+02
  -2.622  0.4188E+01  0.2095E+02
  -2.612  0.4176E+01  0.2099E+02
  -2.602  0.4163E+01  0.2103E+02
  -2.592  0.4150E+01  0.2107E+02
  -2.582  0.4136E+01  0.2112E+02
  -2.572  0.4121E+01  0.2116E+02
  -2.562  0.4106E+01  0.2120E+02
  -2.552  0.4089E+01  0.2124E+02
  -2.542  0.4072E+01  0.2128E+02
  -2.532  0.4054E+01  0.2132E+02
  -2.522  0.4035E+01  0.2136E+02
  -2.512  0.4016E+01  0.2140E+02
  -2.502  0.3996E+01  0.2144E+02
  -2.492  0.3975E+01  0.2148E+02
  -2.482  0.3954E+01  0.2152E+02
  -2.472  0.3932E+01  0.2156E+02
  -2.462  0.3909E+01  0.2160E+02
  -2.452  0.3885E+01  0.2164E+02
  -2.442  0.3861E+01  0.2168E+02
  -2.432  0.3836E+01  0.2171E+02
  -2.422  0.3811E+01  0.2175E+02
  -2.412  0.3785E+01  0.2179E+02
  -2.402  0.3758E+01  0.2183E+02
  -2.392  0.3731E+01  0.2186E+02
  -2.382  0.3703E+01  0.2190E+02
  -2.372  0.3675E+01  0.2194E+02
  -2.362  0.3646E+01  0.2197E+02
  -2.352  0.3617E+01  0.2201E+02
  -2.342  0.3587E+01  0.2205E+02
  -2.332  0.3557E+01  0.2208E+02
  -2.322  0.3526E+01  0.2212E+02
  -2.312  0.3495E+01  0.2215E+02
  -2.302  0.3463E+01  0.2219E+02
  -2.292  0.3431E+01  0.2222E+02
  -2.282  0.3399E+01  0.2226E+02
  -2.272  0.3366E+01  0.2229E+02
  -2.262  0.3333E+01  0.2232E+02
  -2.252  0.3299E+01  0.2236E+02
  -2.242  0.3266E+01  0.2239E+02
  -2.232  0.3232E+01  0.2242E+02
  -2.222  0.3197E+01  0.2245E+02
  -2.212  0.3163E+01  0.2248E+02
  -2.202  0.3128E+01  0.2252E+02
  -2.192  0.3093E+01  0.2255E+02
  -2.182  0.3058E+01  0.2258E+02
  -2.172  0.3023E+01  0.2261E+02
  -2.162  0.2987E+01  0.2264E+02
  -2.152  0.2952E+01  0.2267E+02
  -2.142  0.2916E+01  0.2270E+02
  -2.132  0.2881E+01  0.2272E+02
  -2.122  0.2845E+01  0.2275E+02
  -2.112  0.2809E+01  0.2278E+02
  -2.102  0.2774E+01  0.2281E+02
  -2.092  0.2738E+01  0.2284E+02
  -2.082  0.2702E+01  0.2286E+02
  -2.072  0.2667E+01  0.2289E+02
  -2.062  0.2631E+01  0.2292E+02
  -2.052  0.2596E+01  0.2294E+02
  -2.042  0.2560E+01  0.2297E+02
  -2.032  0.2525E+01  0.2299E+02
  -2.022  0.2490E+01  0.2302E+02
  -2.012  0.2455E+01  0.2304E+02
  -2.002  0.2421E+01  0.2307E+02
  -1.992  0.2387E+01  0.2309E+02
  -1.982  0.2352E+01  0.2311E+02
  -1.972  0.2319E+01  0.2314E+02
  -1.962  0.2285E+01  0.2316E+02
  -1.952  0.2252E+01  0.2318E+02
  -1.942  0.2219E+01  0.2320E+02
  -1.932  0.2186E+01  0.2323E+02
  -1.922  0.2154E+01  0.2325E+02
  -1.912  0.2122E+01  0.2327E+02
  -1.902  0.2091E+01  0.2329E+02
  -1.892  0.2060E+01  0.2331E+02
  -1.882  0.2029E+01  0.2333E+02
  -1.872  0.1999E+01  0.2335E+02
  -1.862  0.1970E+01  0.2337E+02
  -1.852  0.1941E+01  0.2339E+02
  -1.842  0.1912E+01  0.2341E+02
  -1.832  0.1884E+01  0.2343E+02
  -1.822  0.1857E+01  0.2345E+02
  -1.812  0.1830E+01  0.2347E+02
  -1.802  0.1803E+01  0.2348E+02
  -1.792  0.1778E+01  0.2350E+02
  -1.782  0.1752E+01  0.2352E+02
  -1.772  0.1728E+01  0.2354E+02
  -1.762  0.1704E+01  0.2355E+02
  -1.752  0.1681E+01  0.2357E+02
  -1.742  0.1658E+01  0.2359E+02
  -1.732  0.1636E+01  0.2360E+02
  -1.722  0.1615E+01  0.2362E+02
  -1.712  0.1594E+01  0.2363E+02
  -1.702  0.1574E+01  0.2365E+02
  -1.692  0.1555E+01  0.2367E+02
  -1.682  0.1537E+01  0.2368E+02
  -1.672  0.1519E+01  0.2370E+02
  -1.662  0.1502E+01  0.2371E+02
  -1.652  0.1486E+01  0.2373E+02
  -1.642  0.1471E+01  0.2374E+02
  -1.632  0.1456E+01  0.2376E+02
  -1.622  0.1443E+01  0.2377E+02
  -1.612  0.1430E+01  0.2378E+02
  -1.602  0.1418E+01  0.2380E+02
  -1.592  0.1406E+01  0.2381E+02
  -1.582  0.1396E+01  0.2383E+02
  -1.572  0.1386E+01  0.2384E+02
  -1.562  0.1377E+01  0.2385E+02
  -1.552  0.1370E+01  0.2387E+02
  -1.542  0.1362E+01  0.2388E+02
  -1.532  0.1356E+01  0.2390E+02
  -1.522  0.1351E+01  0.2391E+02
  -1.512  0.1346E+01  0.2392E+02
  -1.502  0.1343E+01  0.2394E+02
  -1.492  0.1340E+01  0.2395E+02
  -1.482  0.1338E+01  0.2396E+02
  -1.472  0.1337E+01  0.2398E+02
  -1.462  0.1337E+01  0.2399E+02
  -1.452  0.1338E+01  0.2400E+02
  -1.442  0.1339E+01  0.2402E+02
  -1.432  0.1342E+01  0.2403E+02
  -1.422  0.1345E+01  0.2404E+02
  -1.412  0.1350E+01  0.2406E+02
  -1.402  0.1355E+01  0.2407E+02
  -1.392  0.1361E+01  0.2408E+02
  -1.382  0.1368E+01  0.2410E+02
  -1.372  0.1376E+01  0.2411E+02
  -1.362  0.1385E+01  0.2412E+02
  -1.352  0.1394E+01  0.2414E+02
  -1.342  0.1405E+01  0.2415E+02
  -1.332  0.1416E+01  0.2417E+02
  -1.322  0.1429E+01  0.2418E+02
  -1.312  0.1442E+01  0.2420E+02
  -1.302  0.1456E+01  0.2421E+02
  -1.292  0.1471E+01  0.2422E+02
  -1.282  0.1487E+01  0.2424E+02
  -1.272  0.1503E+01  0.2425E+02
  -1.262  0.1521E+01  0.2427E+02
  -1.252  0.1539E+01  0.2429E+02
  -1.242  0.1558E+01  0.2430E+02
  -1.232  0.1578E+01  0.2432E+02
  -1.222  0.1599E+01  0.2433E+02
  -1.212  0.1621E+01  0.2435E+02
  -1.202  0.1643E+01  0.2437E+02
  -1.192  0.1667E+01  0.2438E+02
  -1.182  0.1691E+01  0.2440E+02
  -1.172  0.1716E+01  0.2442E+02
  -1.162  0.1741E+01  0.2443E+02
  -1.152  0.1768E+01  0.2445E+02
  -1.142  0.1795E+01  0.2447E+02
  -1.132  0.1823E+01  0.2449E+02
  -1.122  0.1851E+01  0.2451E+02
  -1.112  0.1880E+01  0.2452E+02
  -1.102  0.1911E+01  0.2454E+02
  -1.092  0.1941E+01  0.2456E+02
  -1.082  0.1973E+01  0.2458E+02
  -1.072  0.2005E+01  0.2460E+02
  -1.062  0.2037E+01  0.2462E+02
  -1.052  0.2071E+01  0.2464E+02
  -1.042  0.2105E+01  0.2467E+02
  -1.032  0.2140E+01  0.2469E+02
  -1.022  0.2175E+01  0.2471E+02
  -1.012  0.2211E+01  0.2473E+02
  -1.002  0.2247E+01  0.2475E+02
  -0.992  0.2284E+01  0.2478E+02
  -0.982  0.2322E+01  0.2480E+02
  -0.972  0.2360E+01  0.2482E+02
  -0.962  0.2398E+01  0.2485E+02
  -0.952  0.2437E+01  0.2487E+02
  -0.942  0.2477E+01  0.2490E+02
  -0.932  0.2517E+01  0.2492E+02
  -0.922  0.2557E+01  0.2495E+02
  -0.912  0.2598E+01  0.2497E+02
  -0.902  0.2640E+01  0.2500E+02
  -0.892  0.2681E+01  0.2503E+02
  -0.882  0.2723E+01  0.2505E+02
  -0.872  0.2766E+01  0.2508E+02
  -0.862  0.2809E+01  0.2511E+02
  -0.852  0.2852E+01  0.2514E+02
  -0.842  0.2895E+01  0.2517E+02
  -0.832  0.2939E+01  0.2520E+02
  -0.822  0.2983E+01  0.2523E+02
  -0.812  0.3027E+01  0.2526E+02
  -0.802  0.3072E+01  0.2529E+02
  -0.792  0.3117E+01  0.2532E+02
  -0.782  0.3162E+01  0.2535E+02
  -0.772  0.3207E+01  0.2538E+02
  -0.762  0.3252E+01  0.2541E+02
  -0.752  0.3298E+01  0.2545E+02
  -0.742  0.3343E+01  0.2548E+02
  -0.732  0.3389E+01  0.2551E+02
  -0.722  0.3435E+01  0.2555E+02
  -0.712  0.3481E+01  0.2558E+02
  -0.702  0.3527E+01  0.2562E+02
  -0.692  0.3573E+01  0.2565E+02
  -0.682  0.3619E+01  0.2569E+02
  -0.672  0.3665E+01  0.2573E+02
  -0.662  0.3711E+01  0.2576E+02
  -0.652  0.3757E+01  0.2580E+02
  -0.642  0.3804E+01  0.2584E+02
  -0.632  0.3850E+01  0.2588E+02
  -0.622  0.3895E+01  0.2592E+02
  -0.612  0.3941E+01  0.2596E+02
  -0.602  0.3987E+01  0.2600E+02
  -0.592  0.4033E+01  0.2604E+02
  -0.582  0.4078E+01  0.2608E+02
  -0.572  0.4124E+01  0.2612E+02
  -0.562  0.4169E+01  0.2616E+02
  -0.552  0.4214E+01  0.2620E+02
  -0.542  0.4259E+01  0.2625E+02
  -0.532  0.4303E+01  0.2629E+02
  -0.522  0.4348E+01  0.2633E+02
  -0.512  0.4392E+01  0.2638E+02
  -0.502  0.4436E+01  0.2642E+02
  -0.492  0.4480E+01  0.2646E+02
  -0.482  0.4523E+01  0.2651E+02
  -0.472  0.4566E+01  0.2656E+02
  -0.462  0.4609E+01  0.2660E+02
  -0.452  0.4652E+01  0.2665E+02
  -0.442  0.4694E+01  0.2670E+02
  -0.432  0.4736E+01  0.2674E+02
  -0.422  0.4778E+01  0.2679E+02
  -0.412  0.4819E+01  0.2684E+02
  -0.402  0.4860E+01  0.2689E+02
  -0.392  0.4901E+01  0.2694E+02
  -0.382  0.4941E+01  0.2699E+02
  -0.372  0.4981E+01  0.2704E+02
  -0.362  0.5021E+01  0.2709E+02
  -0.352  0.5060E+01  0.2714E+02
  -0.342  0.5098E+01  0.2719E+02
  -0.332  0.5137E+01  0.2724E+02
  -0.322  0.5175E+01  0.2729E+02
  -0.312  0.5212E+01  0.2734E+02
  -0.302  0.5249E+01  0.2739E+02
  -0.292  0.5286E+01  0.2745E+02
  -0.282  0.5322E+01  0.2750E+02
  -0.272  0.5358E+01  0.2755E+02
  -0.262  0.5393E+01  0.2761E+02
  -0.252  0.5428E+01  0.2766E+02
  -0.242  0.5463E+01  0.2772E+02
  -0.232  0.5497E+01  0.2777E+02
  -0.222  0.5531E+01  0.2783E+02
  -0.212  0.5564E+01  0.2788E+02
  -0.202  0.5597E+01  0.2794E+02
  -0.192  0.5629E+01  0.2800E+02
  -0.182  0.5661E+01  0.2805E+02
  -0.172  0.5693E+01  0.2811E+02
  -0.162  0.5724E+01  0.2817E+02
  -0.152  0.5754E+01  0.2822E+02
  -0.142  0.5784E+01  0.2828E+02
  -0.132  0.5814E+01  0.2834E+02
  -0.122  0.5843E+01  0.2840E+02
  -0.112  0.5872E+01  0.2846E+02
  -0.102  0.5901E+01  0.2852E+02
  -0.092  0.5929E+01  0.2858E+02
  -0.082  0.5956E+01  0.2863E+02
  -0.072  0.5984E+01  0.2869E+02
  -0.062  0.6010E+01  0.2875E+02
  -0.052  0.6037E+01  0.2882E+02
  -0.042  0.6063E+01  0.2888E+02
  -0.032  0.6088E+01  0.2894E+02
  -0.022  0.6113E+01  0.2900E+02
  -0.012  0.6138E+01  0.2906E+02
  -0.002  0.6162E+01  0.2912E+02
   0.008  0.6186E+01  0.2918E+02
   0.018  0.6210E+01  0.2924E+02
   0.028  0.6233E+01  0.2931E+02
   0.038  0.6256E+01  0.2937E+02
   0.048  0.6278E+01  0.2943E+02
   0.058  0.6301E+01  0.2950E+02
   0.068  0.6322E+01  0.2956E+02
   0.078  0.6344E+01  0.2962E+02
   0.088  0.6365E+01  0.2969E+02
   0.098  0.6386E+01  0.2975E+02
   0.108  0.6406E+01  0.2981E+02
   0.118  0.6426E+01  0.2988E+02
   0.128  0.6446E+01  0.2994E+02
   0.138  0.6466E+01  0.3001E+02
   0.148  0.6485E+01  0.3007E+02
   0.158  0.6504E+01  0.3014E+02
   0.168  0.6522E+01  0.3020E+02
   0.178  0.6541E+01  0.3027E+02
   0.188  0.6559E+01  0.3033E+02
   0.198  0.6577E+01  0.3040E+02
   0.208  0.6594E+01  0.3046E+02
   0.218  0.6612E+01  0.3053E+02
   0.228  0.6629E+01  0.3060E+02
   0.238  0.6645E+01  0.3066E+02
   0.248  0.6662E+01  0.3073E+02
   0.258  0.6678E+01  0.3080E+02
   0.268  0.6695E+01  0.3086E+02
   0.278  0.6711E+01  0.3093E+02
   0.288  0.6726E+01  0.3100E+02
   0.298  0.6742E+01  0.3107E+02
   0.308  0.6757E+01  0.3113E+02
   0.318  0.6772E+01  0.3120E+02
   0.328  0.6787E+01  0.3127E+02
   0.338  0.6802E+01  0.3134E+02
   0.348  0.6817E+01  0.3141E+02
   0.358  0.6831E+01  0.3147E+02
   0.368  0.6845E+01  0.3154E+02
   0.378  0.6860E+01  0.3161E+02
   0.388  0.6874E+01  0.3168E+02
   0.398  0.6887E+01  0.3175E+02
   0.408  0.6901E+01  0.3182E+02
   0.418  0.6915E+01  0.3189E+02
   0.428  0.6928E+01  0.3196E+02
   0.438  0.6941E+01  0.3202E+02
   0.448  0.6954E+01  0.3209E+02
   0.458  0.6967E+01  0.3216E+02
   0.468  0.6980E+01  0.3223E+02
   0.478  0.6993E+01  0.3230E+02
   0.488  0.7006E+01  0.3237E+02
   0.498  0.7018E+01  0.3244E+02
   0.508  0.7031E+01  0.3251E+02
   0.518  0.7043E+01  0.3258E+02
   0.528  0.7055E+01  0.3266E+02
   0.538  0.7067E+01  0.3273E+02
   0.548  0.7079E+01  0.3280E+02
   0.558  0.7091E+01  0.3287E+02
   0.568  0.7103E+01  0.3294E+02
   0.578  0.7115E+01  0.3301E+02
   0.588  0.7126E+01  0.3308E+02
   0.598  0.7138E+01  0.3315E+02
   0.608  0.7149E+01  0.3322E+02
   0.618  0.7161E+01  0.3330E+02
   0.628  0.7172E+01  0.3337E+02
   0.638  0.7183E+01  0.3344E+02
   0.648  0.7194E+01  0.3351E+02
   0.658  0.7205E+01  0.3358E+02
   0.668  0.7216E+01  0.3366E+02
   0.678  0.7226E+01  0.3373E+02
   0.688  0.7237E+01  0.3380E+02
   0.698  0.7247E+01  0.3387E+02
   0.708  0.7258E+01  0.3395E+02
   0.718  0.7268E+01  0.3402E+02
   0.728  0.7278E+01  0.3409E+02
   0.738  0.7288E+01  0.3416E+02
   0.748  0.7298E+01  0.3424E+02
   0.758  0.7308E+01  0.3431E+02
   0.768  0.7318E+01  0.3438E+02
   0.778  0.7327E+01  0.3446E+02
   0.788  0.7337E+01  0.3453E+02
   0.798  0.7346E+01  0.3460E+02
   0.808  0.7355E+01  0.3468E+02
   0.818  0.7364E+01  0.3475E+02
   0.828  0.7373E+01  0.3482E+02
   0.838  0.7382E+01  0.3490E+02
   0.848  0.7391E+01  0.3497E+02
   0.858  0.7399E+01  0.3505E+02
   0.868  0.7408E+01  0.3512E+02
   0.878  0.7416E+01  0.3519E+02
   0.888  0.7424E+01  0.3527E+02
   0.898  0.7432E+01  0.3534E+02
   0.908  0.7440E+01  0.3542E+02
   0.918  0.7447E+01  0.3549E+02
   0.928  0.7455E+01  0.3557E+02
   0.938  0.7462E+01  0.3564E+02
   0.948  0.7469E+01  0.3571E+02
   0.958  0.7476E+01  0.3579E+02
   0.968  0.7482E+01  0.3586E+02
   0.978  0.7489E+01  0.3594E+02
   0.988  0.7495E+01  0.3601E+02
   0.998  0.7501E+01  0.3609E+02
   1.008  0.7507E+01  0.3616E+02
   1.018  0.7512E+01  0.3624E+02
   1.028  0.7518E+01  0.3631E+02
   1.038  0.7523E+01  0.3639E+02
   1.048  0.7528E+01  0.3647E+02
   1.058  0.7533E+01  0.3654E+02
   1.068  0.7537E+01  0.3662E+02
   1.078  0.7541E+01  0.3669E+02
   1.088  0.7545E+01  0.3677E+02
   1.098  0.7549E+01  0.3684E+02
   1.108  0.7552E+01  0.3692E+02
   1.118  0.7556E+01  0.3699E+02
   1.128  0.7558E+01  0.3707E+02
   1.138  0.7561E+01  0.3714E+02
   1.148  0.7563E+01  0.3722E+02
   1.158  0.7565E+01  0.3730E+02
   1.168  0.7567E+01  0.3737E+02
   1.178  0.7569E+01  0.3745E+02
   1.188  0.7570E+01  0.3752E+02
   1.198  0.7571E+01  0.3760E+02
   1.208  0.7571E+01  0.3767E+02
   1.218  0.7571E+01  0.3775E+02
   1.228  0.7571E+01  0.3783E+02
   1.238  0.7571E+01  0.3790E+02
   1.248  0.7570E+01  0.3798E+02
   1.258  0.7569E+01  0.3805E+02
   1.268  0.7568E+01  0.3813E+02
   1.278  0.7566E+01  0.3820E+02
   1.288  0.7564E+01  0.3828E+02
   1.298  0.7561E+01  0.3836E+02
   1.308  0.7558E+01  0.3843E+02
   1.318  0.7555E+01  0.3851E+02
   1.328  0.7552E+01  0.3858E+02
   1.338  0.7548E+01  0.3866E+02
   1.348  0.7543E+01  0.3873E+02
   1.358  0.7539E+01  0.3881E+02
   1.368  0.7534E+01  0.3888E+02
   1.378  0.7528E+01  0.3896E+02
   1.388  0.7522E+01  0.3903E+02
   1.398  0.7516E+01  0.3911E+02
   1.408  0.7509E+01  0.3918E+02
   1.418  0.7502E+01  0.3926E+02
   1.428  0.7495E+01  0.3933E+02
   1.438  0.7487E+01  0.3941E+02
   1.448  0.7479E+01  0.3948E+02
   1.458  0.7470E+01  0.3956E+02
   1.468  0.7461E+01  0.3963E+02
   1.478  0.7451E+01  0.3971E+02
   1.488  0.7442E+01  0.3978E+02
   1.498  0.7431E+01  0.3986E+02
   1.508  0.7420E+01  0.3993E+02
   1.518  0.7409E+01  0.4000E+02
   1.528  0.7397E+01  0.4008E+02
   1.538  0.7385E+01  0.4015E+02
   1.548  0.7373E+01  0.4023E+02
   1.558  0.7360E+01  0.4030E+02
   1.568  0.7346E+01  0.4037E+02
   1.578  0.7332E+01  0.4045E+02
   1.588  0.7318E+01  0.4052E+02
   1.598  0.7303E+01  0.4059E+02
   1.608  0.7288E+01  0.4067E+02
   1.618  0.7272E+01  0.4074E+02
   1.628  0.7256E+01  0.4081E+02
   1.638  0.7240E+01  0.4088E+02
   1.648  0.7222E+01  0.4096E+02
   1.658  0.7205E+01  0.4103E+02
   1.668  0.7187E+01  0.4110E+02
   1.678  0.7168E+01  0.4117E+02
   1.688  0.7149E+01  0.4124E+02
   1.698  0.7130E+01  0.4131E+02
   1.708  0.7110E+01  0.4139E+02
   1.718  0.7090E+01  0.4146E+02
   1.728  0.7069E+01  0.4153E+02
   1.738  0.7047E+01  0.4160E+02
   1.748  0.7025E+01  0.4167E+02
   1.758  0.7003E+01  0.4174E+02
   1.768  0.6980E+01  0.4181E+02
   1.778  0.6957E+01  0.4188E+02
   1.788  0.6933E+01  0.4195E+02
   1.798  0.6909E+01  0.4202E+02
   1.808  0.6884E+01  0.4208E+02
   1.818  0.6859E+01  0.4215E+02
   1.828  0.6833E+01  0.4222E+02
   1.838  0.6807E+01  0.4229E+02
   1.848  0.6780E+01  0.4236E+02
   1.858  0.6753E+01  0.4242E+02
   1.868  0.6725E+01  0.4249E+02
   1.878  0.6697E+01  0.4256E+02
   1.888  0.6669E+01  0.4263E+02
   1.898  0.6639E+01  0.4269E+02
   1.908  0.6610E+01  0.4276E+02
   1.918  0.6580E+01  0.4282E+02
   1.928  0.6549E+01  0.4289E+02
   1.938  0.6518E+01  0.4295E+02
   1.948  0.6486E+01  0.4302E+02
   1.958  0.6454E+01  0.4308E+02
   1.968  0.6422E+01  0.4315E+02
   1.978  0.6389E+01  0.4321E+02
   1.988  0.6355E+01  0.4328E+02
   1.998  0.6321E+01  0.4334E+02
   2.008  0.6287E+01  0.4340E+02
   2.018  0.6252E+01  0.4346E+02
   2.028  0.6217E+01  0.4353E+02
   2.038  0.6181E+01  0.4359E+02
   2.048  0.6144E+01  0.4365E+02
   2.058  0.6108E+01  0.4371E+02
   2.068  0.6070E+01  0.4377E+02
   2.078  0.6033E+01  0.4383E+02
   2.088  0.5995E+01  0.4389E+02
   2.098  0.5956E+01  0.4395E+02
   2.108  0.5917E+01  0.4401E+02
   2.118  0.5878E+01  0.4407E+02
   2.128  0.5838E+01  0.4413E+02
   2.138  0.5798E+01  0.4419E+02
   2.148  0.5757E+01  0.4424E+02
   2.158  0.5716E+01  0.4430E+02
   2.168  0.5674E+01  0.4436E+02
   2.178  0.5632E+01  0.4441E+02
   2.188  0.5590E+01  0.4447E+02
   2.198  0.5547E+01  0.4452E+02
   2.208  0.5504E+01  0.4458E+02
   2.218  0.5461E+01  0.4463E+02
   2.228  0.5417E+01  0.4469E+02
   2.238  0.5372E+01  0.4474E+02
   2.248  0.5328E+01  0.4480E+02
   2.258  0.5283E+01  0.4485E+02
   2.268  0.5238E+01  0.4490E+02
   2.278  0.5192E+01  0.4495E+02
   2.288  0.5146E+01  0.4500E+02
   2.298  0.5100E+01  0.4506E+02
   2.308  0.5053E+01  0.4511E+02
   2.318  0.5006E+01  0.4516E+02
   2.328  0.4959E+01  0.4521E+02
   2.338  0.4912E+01  0.4525E+02
   2.348  0.4864E+01  0.4530E+02
   2.358  0.4816E+01  0.4535E+02
   2.368  0.4768E+01  0.4540E+02
   2.378  0.4719E+01  0.4545E+02
   2.388  0.4671E+01  0.4549E+02
   2.398  0.4622E+01  0.4554E+02
   2.408  0.4573E+01  0.4558E+02
   2.418  0.4523E+01  0.4563E+02
   2.428  0.4474E+01  0.4567E+02
   2.438  0.4424E+01  0.4572E+02
   2.448  0.4374E+01  0.4576E+02
   2.458  0.4324E+01  0.4581E+02
   2.468  0.4274E+01  0.4585E+02
   2.478  0.4224E+01  0.4589E+02
   2.488  0.4174E+01  0.4593E+02
   2.498  0.4123E+01  0.4597E+02
   2.508  0.4073E+01  0.4601E+02
   2.518  0.4022E+01  0.4605E+02
   2.528  0.3971E+01  0.4609E+02
   2.538  0.3921E+01  0.4613E+02
   2.548  0.3870E+01  0.4617E+02
   2.558  0.3819E+01  0.4621E+02
   2.568  0.3768E+01  0.4625E+02
   2.578  0.3718E+01  0.4629E+02
   2.588  0.3667E+01  0.4632E+02
   2.598  0.3616E+01  0.4636E+02
   2.608  0.3565E+01  0.4639E+02
   2.618  0.3515E+01  0.4643E+02
   2.628  0.3464E+01  0.4646E+02
   2.638  0.3414E+01  0.4650E+02
   2.648  0.3364E+01  0.4653E+02
   2.658  0.3313E+01  0.4656E+02
   2.668  0.3263E+01  0.4660E+02
   2.678  0.3213E+01  0.4663E+02
   2.688  0.3163E+01  0.4666E+02
   2.698  0.3114E+01  0.4669E+02
   2.708  0.3064E+01  0.4672E+02
   2.718  0.3015E+01  0.4675E+02
   2.728  0.2966E+01  0.4678E+02
   2.738  0.2917E+01  0.4681E+02
   2.748  0.2868E+01  0.4684E+02
   2.758  0.2820E+01  0.4687E+02
   2.768  0.2772E+01  0.4690E+02
   2.778  0.2724E+01  0.4692E+02
   2.788  0.2676E+01  0.4695E+02
   2.798  0.2629E+01  0.4698E+02
   2.808  0.2582E+01  0.4700E+02
   2.818  0.2535E+01  0.4703E+02
   2.828  0.2489E+01  0.4705E+02
   2.838  0.2443E+01  0.4708E+02
   2.848  0.2397E+01  0.4710E+02
   2.858  0.2352E+01  0.4712E+02
   2.868  0.2307E+01  0.4715E+02
   2.878  0.2262E+01  0.4717E+02
   2.888  0.2218E+01  0.4719E+02
   2.898  0.2174E+01  0.4721E+02
   2.908  0.2131E+01  0.4724E+02
   2.918  0.2088E+01  0.4726E+02
   2.928  0.2045E+01  0.4728E+02
   2.938  0.2003E+01  0.4730E+02
   2.948  0.1961E+01  0.4732E+02
   2.958  0.1920E+01  0.4734E+02
   2.968  0.1879E+01  0.4735E+02
   2.978  0.1839E+01  0.4737E+02
   2.988  0.1799E+01  0.4739E+02
   2.998  0.1759E+01  0.4741E+02
   3.008  0.1720E+01  0.4743E+02
   3.018  0.1682E+01  0.4744E+02
   3.028  0.1644E+01  0.4746E+02
   3.038  0.1606E+01  0.4748E+02
   3.048  0.1569E+01  0.4749E+02
   3.058  0.1532E+01  0.4751E+02
   3.068  0.1496E+01  0.4752E+02
   3.078  0.1461E+01  0.4754E+02
   3.088  0.1426E+01  0.4755E+02
   3.098  0.1391E+01  0.4756E+02
   3.108  0.1357E+01  0.4758E+02
   3.118  0.1324E+01  0.4759E+02
   3.128  0.1291E+01  0.4760E+02
   3.138  0.1259E+01  0.4762E+02
   3.148  0.1227E+01  0.4763E+02
   3.158  0.1195E+01  0.4764E+02
   3.168  0.1164E+01  0.4765E+02
   3.178  0.1134E+01  0.4766E+02
   3.188  0.1104E+01  0.4767E+02
   3.198  0.1075E+01  0.4769E+02
   3.208  0.1046E+01  0.4770E+02
   3.218  0.1018E+01  0.4771E+02
   3.228  0.9901E+00  0.4772E+02
   3.238  0.9629E+00  0.4773E+02
   3.248  0.9362E+00  0.4773E+02
   3.258  0.9101E+00  0.4774E+02
   3.268  0.8844E+00  0.4775E+02
   3.278  0.8592E+00  0.4776E+02
   3.288  0.8346E+00  0.4777E+02
   3.298  0.8105E+00  0.4778E+02
   3.308  0.7868E+00  0.4779E+02
   3.318  0.7637E+00  0.4779E+02
   3.328  0.7410E+00  0.4780E+02
   3.338  0.7189E+00  0.4781E+02
   3.348  0.6972E+00  0.4781E+02
   3.358  0.6760E+00  0.4782E+02
   3.368  0.6553E+00  0.4783E+02
   3.378  0.6351E+00  0.4783E+02
   3.388  0.6153E+00  0.4784E+02
   3.398  0.5960E+00  0.4785E+02
   3.408  0.5772E+00  0.4785E+02
   3.418  0.5588E+00  0.4786E+02
   3.428  0.5409E+00  0.4786E+02
   3.438  0.5234E+00  0.4787E+02
   3.448  0.5063E+00  0.4787E+02
   3.458  0.4897E+00  0.4788E+02
   3.468  0.4735E+00  0.4788E+02
   3.478  0.4577E+00  0.4789E+02
   3.488  0.4423E+00  0.4789E+02
   3.498  0.4273E+00  0.4790E+02
   3.508  0.4127E+00  0.4790E+02
   3.518  0.3986E+00  0.4790E+02
   3.528  0.3848E+00  0.4791E+02
   3.538  0.3713E+00  0.4791E+02
   3.548  0.3583E+00  0.4792E+02
   3.558  0.3456E+00  0.4792E+02
   3.568  0.3333E+00  0.4792E+02
   3.578  0.3214E+00  0.4793E+02
   3.588  0.3098E+00  0.4793E+02
   3.598  0.2985E+00  0.4793E+02
   3.608  0.2876E+00  0.4793E+02
   3.618  0.2769E+00  0.4794E+02
   3.628  0.2667E+00  0.4794E+02
   3.638  0.2567E+00  0.4794E+02
   3.648  0.2470E+00  0.4795E+02
   3.658  0.2377E+00  0.4795E+02
   3.668  0.2286E+00  0.4795E+02
   3.678  0.2198E+00  0.4795E+02
   3.688  0.2113E+00  0.4795E+02
   3.698  0.2031E+00  0.4796E+02
   3.708  0.1951E+00  0.4796E+02
   3.718  0.1874E+00  0.4796E+02
   3.728  0.1800E+00  0.4796E+02
   3.738  0.1728E+00  0.4796E+02
   3.748  0.1658E+00  0.4797E+02
   3.758  0.1591E+00  0.4797E+02
   3.768  0.1526E+00  0.4797E+02
   3.778  0.1464E+00  0.4797E+02
   3.788  0.1403E+00  0.4797E+02
   3.798  0.1345E+00  0.4797E+02
   3.808  0.1289E+00  0.4797E+02
   3.818  0.1235E+00  0.4798E+02
   3.828  0.1182E+00  0.4798E+02
   3.838  0.1132E+00  0.4798E+02
   3.848  0.1084E+00  0.4798E+02
   3.858  0.1037E+00  0.4798E+02
   3.868  0.9920E-01  0.4798E+02
   3.878  0.9487E-01  0.4798E+02
   3.888  0.9071E-01  0.4798E+02
   3.898  0.8671E-01  0.4798E+02
   3.908  0.8286E-01  0.4798E+02
   3.918  0.7916E-01  0.4798E+02
   3.928  0.7560E-01  0.4799E+02
   3.938  0.7219E-01  0.4799E+02
   3.948  0.6891E-01  0.4799E+02
   3.958  0.6576E-01  0.4799E+02
   3.968  0.6274E-01  0.4799E+02
   3.978  0.5984E-01  0.4799E+02
   3.988  0.5706E-01  0.4799E+02
   3.998  0.5439E-01  0.4799E+02
   4.008  0.5183E-01  0.4799E+02
   4.018  0.4938E-01  0.4799E+02
   4.028  0.4703E-01  0.4799E+02
   4.038  0.4478E-01  0.4799E+02
   4.048  0.4263E-01  0.4799E+02
   4.058  0.4057E-01  0.4799E+02
   4.068  0.3860E-01  0.4799E+02
   4.078  0.3671E-01  0.4799E+02
   4.088  0.3491E-01  0.4799E+02
   4.098  0.3319E-01  0.4799E+02
   4.108  0.3154E-01  0.4799E+02
   4.118  0.2996E-01  0.4799E+02
   4.128  0.2846E-01  0.4800E+02
   4.138  0.2702E-01  0.4800E+02
   4.148  0.2565E-01  0.4800E+02
   4.158  0.2435E-01  0.4800E+02
   4.168  0.2310E-01  0.4800E+02
   4.178  0.2191E-01  0.4800E+02
   4.188  0.2077E-01  0.4800E+02
   4.198  0.1969E-01  0.4800E+02
   4.208  0.1866E-01  0.4800E+02
   4.218  0.1768E-01  0.4800E+02
   4.228  0.1675E-01  0.4800E+02
   4.238  0.1586E-01  0.4800E+02
   4.248  0.1501E-01  0.4800E+02
   4.258  0.1421E-01  0.4800E+02
   4.268  0.1344E-01  0.4800E+02
   4.278  0.1271E-01  0.4800E+02
   4.288  0.1202E-01  0.4800E+02
   4.298  0.1136E-01  0.4800E+02
   4.308  0.1074E-01  0.4800E+02
   4.318  0.1015E-01  0.4800E+02
   4.328  0.9582E-02  0.4800E+02
   4.338  0.9048E-02  0.4800E+02
   4.348  0.8541E-02  0.4800E+02
   4.358  0.8060E-02  0.4800E+02
   4.368  0.7604E-02  0.4800E+02
   4.378  0.7172E-02  0.4800E+02
   4.388  0.6763E-02  0.4800E+02
   4.398  0.6375E-02  0.4800E+02
   4.408  0.6007E-02  0.4800E+02
   4.418  0.5659E-02  0.4800E+02
   4.428  0.5330E-02  0.4800E+02
   4.438  0.5019E-02  0.4800E+02
   4.448  0.4724E-02  0.4800E+02
   4.458  0.4446E-02  0.4800E+02
   4.468  0.4182E-02  0.4800E+02
   4.478  0.3933E-02  0.4800E+02
   4.488  0.3698E-02  0.4800E+02
   4.498  0.3476E-02  0.4800E+02
   4.508  0.3267E-02  0.4800E+02
   4.518  0.3069E-02  0.4800E+02
   4.528  0.2882E-02  0.4800E+02
   4.538  0.2706E-02  0.4800E+02
   4.548  0.2540E-02  0.4800E+02
   4.558  0.2383E-02  0.4800E+02
   4.568  0.2236E-02  0.4800E+02
   4.578  0.2097E-02  0.4800E+02
   4.588  0.1966E-02  0.4800E+02
   4.598  0.1842E-02  0.4800E+02
   4.608  0.1726E-02  0.4800E+02
   4.618  0.1617E-02  0.4800E+02
   4.628  0.1514E-02  0.4800E+02
   4.638  0.1418E-02  0.4800E+02
   4.648  0.1327E-02  0.4800E+02
   4.658  0.1242E-02  0.4800E+02
   4.668  0.1162E-02  0.4800E+02
   4.678  0.1086E-02  0.4800E+02
   4.688  0.1015E-02  0.4800E+02
   4.698  0.9490E-03  0.4800E+02
   4.708  0.8867E-03  0.4800E+02
   4.718  0.8283E-03  0.4800E+02
   4.728  0.7734E-03  0.4800E+02
   4.738  0.7220E-03  0.4800E+02
   4.748  0.6738E-03  0.4800E+02
   4.758  0.6287E-03  0.4800E+02
   4.768  0.5864E-03  0.4800E+02
   4.778  0.5468E-03  0.4800E+02
   4.788  0.5097E-03  0.4800E+02
   4.798  0.4750E-03  0.4800E+02
   4.808  0.4426E-03  0.4800E+02
   4.818  0.4122E-03  0.4800E+02
   4.828  0.3838E-03  0.4800E+02
   4.838  0.3573E-03  0.4800E+02
   4.848  0.3325E-03  0.4800E+02
   4.858  0.3093E-03  0.4800E+02
   4.868  0.2877E-03  0.4800E+02
   4.878  0.2675E-03  0.4800E+02
   4.888  0.2486E-03  0.4800E+02
   4.898  0.2310E-03  0.4800E+02
   4.908  0.2146E-03  0.4800E+02
   4.918  0.1993E-03  0.4800E+02
   4.928  0.1851E-03  0.4800E+02
   4.938  0.1718E-03  0.4800E+02
   4.948  0.1594E-03  0.4800E+02
   4.958  0.1478E-03  0.4800E+02
   4.968  0.1371E-03  0.4800E+02
   4.978  0.1271E-03  0.4800E+02
   4.988  0.1178E-03  0.4800E+02
   4.998  0.1092E-03  0.4800E+02
   5.008  0.1011E-03  0.4800E+02
   5.018  0.9364E-04  0.4800E+02
