 &plot nbnd=  36, nks=   251 /
            0.000000  0.000000  0.000000
  -13.772  -13.772  -13.772  -13.712  -13.712  -13.395  -13.395  -13.395  -13.386  -13.386
   -2.738    7.293    8.025    8.025    8.025   10.101   10.101   10.101   12.974   15.942
   15.942   16.340   16.340   16.340   18.823   26.609   26.609   26.609   28.572   28.572
   28.572   29.664   29.664   29.664   29.767   29.767
           -0.020000  0.000000  0.000000
  -13.772  -13.772  -13.772  -13.712  -13.711  -13.397  -13.395  -13.395  -13.386  -13.385
   -2.737    7.261    8.017    8.017    8.056   10.096   10.110   10.110   12.982   15.876
   15.943   16.343   16.343   16.402   18.835   26.591   26.601   26.601   28.531   28.531
   28.536   29.665   29.716   29.716   29.788   29.797
           -0.040000  0.000000  0.000000
  -13.773  -13.773  -13.773  -13.711  -13.711  -13.400  -13.395  -13.395  -13.387  -13.383
   -2.733    7.176    7.997    7.997    8.139   10.083   10.135   10.135   13.005   15.737
   15.946   16.351   16.351   16.527   18.869   26.538   26.576   26.576   28.429   28.429
   28.437   29.668   29.848   29.853   29.853   29.879
           -0.060000  0.000000  0.000000
  -13.773  -13.773  -13.773  -13.711  -13.709  -13.404  -13.395  -13.395  -13.387  -13.380
   -2.726    7.061    7.963    7.963    8.252   10.061   10.177   10.177   13.042   15.576
   15.952   16.364   16.364   16.667   18.927   26.453   26.534   26.534   28.295   28.299
   28.299   29.672   29.943   29.992   30.041   30.041
           -0.080000  0.000000  0.000000
  -13.774  -13.773  -13.773  -13.710  -13.708  -13.408  -13.394  -13.394  -13.388  -13.377
   -2.717    6.930    7.918    7.918    8.379   10.031   10.234   10.234   13.093   15.408
   15.960   16.382   16.382   16.805   19.008   26.343   26.471   26.471   28.125   28.166
   28.166   29.678   30.070   30.123   30.260   30.260
           -0.100000  0.000000  0.000000
  -13.775  -13.774  -13.774  -13.710  -13.706  -13.412  -13.393  -13.393  -13.388  -13.375
   -2.705    6.790    7.863    7.863    8.513    9.994   10.303   10.303   13.158   15.238
   15.970   16.405   16.405   16.935   19.112   26.211   26.385   26.385   27.937   28.043
   28.043   29.686   30.223   30.260   30.497   30.497
           -0.120000  0.000000  0.000000
  -13.775  -13.774  -13.774  -13.709  -13.703  -13.416  -13.392  -13.392  -13.389  -13.372
   -2.691    6.644    7.801    7.801    8.651    9.951   10.383   10.383   13.234   15.069
   15.983   16.434   16.434   17.058   19.239   26.062   26.275   26.275   27.738   27.939
   27.939   29.695   30.397   30.398   30.745   30.745
           -0.140000  0.000000  0.000000
  -13.776  -13.775  -13.775  -13.708  -13.700  -13.421  -13.391  -13.391  -13.390  -13.370
   -2.674    6.496    7.732    7.732    8.791    9.903   10.473   10.473   13.322   14.902
   15.998   16.468   16.468   17.171   19.388   25.901   26.141   26.141   27.530   27.857
   27.857   29.706   30.534   30.588   31.002   31.002
           -0.160000  0.000000  0.000000
  -13.777  -13.776  -13.776  -13.707  -13.697  -13.426  -13.391  -13.390  -13.390  -13.368
   -2.654    6.345    7.658    7.658    8.929    9.850   10.571   10.571   13.420   14.740
   16.015   16.507   16.507   17.275   19.558   25.730   25.986   25.986   27.317   27.796
   27.796   29.718   30.666   30.792   31.265   31.265
           -0.180000  0.000000  0.000000
  -13.778  -13.777  -13.777  -13.705  -13.694  -13.431  -13.393  -13.389  -13.389  -13.366
   -2.632    6.194    7.581    7.581    9.066    9.795   10.676   10.676   13.526   14.583
   16.034   16.551   16.551   17.372   19.745   25.552   25.812   25.812   27.100   27.755
   27.755   29.732   30.792   31.009   31.531   31.531
           -0.200000  0.000000  0.000000
  -13.779  -13.778  -13.778  -13.704  -13.690  -13.436  -13.394  -13.387  -13.387  -13.364
   -2.607    6.041    7.501    7.501    9.200    9.737   10.786   10.786   13.642   14.433
   16.056   16.601   16.601   17.462   19.950   25.370   25.624   25.624   26.880   27.730
   27.730   29.748   30.912   31.234   31.799   31.799
           -0.220000  0.000000  0.000000
  -13.779  -13.779  -13.779  -13.702  -13.686  -13.442  -13.396  -13.386  -13.386  -13.363
   -2.580    5.888    7.419    7.419    9.331    9.678   10.902   10.902   13.764   14.290
   16.080   16.656   16.656   17.548   20.168   25.183   25.425   25.425   26.658   27.718
   27.718   29.765   31.027   31.468   32.067   32.067
           -0.240000  0.000000  0.000000
  -13.780  -13.780  -13.780  -13.700  -13.682  -13.447  -13.397  -13.384  -13.384  -13.362
   -2.550    5.735    7.336    7.336    9.456    9.617   11.021   11.021   13.894   14.156
   16.106   16.716   16.716   17.630   20.400   24.995   25.217   25.217   26.435   27.718
   27.718   29.784   31.135   31.708   32.331   32.331
           -0.260000  0.000000  0.000000
  -13.782  -13.782  -13.781  -13.698  -13.677  -13.453  -13.399  -13.382  -13.382  -13.360
   -2.518    5.581    7.253    7.253    9.556    9.575   11.145   11.145   14.030   14.032
   16.135   16.781   16.781   17.710   20.643   24.805   25.004   25.004   26.212   27.727
   27.727   29.804   31.238   31.954   32.582   32.582
           -0.280000  0.000000  0.000000
  -13.783  -13.783  -13.781  -13.696  -13.673  -13.458  -13.401  -13.380  -13.380  -13.360
   -2.482    5.428    7.169    7.169    9.495    9.688   11.271   11.271   13.919   14.171
   16.166   16.852   16.852   17.790   20.896   24.614   24.787   24.787   25.989   27.744
   27.744   29.825   31.335   32.204   32.794   32.794
           -0.300000  0.000000  0.000000
  -13.785  -13.785  -13.781  -13.694  -13.668  -13.464  -13.404  -13.378  -13.378  -13.359
   -2.445    5.275    7.086    7.086    9.434    9.791   11.401   11.401   13.820   14.318
   16.199   16.928   16.928   17.869   21.157   24.423   24.567   24.567   25.767   27.768
   27.768   29.848   31.428   32.459   32.886   32.886
           -0.320000  0.000000  0.000000
  -13.786  -13.786  -13.781  -13.691  -13.663  -13.470  -13.406  -13.376  -13.376  -13.359
   -2.405    5.122    7.003    7.003    9.374    9.884   11.532   11.532   13.735   14.470
   16.235   17.009   17.009   17.949   21.426   24.232   24.346   24.346   25.545   27.796
   27.796   29.872   31.517   32.717   32.754   32.758
           -0.340000  0.000000  0.000000
  -13.788  -13.788  -13.781  -13.689  -13.658  -13.476  -13.408  -13.374  -13.374  -13.359
   -2.362    4.969    6.922    6.922    9.316    9.966   11.666   11.666   13.665   14.625
   16.273   17.096   17.096   18.031   21.702   24.041   24.124   24.124   25.325   27.830
   27.830   29.896   31.602   32.467   32.504   32.504
           -0.360000  0.000000  0.000000
  -13.789  -13.789  -13.781  -13.686  -13.653  -13.482  -13.411  -13.371  -13.371  -13.359
   -2.316    4.817    6.841    6.841    9.258   10.036   11.801   11.801   13.613   14.785
   16.313   17.188   17.188   18.114   21.985   23.852   23.901   23.901   25.107   27.868
   27.868   29.922   31.684   32.175   32.212   32.212
           -0.380000  0.000000  0.000000
  -13.791  -13.791  -13.781  -13.683  -13.648  -13.489  -13.414  -13.369  -13.369  -13.359
   -2.269    4.665    6.762    6.762    9.202   10.091   11.938   11.938   13.578   14.949
   16.355   17.285   17.285   18.200   22.273   23.663   23.679   23.679   24.890   27.910
   27.910   29.947   31.761   31.882   31.906   31.906
           -0.400000  0.000000  0.000000
  -13.792  -13.792  -13.781  -13.680  -13.642  -13.495  -13.417  -13.367  -13.367  -13.359
   -2.218    4.513    6.684    6.684    9.148   10.131   12.077   12.077   13.563   15.115
   16.400   17.387   17.387   18.289   22.567   23.458   23.458   23.476   24.676   27.955
   27.955   29.972   31.580   31.596   31.596   31.842
           -0.420000  0.000000  0.000000
  -13.794  -13.794  -13.780  -13.677  -13.637  -13.501  -13.420  -13.364  -13.364  -13.360
   -2.165    4.362    6.608    6.608    9.096   10.157   12.216   12.216   13.568   15.284
   16.447   17.494   17.494   18.380   22.865   23.237   23.237   23.291   24.464   28.002
   28.002   29.995   31.281   31.285   31.285   31.916
           -0.440000  0.000000  0.000000
  -13.796  -13.796  -13.779  -13.674  -13.631  -13.508  -13.423  -13.362  -13.362  -13.361
   -2.110    4.212    6.534    6.534    9.046   10.167   12.356   12.356   13.591   15.456
   16.497   17.607   17.607   18.476   23.019   23.019   23.107   23.167   24.256   28.052
   28.052   30.016   30.974   30.974   30.980   31.990
           -0.460000  0.000000  0.000000
  -13.797  -13.797  -13.778  -13.670  -13.626  -13.514  -13.426  -13.362  -13.359  -13.359
   -2.052    4.062    6.462    6.462    8.998   10.164   12.498   12.498   13.633   15.630
   16.549   17.724   17.724   18.574   22.801   22.801   22.925   23.474   24.050   28.104
   28.104   30.032   30.666   30.666   30.678   32.062
           -0.480000  0.000000  0.000000
  -13.799  -13.799  -13.777  -13.667  -13.620  -13.521  -13.430  -13.364  -13.357  -13.357
   -1.992    3.913    6.392    6.392    8.952   10.147   12.640   12.640   13.692   15.805
   16.603   17.847   17.847   18.677   22.586   22.586   22.745   23.784   23.849   28.156
   28.156   30.040   30.361   30.361   30.376   31.921
           -0.500000  0.000000  0.000000
  -13.800  -13.800  -13.776  -13.663  -13.614  -13.528  -13.433  -13.365  -13.354  -13.354
   -1.929    3.764    6.324    6.324    8.909   10.119   12.782   12.782   13.766   15.982
   16.660   17.975   17.975   18.783   22.372   22.372   22.566   23.651   24.097   28.207
   28.207   30.033   30.061   30.061   30.074   31.636
           -0.520000  0.000000  0.000000
  -13.802  -13.802  -13.774  -13.659  -13.608  -13.534  -13.437  -13.367  -13.352  -13.352
   -1.864    3.616    6.258    6.258    8.868   10.081   12.926   12.926   13.855   16.159
   16.719   18.107   18.107   18.894   22.161   22.161   22.390   23.459   24.412   28.254
   28.254   29.770   29.770   29.773   30.002   31.380
           -0.540000  0.000000  0.000000
  -13.804  -13.804  -13.773  -13.656  -13.602  -13.541  -13.440  -13.369  -13.349  -13.349
   -1.796    3.469    6.194    6.194    8.830   10.035   13.069   13.069   13.956   16.336
   16.780   18.245   18.245   19.008   21.952   21.952   22.216   23.271   24.730   28.291
   28.291   29.473   29.493   29.493   29.933   31.169
           -0.560000  0.000000  0.000000
  -13.805  -13.805  -13.771  -13.652  -13.596  -13.548  -13.444  -13.371  -13.347  -13.347
   -1.726    3.322    6.133    6.133    8.794    9.982   13.213   13.213   14.067   16.512
   16.844   18.387   18.387   19.127   21.746   21.746   22.044   23.089   25.048   28.306
   28.306   29.174   29.243   29.243   29.813   31.016
           -0.580000  0.000000  0.000000
  -13.807  -13.807  -13.769  -13.648  -13.590  -13.554  -13.448  -13.374  -13.345  -13.345
   -1.654    3.177    6.074    6.074    8.761    9.924   13.357   13.357   14.188   16.686
   16.910   18.533   18.533   19.251   21.543   21.543   21.874   22.915   25.367   28.271
   28.271   28.876   29.047   29.047   29.639   30.924
           -0.600000  0.000000  0.000000
  -13.808  -13.808  -13.767  -13.643  -13.584  -13.561  -13.452  -13.376  -13.342  -13.342
   -1.579    3.032    6.018    6.018    8.731    9.862   13.501   13.501   14.316   16.858
   16.978   18.683   18.683   19.379   21.344   21.344   21.706   22.747   25.684   28.153
   28.153   28.580   28.938   28.938   29.424   30.884
           -0.620000  0.000000  0.000000
  -13.810  -13.810  -13.764  -13.639  -13.578  -13.568  -13.456  -13.379  -13.340  -13.340
   -1.502    2.888    5.964    5.964    8.704    9.797   13.644   13.644   14.450   17.026
   17.049   18.836   18.836   19.512   21.149   21.149   21.541   22.589   25.995   27.955
   27.955   28.287   28.915   28.915   29.188   30.879
           -0.640000  0.000000  0.000000
  -13.811  -13.811  -13.762  -13.635  -13.575  -13.572  -13.461  -13.382  -13.338  -13.338
   -1.422    2.745    5.912    5.912    8.679    9.730   13.788   13.788   14.590   17.122
   17.188   18.993   18.993   19.649   20.959   20.959   21.378   22.441   26.297   27.711
   27.711   27.995   28.941   28.941   28.947   30.897
           -0.660000  0.000000  0.000000
  -13.812  -13.812  -13.759  -13.630  -13.581  -13.565  -13.465  -13.385  -13.336  -13.336
   -1.340    2.603    5.863    5.863    8.657    9.663   13.931   13.931   14.735   17.198
   17.343   19.150   19.150   19.791   20.775   20.775   21.217   22.304   26.577   27.447
   27.447   27.706   28.720   28.993   28.993   30.930
           -0.680000  0.000000  0.000000
  -13.814  -13.814  -13.756  -13.626  -13.588  -13.559  -13.469  -13.388  -13.334  -13.334
   -1.256    2.462    5.817    5.817    8.639    9.595   14.073   14.073   14.883   17.276
   17.489   19.305   19.305   19.937   20.602   20.602   21.059   22.181   26.813   27.173
   27.173   27.420   28.533   29.058   29.058   30.975
           -0.700000  0.000000  0.000000
  -13.815  -13.815  -13.753  -13.621  -13.595  -13.553  -13.474  -13.392  -13.332  -13.332
   -1.170    2.322    5.774    5.774    8.623    9.527   14.214   14.214   15.034   17.356
   17.624   19.452   19.452   20.089   20.445   20.445   20.903   22.075   26.896   26.896
   26.965   27.137   28.433   29.130   29.130   31.028
           -0.720000  0.000000  0.000000
  -13.816  -13.816  -13.750  -13.617  -13.601  -13.547  -13.478  -13.396  -13.330  -13.330
   -1.081    2.183    5.733    5.733    8.610    9.461   14.355   14.355   15.187   17.439
   17.744   19.574   19.574   20.244   20.320   20.320   20.749   21.986   26.619   26.619
   26.857   26.984   28.465   29.207   29.207   31.088
           -0.740000  0.000000  0.000000
  -13.817  -13.817  -13.746  -13.612  -13.608  -13.540  -13.483  -13.399  -13.328  -13.328
   -0.991    2.045    5.695    5.695    8.600    9.395   14.493   14.493   15.342   17.524
   17.847   19.636   19.636   20.266   20.266   20.405   20.598   21.918   26.342   26.342
   26.581   26.875   28.629   29.287   29.287   31.155
           -0.760000  0.000000  0.000000
  -13.818  -13.818  -13.743  -13.615  -13.607  -13.534  -13.488  -13.403  -13.327  -13.327
   -0.897    1.908    5.659    5.659    8.593    9.331   14.630   14.630   15.498   17.612
   17.930   19.604   19.604   20.313   20.313   20.449   20.569   21.874   26.067   26.067
   26.309   26.686   28.876   29.369   29.369   31.227
           -0.780000  0.000000  0.000000
  -13.819  -13.819  -13.739  -13.621  -13.603  -13.528  -13.492  -13.408  -13.325  -13.325
   -0.802    1.773    5.626    5.626    8.589    9.269   14.764   14.764   15.655   17.702
   17.992   19.503   19.503   20.302   20.438   20.438   20.738   21.855   25.795   25.795
   26.041   26.456   29.166   29.452   29.452   31.307
           -0.800000  0.000000  0.000000
  -13.820  -13.820  -13.735  -13.628  -13.598  -13.522  -13.497  -13.412  -13.324  -13.324
   -0.705    1.639    5.597    5.597    8.589    9.209   14.894   14.894   15.812   17.794
   18.029   19.375   19.375   20.158   20.601   20.601   20.911   21.862   25.526   25.526
   25.779   26.208   29.476   29.535   29.535   31.393
           -0.820000  0.000000  0.000000
  -13.821  -13.821  -13.731  -13.634  -13.593  -13.516  -13.502  -13.416  -13.323  -13.323
   -0.605    1.506    5.569    5.569    8.591    9.151   15.021   15.021   15.969   17.889
   18.042   19.239   19.239   20.017   20.781   20.781   21.087   21.896   25.260   25.260
   25.522   25.953   29.617   29.617   29.796   31.489
           -0.840000  0.000000  0.000000
  -13.822  -13.822  -13.727  -13.640  -13.588  -13.510  -13.507  -13.421  -13.321  -13.321
   -0.504    1.375    5.545    5.545    8.596    9.095   15.142   15.142   16.126   17.986
   18.031   19.103   19.103   19.878   20.972   20.972   21.266   21.954   24.999   24.999
   25.273   25.695   29.697   29.697   30.115   31.597
           -0.860000  0.000000  0.000000
  -13.822  -13.822  -13.722  -13.646  -13.583  -13.512  -13.503  -13.426  -13.320  -13.320
   -0.400    1.245    5.524    5.524    8.604    9.042   15.257   15.257   16.283   17.998
   18.086   18.973   18.973   19.741   21.168   21.168   21.448   22.035   24.743   24.743
   25.032   25.440   29.774   29.774   30.428   31.722
           -0.880000  0.000000  0.000000
  -13.823  -13.823  -13.718  -13.653  -13.578  -13.517  -13.497  -13.431  -13.319  -13.319
   -0.295    1.117    5.505    5.505    8.616    8.992   15.363   15.363   16.438   17.943
   18.188   18.852   18.852   19.607   21.367   21.367   21.630   22.133   24.493   24.493
   24.802   25.190   29.847   29.847   30.723   31.870
           -0.900000  0.000000  0.000000
  -13.823  -13.823  -13.713  -13.659  -13.573  -13.522  -13.491  -13.436  -13.319  -13.319
   -0.187    0.990    5.489    5.489    8.630    8.944   15.459   15.459   16.591   17.870
   18.293   18.743   18.743   19.475   21.566   21.566   21.812   22.243   24.251   24.251
   24.587   24.948   29.914   29.914   30.991   32.052
           -0.920000  0.000000  0.000000
  -13.824  -13.824  -13.708  -13.665  -13.568  -13.527  -13.485  -13.441  -13.318  -13.318
   -0.078    0.864    5.476    5.476    8.648    8.899   15.543   15.543   16.742   17.781
   18.400   18.648   18.648   19.346   21.762   21.762   21.991   22.357   24.021   24.021
   24.392   24.719   29.972   29.972   31.223   32.117
           -0.940000  0.000000  0.000000
  -13.824  -13.824  -13.703  -13.670  -13.563  -13.532  -13.480  -13.446  -13.318  -13.318
    0.034    0.741    5.466    5.466    8.669    8.857   15.612   15.612   16.891   17.679
   18.510   18.570   18.570   19.219   21.948   21.948   22.162   22.461   23.809   23.809
   24.228   24.507   30.021   30.021   31.417   32.059
           -0.960000  0.000000  0.000000
  -13.824  -13.824  -13.698  -13.676  -13.557  -13.537  -13.474  -13.451  -13.317  -13.317
    0.147    0.619    5.459    5.459    8.693    8.818   15.664   15.664   17.036   17.566
   18.512   18.512   18.622   19.095   22.113   22.113   22.318   22.538   23.625   23.625
   24.109   24.320   30.058   30.058   31.580   32.016
           -0.980000  0.000000  0.000000
  -13.825  -13.825  -13.693  -13.682  -13.552  -13.542  -13.468  -13.457  -13.317  -13.317
    0.262    0.498    5.455    5.455    8.719    8.782   15.696   15.696   17.178   17.444
   18.476   18.476   18.736   18.973   22.235   22.235   22.449   22.568   23.491   23.491
   24.055   24.172   30.081   30.081   31.721   31.964
           -1.000000  0.000000  0.000000
  -13.825  -13.825  -13.687  -13.687  -13.547  -13.547  -13.462  -13.462  -13.317  -13.317
    0.379    0.379    5.453    5.453    8.749    8.749   15.707   15.707   17.314   17.314
   18.464   18.464   18.853   18.853   22.282   22.282   22.537   22.537   23.441   23.441
   24.078   24.078   30.089   30.089   31.847   31.847
           -1.000000  0.010000  0.000000
  -13.825  -13.825  -13.687  -13.687  -13.547  -13.547  -13.462  -13.462  -13.317  -13.317
    0.379    0.379    5.452    5.452    8.751    8.751   15.704   15.704   17.312   17.312
   18.459   18.459   18.863   18.863   22.280   22.280   22.534   22.534   23.446   23.446
   24.080   24.080   30.082   30.082   31.824   31.824
           -1.000000  0.020000  0.000000
  -13.825  -13.825  -13.687  -13.687  -13.547  -13.547  -13.463  -13.463  -13.317  -13.317
    0.380    0.380    5.450    5.450    8.756    8.756   15.694   15.694   17.307   17.307
   18.446   18.446   18.892   18.892   22.272   22.272   22.525   22.525   23.462   23.462
   24.087   24.087   30.061   30.061   31.777   31.777
           -1.000000  0.030000  0.000000
  -13.825  -13.825  -13.687  -13.687  -13.547  -13.547  -13.463  -13.463  -13.317  -13.317
    0.380    0.380    5.447    5.447    8.764    8.764   15.678   15.678   17.298   17.298
   18.429   18.429   18.935   18.935   22.260   22.260   22.510   22.510   23.488   23.488
   24.099   24.099   30.027   30.027   31.722   31.722
           -1.000000  0.040000  0.000000
  -13.825  -13.825  -13.687  -13.687  -13.547  -13.547  -13.463  -13.463  -13.317  -13.317
    0.380    0.380    5.442    5.442    8.776    8.776   15.655   15.655   17.286   17.286
   18.410   18.410   18.991   18.991   22.243   22.243   22.492   22.492   23.523   23.523
   24.116   24.116   29.982   29.982   31.662   31.662
           -1.000000  0.050000  0.000000
  -13.825  -13.825  -13.686  -13.686  -13.547  -13.547  -13.464  -13.464  -13.316  -13.316
    0.381    0.381    5.435    5.435    8.791    8.791   15.626   15.626   17.272   17.272
   18.390   18.390   19.055   19.055   22.222   22.222   22.471   22.471   23.566   23.566
   24.137   24.137   29.926   29.926   31.600   31.600
           -1.000000  0.060000  0.000000
  -13.825  -13.825  -13.686  -13.686  -13.547  -13.547  -13.464  -13.464  -13.316  -13.316
    0.381    0.381    5.427    5.427    8.809    8.809   15.591   15.591   17.257   17.257
   18.372   18.372   19.126   19.126   22.196   22.196   22.448   22.448   23.615   23.615
   24.162   24.162   29.860   29.860   31.534   31.534
           -1.000000  0.070000  0.000000
  -13.826  -13.826  -13.685  -13.685  -13.547  -13.547  -13.465  -13.465  -13.316  -13.316
    0.382    0.382    5.418    5.418    8.830    8.830   15.550   15.550   17.240   17.240
   18.356   18.356   19.203   19.203   22.166   22.166   22.424   22.424   23.669   23.669
   24.191   24.191   29.786   29.786   31.465   31.465
           -1.000000  0.080000  0.000000
  -13.826  -13.826  -13.684  -13.684  -13.547  -13.547  -13.465  -13.465  -13.316  -13.316
    0.383    0.383    5.408    5.408    8.854    8.854   15.503   15.503   17.224   17.224
   18.342   18.342   19.284   19.284   22.133   22.133   22.400   22.400   23.728   23.728
   24.224   24.224   29.706   29.706   31.392   31.392
           -1.000000  0.090000  0.000000
  -13.826  -13.826  -13.683  -13.683  -13.547  -13.547  -13.466  -13.466  -13.315  -13.315
    0.384    0.384    5.396    5.396    8.881    8.881   15.451   15.451   17.207   17.207
   18.329   18.329   19.370   19.370   22.096   22.096   22.376   22.376   23.790   23.790
   24.261   24.261   29.620   29.620   31.316   31.316
           -1.000000  0.100000  0.000000
  -13.827  -13.827  -13.682  -13.682  -13.547  -13.547  -13.467  -13.467  -13.315  -13.315
    0.385    0.385    5.384    5.384    8.911    8.911   15.393   15.393   17.190   17.190
   18.319   18.319   19.458   19.458   22.058   22.058   22.353   22.353   23.856   23.856
   24.301   24.301   29.529   29.529   31.237   31.237
           -1.000000  0.110000  0.000000
  -13.827  -13.827  -13.681  -13.681  -13.548  -13.548  -13.468  -13.468  -13.315  -13.315
    0.386    0.386    5.371    5.371    8.944    8.944   15.331   15.331   17.174   17.174
   18.310   18.310   19.549   19.549   22.017   22.017   22.330   22.330   23.925   23.925
   24.345   24.345   29.434   29.434   31.155   31.155
           -1.000000  0.120000  0.000000
  -13.827  -13.827  -13.680  -13.680  -13.548  -13.548  -13.469  -13.469  -13.314  -13.314
    0.387    0.387    5.356    5.356    8.979    8.979   15.264   15.264   17.159   17.159
   18.302   18.302   19.642   19.642   21.976   21.976   22.308   22.308   23.995   23.995
   24.392   24.392   29.335   29.335   31.070   31.070
           -1.000000  0.130000  0.000000
  -13.828  -13.828  -13.679  -13.679  -13.548  -13.548  -13.470  -13.470  -13.314  -13.314
    0.389    0.389    5.341    5.341    9.017    9.017   15.193   15.193   17.146   17.146
   18.296   18.296   19.736   19.736   21.933   21.933   22.287   22.287   24.068   24.068
   24.442   24.442   29.234   29.234   30.983   30.983
           -1.000000  0.140000  0.000000
  -13.828  -13.828  -13.678  -13.678  -13.548  -13.548  -13.471  -13.471  -13.313  -13.313
    0.390    0.390    5.325    5.325    9.058    9.058   15.119   15.119   17.133   17.133
   18.291   18.291   19.832   19.832   21.890   21.890   22.268   22.268   24.143   24.143
   24.495   24.495   29.131   29.131   30.894   30.894
           -1.000000  0.150000  0.000000
  -13.829  -13.829  -13.677  -13.677  -13.548  -13.548  -13.472  -13.472  -13.313  -13.313
    0.391    0.391    5.309    5.309    9.101    9.101   15.041   15.041   17.122   17.122
   18.286   18.286   19.928   19.928   21.847   21.847   22.249   22.249   24.218   24.218
   24.551   24.551   29.026   29.026   30.803   30.803
           -1.000000  0.160000  0.000000
  -13.829  -13.829  -13.675  -13.675  -13.548  -13.548  -13.473  -13.473  -13.312  -13.312
    0.393    0.393    5.292    5.292    9.147    9.147   14.960   14.960   17.112   17.112
   18.283   18.283   20.024   20.024   21.804   21.804   22.232   22.232   24.295   24.295
   24.610   24.610   28.919   28.919   30.710   30.710
           -1.000000  0.170000  0.000000
  -13.830  -13.830  -13.674  -13.674  -13.548  -13.548  -13.475  -13.475  -13.312  -13.312
    0.395    0.395    5.274    5.274    9.194    9.194   14.876   14.876   17.103   17.103
   18.280   18.280   20.120   20.120   21.761   21.761   22.218   22.218   24.372   24.372
   24.671   24.671   28.811   28.811   30.615   30.615
           -1.000000  0.180000  0.000000
  -13.831  -13.831  -13.673  -13.673  -13.548  -13.548  -13.476  -13.476  -13.311  -13.311
    0.396    0.396    5.257    5.257    9.245    9.245   14.790   14.790   17.095   17.095
   18.278   18.278   20.215   20.215   21.719   21.719   22.205   22.205   24.449   24.449
   24.736   24.736   28.702   28.702   30.520   30.520
           -1.000000  0.190000  0.000000
  -13.831  -13.831  -13.671  -13.671  -13.548  -13.548  -13.477  -13.477  -13.311  -13.311
    0.398    0.398    5.238    5.238    9.297    9.297   14.701   14.701   17.088   17.088
   18.277   18.277   20.308   20.308   21.677   21.677   22.196   22.196   24.527   24.527
   24.805   24.805   28.592   28.592   30.423   30.423
           -1.000000  0.200000  0.000000
  -13.832  -13.832  -13.670  -13.670  -13.548  -13.548  -13.479  -13.479  -13.310  -13.310
    0.400    0.400    5.220    5.220    9.351    9.351   14.611   14.611   17.082   17.082
   18.276   18.276   20.400   20.400   21.636   21.636   22.190   22.190   24.604   24.604
   24.876   24.876   28.482   28.482   30.326   30.326
           -1.000000  0.210000  0.000000
  -13.832  -13.832  -13.668  -13.668  -13.549  -13.549  -13.480  -13.480  -13.310  -13.310
    0.401    0.401    5.202    5.202    9.407    9.407   14.520   14.520   17.077   17.077
   18.275   18.275   20.489   20.489   21.596   21.596   22.187   22.187   24.681   24.681
   24.951   24.951   28.371   28.371   30.227   30.227
           -1.000000  0.220000  0.000000
  -13.833  -13.833  -13.666  -13.666  -13.549  -13.549  -13.482  -13.482  -13.309  -13.309
    0.403    0.403    5.184    5.184    9.465    9.465   14.427   14.427   17.072   17.072
   18.275   18.275   20.575   20.575   21.557   21.557   22.190   22.190   24.757   24.757
   25.028   25.028   28.261   28.261   30.129   30.129
           -1.000000  0.230000  0.000000
  -13.833  -13.833  -13.665  -13.665  -13.549  -13.549  -13.483  -13.483  -13.309  -13.309
    0.405    0.405    5.165    5.165    9.525    9.525   14.332   14.332   17.069   17.069
   18.275   18.275   20.657   20.657   21.519   21.519   22.197   22.197   24.832   24.832
   25.109   25.109   28.150   28.150   30.030   30.030
           -1.000000  0.240000  0.000000
  -13.834  -13.834  -13.663  -13.663  -13.549  -13.549  -13.485  -13.485  -13.308  -13.308
    0.407    0.407    5.147    5.147    9.586    9.586   14.237   14.237   17.066   17.066
   18.276   18.276   20.733   20.733   21.482   21.482   22.211   22.211   24.906   24.906
   25.193   25.193   28.040   28.040   29.930   29.930
           -1.000000  0.250000  0.000000
  -13.834  -13.834  -13.661  -13.661  -13.549  -13.549  -13.486  -13.486  -13.307  -13.307
    0.409    0.409    5.129    5.129    9.650    9.650   14.141   14.141   17.063   17.063
   18.276   18.276   20.804   20.804   21.445   21.445   22.231   22.231   24.979   24.979
   25.280   25.280   27.931   27.931   29.830   29.830
           -1.000000  0.260000  0.000000
  -13.835  -13.835  -13.659  -13.659  -13.549  -13.549  -13.488  -13.488  -13.307  -13.307
    0.411    0.411    5.111    5.111    9.714    9.714   14.044   14.044   17.062   17.062
   18.277   18.277   20.869   20.869   21.411   21.411   22.258   22.258   25.051   25.051
   25.369   25.369   27.823   27.823   29.731   29.731
           -1.000000  0.270000  0.000000
  -13.836  -13.836  -13.658  -13.658  -13.550  -13.550  -13.489  -13.489  -13.306  -13.306
    0.413    0.413    5.094    5.094    9.781    9.781   13.947   13.947   17.060   17.060
   18.278   18.278   20.926   20.926   21.377   21.377   22.294   22.294   25.122   25.122
   25.460   25.460   27.715   27.715   29.631   29.631
           -1.000000  0.280000  0.000000
  -13.836  -13.836  -13.656  -13.656  -13.550  -13.550  -13.491  -13.491  -13.306  -13.306
    0.414    0.414    5.076    5.076    9.848    9.848   13.850   13.850   17.059   17.059
   18.279   18.279   20.976   20.976   21.345   21.345   22.337   22.337   25.191   25.191
   25.553   25.553   27.610   27.610   29.531   29.531
           -1.000000  0.290000  0.000000
  -13.837  -13.837  -13.654  -13.654  -13.550  -13.550  -13.492  -13.492  -13.305  -13.305
    0.416    0.416    5.060    5.060    9.917    9.917   13.752   13.752   17.059   17.059
   18.281   18.281   21.019   21.019   21.314   21.314   22.389   22.389   25.260   25.260
   25.648   25.648   27.507   27.507   29.432   29.432
           -1.000000  0.300000  0.000000
  -13.837  -13.837  -13.652  -13.652  -13.550  -13.550  -13.494  -13.494  -13.305  -13.305
    0.418    0.418    5.043    5.043    9.988    9.988   13.654   13.654   17.059   17.059
   18.282   18.282   21.054   21.054   21.286   21.286   22.448   22.448   25.326   25.326
   25.743   25.743   27.407   27.407   29.333   29.333
           -1.000000  0.310000  0.000000
  -13.838  -13.838  -13.650  -13.650  -13.551  -13.551  -13.495  -13.495  -13.304  -13.304
    0.420    0.420    5.028    5.028   10.060   10.060   13.555   13.555   17.059   17.059
   18.283   18.283   21.081   21.081   21.259   21.259   22.515   22.515   25.391   25.391
   25.839   25.839   27.311   27.311   29.235   29.235
           -1.000000  0.320000  0.000000
  -13.838  -13.838  -13.649  -13.649  -13.551  -13.551  -13.497  -13.497  -13.304  -13.304
    0.422    0.422    5.013    5.013   10.132   10.132   13.457   13.457   17.059   17.059
   18.285   18.285   21.101   21.101   21.235   21.235   22.589   22.589   25.452   25.452
   25.934   25.934   27.220   27.220   29.137   29.137
           -1.000000  0.330000  0.000000
  -13.838  -13.838  -13.647  -13.647  -13.551  -13.551  -13.498  -13.498  -13.303  -13.303
    0.423    0.423    4.998    4.998   10.206   10.206   13.359   13.359   17.059   17.059
   18.286   18.286   21.113   21.113   21.215   21.215   22.668   22.668   25.510   25.510
   26.029   26.029   27.137   27.137   29.039   29.039
           -1.000000  0.340000  0.000000
  -13.839  -13.839  -13.645  -13.645  -13.552  -13.552  -13.500  -13.500  -13.303  -13.303
    0.425    0.425    4.984    4.984   10.281   10.281   13.262   13.262   17.060   17.060
   18.288   18.288   21.117   21.117   21.201   21.201   22.752   22.752   25.562   25.562
   26.121   26.121   27.064   27.064   28.943   28.943
           -1.000000  0.350000  0.000000
  -13.839  -13.839  -13.644  -13.644  -13.552  -13.552  -13.501  -13.501  -13.303  -13.303
    0.427    0.427    4.971    4.971   10.357   10.357   13.164   13.164   17.060   17.060
   18.289   18.289   21.111   21.111   21.194   21.194   22.840   22.840   25.607   25.607
   26.207   26.207   27.005   27.005   28.847   28.847
           -1.000000  0.360000  0.000000
  -13.840  -13.840  -13.642  -13.642  -13.553  -13.553  -13.502  -13.502  -13.302  -13.302
    0.428    0.428    4.958    4.958   10.434   10.434   13.067   13.067   17.061   17.061
   18.291   18.291   21.099   21.099   21.191   21.191   22.931   22.931   25.642   25.642
   26.287   26.287   26.966   26.966   28.752   28.752
           -1.000000  0.370000  0.000000
  -13.840  -13.840  -13.640  -13.640  -13.553  -13.553  -13.503  -13.503  -13.302  -13.302
    0.430    0.430    4.946    4.946   10.512   10.512   12.971   12.971   17.062   17.062
   18.292   18.292   21.084   21.084   21.191   21.191   23.025   23.025   25.665   25.665
   26.356   26.356   26.952   26.952   28.659   28.659
           -1.000000  0.380000  0.000000
  -13.840  -13.840  -13.639  -13.639  -13.553  -13.553  -13.505  -13.505  -13.301  -13.301
    0.431    0.431    4.935    4.935   10.590   10.590   12.875   12.875   17.063   17.063
   18.293   18.293   21.068   21.068   21.190   21.190   23.120   23.120   25.673   25.673
   26.413   26.413   26.966   26.966   28.567   28.567
           -1.000000  0.390000  0.000000
  -13.841  -13.841  -13.637  -13.637  -13.554  -13.554  -13.506  -13.506  -13.301  -13.301
    0.432    0.432    4.925    4.925   10.669   10.669   12.780   12.780   17.064   17.064
   18.295   18.295   21.052   21.052   21.190   21.190   23.216   23.216   25.664   25.664
   26.461   26.461   27.009   27.009   28.477   28.477
           -1.000000  0.400000  0.000000
  -13.841  -13.841  -13.636  -13.636  -13.554  -13.554  -13.507  -13.507  -13.301  -13.301
    0.434    0.434    4.915    4.915   10.749   10.749   12.686   12.686   17.065   17.065
   18.296   18.296   21.038   21.038   21.189   21.189   23.313   23.313   25.638   25.638
   26.504   26.504   27.075   27.075   28.389   28.389
           -1.000000  0.410000  0.000000
  -13.841  -13.841  -13.635  -13.635  -13.554  -13.554  -13.507  -13.507  -13.301  -13.301
    0.435    0.435    4.907    4.907   10.828   10.828   12.593   12.593   17.066   17.066
   18.297   18.297   21.024   21.024   21.188   21.188   23.409   23.409   25.597   25.597
   26.547   26.547   27.158   27.158   28.303   28.303
           -1.000000  0.420000  0.000000
  -13.842  -13.842  -13.633  -13.633  -13.555  -13.555  -13.508  -13.508  -13.300  -13.300
    0.436    0.436    4.899    4.899   10.907   10.907   12.502   12.502   17.066   17.066
   18.298   18.298   21.011   21.011   21.186   21.186   23.503   23.503   25.545   25.545
   26.593   26.593   27.250   27.250   28.220   28.220
           -1.000000  0.430000  0.000000
  -13.842  -13.842  -13.632  -13.632  -13.555  -13.555  -13.509  -13.509  -13.300  -13.300
    0.436    0.436    4.892    4.892   10.986   10.986   12.413   12.413   17.067   17.067
   18.299   18.299   21.000   21.000   21.185   21.185   23.594   23.594   25.485   25.485
   26.642   26.642   27.349   27.349   28.142   28.142
           -1.000000  0.440000  0.000000
  -13.842  -13.842  -13.631  -13.631  -13.555  -13.555  -13.510  -13.510  -13.300  -13.300
    0.437    0.437    4.886    4.886   11.063   11.063   12.327   12.327   17.068   17.068
   18.300   18.300   20.990   20.990   21.183   21.183   23.682   23.682   25.421   25.421
   26.692   26.692   27.450   27.450   28.069   28.069
           -1.000000  0.450000  0.000000
  -13.842  -13.842  -13.631  -13.631  -13.556  -13.556  -13.510  -13.510  -13.300  -13.300
    0.438    0.438    4.881    4.881   11.138   11.138   12.244   12.244   17.069   17.069
   18.300   18.300   20.982   20.982   21.182   21.182   23.764   23.764   25.357   25.357
   26.742   26.742   27.551   27.551   28.005   28.005
           -1.000000  0.460000  0.000000
  -13.842  -13.842  -13.630  -13.630  -13.556  -13.556  -13.511  -13.511  -13.300  -13.300
    0.438    0.438    4.877    4.877   11.209   11.209   12.167   12.167   17.069   17.069
   18.301   18.301   20.975   20.975   21.180   21.180   23.838   23.838   25.296   25.296
   26.789   26.789   27.643   27.643   27.954   27.954
           -1.000000  0.470000  0.000000
  -13.842  -13.842  -13.629  -13.629  -13.556  -13.556  -13.511  -13.511  -13.300  -13.300
    0.439    0.439    4.873    4.873   11.273   11.273   12.097   12.097   17.069   17.069
   18.301   18.301   20.970   20.970   21.179   21.179   23.901   23.901   25.242   25.242
   26.831   26.831   27.715   27.715   27.928   27.928
           -1.000000  0.480000  0.000000
  -13.842  -13.842  -13.629  -13.629  -13.556  -13.556  -13.511  -13.511  -13.299  -13.299
    0.439    0.439    4.871    4.871   11.327   11.327   12.040   12.040   17.070   17.070
   18.302   18.302   20.966   20.966   21.178   21.178   23.950   23.950   25.199   25.199
   26.864   26.864   27.745   27.745   27.946   27.946
           -1.000000  0.490000  0.000000
  -13.843  -13.843  -13.629  -13.629  -13.556  -13.556  -13.511  -13.511  -13.299  -13.299
    0.439    0.439    4.869    4.869   11.364   11.364   12.001   12.001   17.070   17.070
   18.302   18.302   20.964   20.964   21.178   21.178   23.981   23.981   25.171   25.171
   26.886   26.886   27.745   27.745   27.985   27.985
           -1.000000  0.500000  0.000000
  -13.843  -13.843  -13.629  -13.629  -13.557  -13.557  -13.511  -13.511  -13.299  -13.299
    0.439    0.439    4.869    4.869   11.377   11.377   11.987   11.987   17.070   17.070
   18.302   18.302   20.963   20.963   21.178   21.178   23.992   23.992   25.161   25.161
   26.894   26.894   27.742   27.742   28.005   28.005
           -0.995000  0.505000  0.000000
  -13.843  -13.842  -13.630  -13.627  -13.557  -13.556  -13.512  -13.510  -13.300  -13.299
    0.421    0.458    4.856    4.882   11.354   11.394   11.980   12.002   17.031   17.108
   18.270   18.335   20.927   20.993   21.150   21.213   23.961   24.017   25.142   25.185
   26.856   26.928   27.710   27.772   27.969   28.033
           -0.990000  0.510000  0.000000
  -13.843  -13.842  -13.631  -13.626  -13.558  -13.555  -13.514  -13.509  -13.300  -13.299
    0.403    0.476    4.844    4.896   11.318   11.407   11.986   12.020   16.990   17.144
   18.238   18.369   20.890   21.007   21.138   21.251   23.928   24.033   25.124   25.217
   26.817   26.956   27.673   27.808   27.926   28.050
           -0.985000  0.515000  0.000000
  -13.843  -13.842  -13.633  -13.625  -13.559  -13.554  -13.515  -13.508  -13.300  -13.299
    0.385    0.493    4.832    4.911   11.272   11.419   12.002   12.042   16.949   17.178
   18.207   18.404   20.854   20.998   21.151   21.291   23.891   24.040   25.106   25.258
   26.776   26.978   27.635   27.848   27.878   28.055
           -0.980000  0.520000  0.000000
  -13.843  -13.842  -13.634  -13.624  -13.560  -13.553  -13.516  -13.507  -13.300  -13.299
    0.368    0.510    4.820    4.926   11.219   11.428   12.027   12.066   16.906   17.210
   18.178   18.439   20.818   20.973   21.182   21.332   23.852   24.039   25.089   25.307
   26.734   26.995   27.596   27.823   27.895   28.051
           -0.975000  0.525000  0.000000
  -13.843  -13.841  -13.635  -13.623  -13.561  -13.552  -13.517  -13.506  -13.301  -13.299
    0.351    0.527    4.808    4.942   11.161   11.435   12.057   12.092   16.862   17.239
   18.150   18.475   20.784   20.942   21.219   21.374   23.810   24.030   25.073   25.362
   26.690   27.007   27.558   27.766   27.943   28.041
           -0.970000  0.530000  0.000000
  -13.844  -13.841  -13.637  -13.622  -13.561  -13.551  -13.518  -13.505  -13.301  -13.298
    0.334    0.543    4.796    4.959   11.099   11.440   12.092   12.122   16.818   17.264
   18.126   18.511   20.751   20.909   21.259   21.418   23.767   24.015   25.057   25.423
   26.645   27.014   27.521   27.707   27.993   28.027
           -0.965000  0.535000  0.000000
  -13.844  -13.841  -13.638  -13.621  -13.562  -13.551  -13.518  -13.504  -13.301  -13.298
    0.318    0.559    4.785    4.977   11.035   11.443   12.130   12.153   16.772   17.286
   18.104   18.547   20.719   20.875   21.301   21.461   23.721   23.995   25.043   25.487
   26.599   27.017   27.485   27.646   28.013   28.043
           -0.960000  0.540000  0.000000
  -13.844  -13.840  -13.640  -13.620  -13.562  -13.550  -13.519  -13.502  -13.302  -13.298
    0.302    0.575    4.774    4.995   10.968   11.445   12.170   12.187   16.726   17.302
   18.087   18.584   20.688   20.842   21.344   21.506   23.673   23.970   25.029   25.555
   26.552   27.016   27.451   27.585   27.998   28.093
           -0.955000  0.545000  0.000000
  -13.844  -13.840  -13.641  -13.619  -13.563  -13.549  -13.520  -13.501  -13.302  -13.298
    0.287    0.590    4.763    5.014   10.901   11.445   12.212   12.223   16.678   17.312
   18.075   18.621   20.659   20.810   21.387   21.550   23.624   23.942   25.016   25.625
   26.504   27.012   27.417   27.524   27.985   28.143
           -0.950000  0.550000  0.000000
  -13.844  -13.840  -13.643  -13.618  -13.563  -13.548  -13.521  -13.500  -13.302  -13.298
    0.272    0.604    4.752    5.034   10.834   11.445   12.256   12.260   16.631   17.316
   18.069   18.657   20.632   20.778   21.430   21.596   23.573   23.910   25.003   25.696
   26.455   27.005   27.385   27.465   27.973   28.190
           -0.945000  0.555000  0.000000
  -13.844  -13.839  -13.644  -13.617  -13.564  -13.548  -13.522  -13.499  -13.303  -13.298
    0.257    0.618    4.742    5.054   10.765   11.443   12.299   12.300   16.582   17.314
   18.068   18.694   20.605   20.747   21.474   21.641   23.521   23.876   24.992   25.766
   26.406   26.993   27.353   27.407   27.964   28.236
           -0.940000  0.560000  0.000000
  -13.845  -13.839  -13.646  -13.616  -13.564  -13.547  -13.523  -13.497  -13.303  -13.298
    0.243    0.632    4.732    5.075   10.697   11.441   12.339   12.346   16.533   17.305
   18.073   18.731   20.581   20.718   21.518   21.687   23.468   23.841   24.980   25.835
   26.358   26.978   27.323   27.352   27.958   28.280
           -0.935000  0.565000  0.000000
  -13.845  -13.839  -13.647  -13.615  -13.565  -13.546  -13.524  -13.496  -13.303  -13.297
    0.229    0.645    4.722    5.097   10.629   11.438   12.380   12.392   16.484   17.289
   18.084   18.767   20.558   20.690   21.561   21.733   23.414   23.804   24.969   25.899
   26.312   26.958   27.294   27.301   27.956   28.323
           -0.930000  0.570000  0.000000
  -13.845  -13.838  -13.649  -13.614  -13.565  -13.546  -13.525  -13.495  -13.304  -13.297
    0.215    0.658    4.712    5.119   10.561   11.435   12.423   12.439   16.433   17.268
   18.100   18.803   20.536   20.663   21.605   21.779   23.359   23.765   24.959   25.956
   26.271   26.932   27.256   27.267   27.957   28.364
           -0.925000  0.575000  0.000000
  -13.845  -13.838  -13.650  -13.613  -13.565  -13.545  -13.526  -13.493  -13.304  -13.297
    0.202    0.670    4.703    5.141   10.494   11.431   12.466   12.486   16.383   17.241
   18.121   18.839   20.516   20.638   21.649   21.825   23.303   23.726   24.948   25.997
   26.244   26.901   27.216   27.240   27.962   28.404
           -0.920000  0.580000  0.000000
  -13.845  -13.837  -13.652  -13.613  -13.565  -13.545  -13.527  -13.492  -13.305  -13.297
    0.189    0.682    4.693    5.164   10.427   11.426   12.511   12.533   16.332   17.210
   18.145   18.874   20.498   20.614   21.692   21.871   23.248   23.687   24.938   26.010
   26.242   26.863   27.182   27.214   27.972   28.443
           -0.915000  0.585000  0.000000
  -13.845  -13.837  -13.653  -13.612  -13.566  -13.544  -13.527  -13.491  -13.305  -13.297
    0.176    0.694    4.684    5.188   10.361   11.422   12.556   12.581   16.280   17.176
   18.172   18.909   20.481   20.592   21.735   21.917   23.192   23.647   24.928   25.991
   26.267   26.820   27.154   27.189   27.987   28.481
           -0.910000  0.590000  0.000000
  -13.845  -13.836  -13.655  -13.611  -13.566  -13.543  -13.528  -13.490  -13.306  -13.297
    0.164    0.705    4.675    5.212   10.296   11.417   12.601   12.628   16.229   17.139
   18.201   18.943   20.466   20.572   21.777   21.963   23.136   23.607   24.918   25.953
   26.309   26.772   27.131   27.165   28.007   28.519
           -0.905000  0.595000  0.000000
  -13.845  -13.836  -13.656  -13.611  -13.566  -13.543  -13.529  -13.488  -13.306  -13.297
    0.152    0.715    4.667    5.236   10.231   11.412   12.648   12.676   16.176   17.099
   18.233   18.976   20.452   20.553   21.819   22.008   23.081   23.567   24.907   25.905
   26.356   26.721   27.112   27.142   28.032   28.556
           -0.900000  0.600000  0.000000
  -13.846  -13.835  -13.658  -13.610  -13.566  -13.542  -13.530  -13.487  -13.307  -13.297
    0.141    0.726    4.659    5.261   10.167   11.408   12.695   12.724   16.124   17.057
   18.265   19.009   20.440   20.536   21.860   22.052   23.026   23.528   24.897   25.853
   26.402   26.668   27.096   27.120   28.063   28.593
           -0.895000  0.605000  0.000000
  -13.846  -13.835  -13.659  -13.609  -13.566  -13.542  -13.531  -13.486  -13.307  -13.296
    0.130    0.736    4.651    5.286   10.104   11.403   12.742   12.772   16.071   17.014
   18.298   19.041   20.430   20.520   21.901   22.095   22.973   23.489   24.886   25.798
   26.446   26.613   27.082   27.099   28.099   28.629
           -0.890000  0.610000  0.000000
  -13.846  -13.834  -13.661  -13.609  -13.566  -13.542  -13.531  -13.485  -13.307  -13.296
    0.119    0.745    4.643    5.311   10.042   11.398   12.790   12.820   16.018   16.969
   18.332   19.071   20.421   20.507   21.940   22.136   22.922   23.452   24.875   25.742
   26.487   26.558   27.070   27.079   28.141   28.665
           -0.885000  0.615000  0.000000
  -13.846  -13.834  -13.662  -13.608  -13.566  -13.541  -13.532  -13.483  -13.308  -13.296
    0.109    0.754    4.635    5.336    9.981   11.393   12.839   12.867   15.965   16.924
   18.366   19.101   20.415   20.495   21.978   22.174   22.873   23.415   24.863   25.685
   26.503   26.525   27.059   27.060   28.188   28.701
           -0.880000  0.620000  0.000000
  -13.846  -13.833  -13.664  -13.607  -13.566  -13.541  -13.533  -13.482  -13.308  -13.296
    0.099    0.763    4.628    5.362    9.922   11.388   12.887   12.914   15.911   16.878
   18.400   19.130   20.409   20.486   22.015   22.209   22.829   23.381   24.851   25.628
   26.448   26.558   27.041   27.050   28.240   28.737
           -0.875000  0.625000  0.000000
  -13.846  -13.833  -13.665  -13.607  -13.566  -13.540  -13.534  -13.481  -13.309  -13.296
    0.090    0.771    4.621    5.387    9.863   11.383   12.937   12.961   15.857   16.832
   18.434   19.157   20.406   20.478   22.050   22.237   22.790   23.348   24.838   25.570
   26.394   26.588   27.023   27.041   28.297   28.772
           -0.870000  0.630000  0.000000
  -13.846  -13.833  -13.667  -13.606  -13.566  -13.540  -13.534  -13.480  -13.309  -13.296
    0.080    0.779    4.614    5.413    9.806   11.378   12.986   13.008   15.804   16.785
   18.467   19.183   20.404   20.473   22.082   22.258   22.759   23.318   24.825   25.512
   26.340   26.614   27.006   27.033   28.358   28.807
           -0.865000  0.635000  0.000000
  -13.846  -13.832  -13.668  -13.606  -13.566  -13.540  -13.535  -13.478  -13.310  -13.296
    0.072    0.786    4.608    5.438    9.750   11.374   13.036   13.054   15.750   16.739
   18.500   19.207   20.404   20.469   22.113   22.268   22.740   23.290   24.811   25.454
   26.288   26.636   26.990   27.025   28.423   28.842
           -0.860000  0.640000  0.000000
  -13.846  -13.832  -13.669  -13.605  -13.566  -13.539  -13.536  -13.477  -13.310  -13.296
    0.063    0.794    4.602    5.464    9.696   11.369   13.086   13.100   15.696   16.692
   18.533   19.230   20.406   20.468   22.140   22.265   22.733   23.265   24.796   25.396
   26.237   26.655   26.975   27.018   28.491   28.877
           -0.855000  0.645000  0.000000
  -13.846  -13.831  -13.671  -13.605  -13.566  -13.539  -13.536  -13.476  -13.311  -13.296
    0.055    0.800    4.596    5.489    9.643   11.365   13.136   13.145   15.642   16.646
   18.564   19.251   20.410   20.469   22.165   22.250   22.739   23.244   24.781   25.339
   26.187   26.671   26.961   27.012   28.562   28.911
           -0.850000  0.650000  0.000000
  -13.846  -13.831  -13.672  -13.605  -13.566  -13.539  -13.537  -13.475  -13.311  -13.296
    0.047    0.807    4.590    5.514    9.591   11.360   13.186   13.189   15.588   16.600
   18.594   19.271   20.416   20.471   22.185   22.223   22.757   23.227   24.764   25.282
   26.139   26.685   26.947   27.006   28.635   28.945
           -0.845000  0.655000  0.000000
  -13.847  -13.830  -13.673  -13.604  -13.566  -13.538  -13.537  -13.474  -13.312  -13.296
    0.040    0.813    4.585    5.538    9.542   11.356   13.233   13.236   15.534   16.555
   18.624   19.289   20.423   20.476   22.189   22.202   22.783   23.215   24.746   25.225
   26.093   26.696   26.935   27.000   28.711   28.978
           -0.840000  0.660000  0.000000
  -13.847  -13.830  -13.674  -13.604  -13.566  -13.538  -13.538  -13.473  -13.312  -13.296
    0.033    0.819    4.580    5.562    9.494   11.352   13.275   13.287   15.480   16.511
   18.652   19.306   20.432   20.482   22.148   22.215   22.815   23.207   24.728   25.168
   26.049   26.705   26.923   26.995   28.787   29.011
           -0.835000  0.665000  0.000000
  -13.847  -13.829  -13.676  -13.603  -13.566  -13.539  -13.538  -13.472  -13.313  -13.296
    0.027    0.824    4.575    5.586    9.448   11.349   13.317   13.337   15.427   16.467
   18.679   19.321   20.443   20.490   22.104   22.224   22.851   23.203   24.709   25.113
   26.007   26.713   26.913   26.990   28.864   29.043
           -0.830000  0.670000  0.000000
  -13.847  -13.829  -13.677  -13.603  -13.566  -13.539  -13.538  -13.471  -13.313  -13.296
    0.021    0.829    4.570    5.609    9.404   11.345   13.358   13.387   15.374   16.425
   18.704   19.335   20.455   20.499   22.058   22.228   22.890   23.205   24.688   25.058
   25.967   26.719   26.903   26.985   28.941   29.074
           -0.825000  0.675000  0.000000
  -13.847  -13.828  -13.678  -13.603  -13.566  -13.540  -13.537  -13.470  -13.313  -13.295
    0.015    0.834    4.566    5.631    9.361   11.342   13.397   13.437   15.321   16.383
   18.728   19.347   20.470   20.510   22.010   22.229   22.930   23.211   24.667   25.004
   25.930   26.723   26.894   26.981   29.019   29.105
           -0.820000  0.680000  0.000000
  -13.847  -13.828  -13.679  -13.602  -13.565  -13.540  -13.537  -13.469  -13.314  -13.295
    0.009    0.838    4.562    5.652    9.321   11.338   13.435   13.487   15.268   16.343
   18.751   19.358   20.485   20.522   21.962   22.226   22.971   23.222   24.644   24.951
   25.894   26.726   26.886   26.977   29.095   29.135
           -0.815000  0.685000  0.000000
  -13.847  -13.828  -13.680  -13.602  -13.565  -13.541  -13.537  -13.469  -13.314  -13.295
    0.004    0.842    4.558    5.673    9.283   11.335   13.471   13.536   15.217   16.305
   18.772   19.368   20.502   20.535   21.913   22.220   23.012   23.236   24.621   24.899
   25.862   26.728   26.879   26.973   29.163   29.170
           -0.810000  0.690000  0.000000
  -13.847  -13.827  -13.680  -13.602  -13.565  -13.541  -13.537  -13.468  -13.314  -13.295
   -0.000    0.846    4.555    5.692    9.248   11.333   13.506   13.585   15.166   16.269
   18.792   19.376   20.521   20.548   21.866   22.211   23.053   23.253   24.598   24.849
   25.831   26.730   26.872   26.969   29.190   29.243
           -0.805000  0.695000  0.000000
  -13.847  -13.827  -13.681  -13.602  -13.565  -13.542  -13.537  -13.467  -13.315  -13.295
   -0.005    0.849    4.551    5.710    9.215   11.330   13.539   13.633   15.115   16.234
   18.810   19.384   20.540   20.562   21.819   22.200   23.093   23.273   24.574   24.800
   25.804   26.730   26.866   26.966   29.216   29.314
           -0.800000  0.700000  0.000000
  -13.847  -13.827  -13.682  -13.601  -13.565  -13.542  -13.537  -13.467  -13.315  -13.295
   -0.009    0.853    4.548    5.728    9.184   11.328   13.570   13.679   15.067   16.201
   18.826   19.390   20.560   20.576   21.773   22.188   23.132   23.295   24.550   24.753
   25.778   26.730   26.861   26.963   29.241   29.382
           -0.795000  0.705000  0.000000
  -13.847  -13.826  -13.683  -13.601  -13.565  -13.542  -13.537  -13.466  -13.315  -13.295
   -0.012    0.855    4.546    5.743    9.156   11.325   13.598   13.725   15.019   16.171
   18.841   19.396   20.581   20.590   21.730   22.174   23.170   23.319   24.526   24.708
   25.756   26.730   26.857   26.961   29.263   29.446
           -0.790000  0.710000  0.000000
  -13.847  -13.826  -13.683  -13.601  -13.565  -13.543  -13.536  -13.465  -13.316  -13.295
   -0.015    0.858    4.543    5.758    9.131   11.324   13.625   13.769   14.974   16.144
   18.854   19.400   20.602   20.603   21.688   22.161   23.206   23.343   24.502   24.666
   25.736   26.729   26.854   26.958   29.284   29.506
           -0.785000  0.715000  0.000000
  -13.847  -13.826  -13.684  -13.601  -13.565  -13.543  -13.536  -13.465  -13.316  -13.295
   -0.018    0.860    4.541    5.771    9.108   11.322   13.648   13.811   14.930   16.119
   18.866   19.404   20.616   20.622   21.650   22.148   23.239   23.366   24.480   24.627
   25.718   26.728   26.850   26.956   29.303   29.561
           -0.780000  0.720000  0.000000
  -13.847  -13.826  -13.684  -13.601  -13.564  -13.543  -13.536  -13.465  -13.316  -13.295
   -0.021    0.862    4.539    5.782    9.088   11.320   13.669   13.850   14.890   16.096
   18.876   19.407   20.628   20.642   21.614   22.135   23.270   23.389   24.458   24.591
   25.703   26.727   26.848   26.955   29.320   29.611
           -0.775000  0.725000  0.000000
  -13.847  -13.826  -13.685  -13.601  -13.564  -13.543  -13.536  -13.464  -13.316  -13.295
   -0.023    0.864    4.538    5.792    9.071   11.319   13.687   13.886   14.853   16.077
   18.884   19.410   20.638   20.660   21.582   22.124   23.297   23.410   24.439   24.560
   25.690   26.727   26.846   26.953   29.334   29.654
           -0.770000  0.730000  0.000000
  -13.847  -13.825  -13.685  -13.601  -13.564  -13.544  -13.536  -13.464  -13.316  -13.295
   -0.024    0.865    4.537    5.800    9.057   11.318   13.702   13.917   14.821   16.062
   18.891   19.412   20.647   20.676   21.555   22.114   23.320   23.429   24.422   24.532
   25.679   26.726   26.844   26.952   29.346   29.690
           -0.765000  0.735000  0.000000
  -13.847  -13.825  -13.685  -13.601  -13.564  -13.544  -13.536  -13.464  -13.316  -13.295
   -0.026    0.866    4.536    5.807    9.047   11.317   13.714   13.943   14.794   16.049
   18.897   19.413   20.654   20.690   21.532   22.107   23.338   23.444   24.409   24.511
   25.671   26.725   26.843   26.951   29.355   29.719
           -0.760000  0.740000  0.000000
  -13.847  -13.825  -13.686  -13.600  -13.564  -13.544  -13.536  -13.464  -13.317  -13.295
   -0.027    0.867    4.535    5.811    9.039   11.317   13.723   13.963   14.773   16.040
   18.901   19.414   20.659   20.700   21.516   22.101   23.352   23.456   24.398   24.495
   25.666   26.724   26.842   26.950   29.362   29.741
           -0.755000  0.745000  0.000000
  -13.847  -13.825  -13.686  -13.600  -13.564  -13.544  -13.536  -13.463  -13.317  -13.295
   -0.027    0.867    4.534    5.814    9.034   11.316   13.728   13.976   14.761   16.035
   18.903   19.415   20.662   20.707   21.506   22.097   23.361   23.463   24.392   24.485
   25.662   26.724   26.841   26.950   29.366   29.753
           -0.750000  0.750000  0.000000
  -13.847  -13.825  -13.686  -13.600  -13.564  -13.544  -13.536  -13.463  -13.317  -13.295
   -0.027    0.867    4.534    5.815    9.032   11.316   13.730   13.980   14.757   16.033
   18.904   19.415   20.663   20.709   21.502   22.096   23.363   23.465   24.390   24.481
   25.661   26.724   26.841   26.950   29.368   29.758
           -0.735000  0.735000  0.000000
  -13.848  -13.825  -13.686  -13.592  -13.566  -13.551  -13.535  -13.463  -13.317  -13.295
   -0.083    0.928    4.501    5.858    9.064   11.549   13.601   13.842   14.604   15.902
   18.919   19.292   20.690   20.800   21.644   22.266   23.327   23.623   24.517   24.544
   25.558   26.420   27.082   27.166   29.063   29.714
           -0.720000  0.720000  0.000000
  -13.848  -13.825  -13.686  -13.584  -13.568  -13.559  -13.533  -13.463  -13.317  -13.294
   -0.141    0.991    4.476    5.903    9.097   11.783   13.475   13.705   14.459   15.775
   18.911   19.164   20.691   20.934   21.781   22.431   23.245   23.790   24.616   24.652
   25.511   26.119   27.333   27.392   28.762   29.668
           -0.705000  0.705000  0.000000
  -13.849  -13.825  -13.686  -13.576  -13.571  -13.566  -13.532  -13.463  -13.317  -13.294
   -0.203    1.059    4.457    5.950    9.130   12.015   13.354   13.569   14.321   15.652
   18.881   19.035   20.707   21.067   21.912   22.584   23.119   23.968   24.698   24.791
   25.522   25.830   27.586   27.625   28.466   29.618
           -0.690000  0.690000  0.000000
  -13.849  -13.825  -13.686  -13.574  -13.573  -13.568  -13.530  -13.463  -13.317  -13.294
   -0.268    1.129    4.447    5.999    9.164   12.242   13.236   13.435   14.195   15.533
   18.832   18.905   20.733   21.197   22.039   22.719   22.959   24.155   24.794   24.933
   25.560   25.585   27.840   27.862   28.178   29.567
           -0.675000  0.675000  0.000000
  -13.849  -13.825  -13.687  -13.581  -13.575  -13.560  -13.528  -13.463  -13.317  -13.294
   -0.336    1.204    4.443    6.050    9.198   12.458   13.123   13.302   14.087   15.417
   18.767   18.776   20.761   21.326   22.161   22.782   22.823   24.351   24.904   25.074
   25.315   25.689   27.903   28.096   28.103   29.513
           -0.660000  0.660000  0.000000
  -13.848  -13.825  -13.687  -13.588  -13.578  -13.551  -13.526  -13.463  -13.317  -13.295
   -0.406    1.282    4.448    6.102    9.232   12.650   13.015   13.171   14.006   15.305
   18.650   18.689   20.782   21.453   22.278   22.602   22.887   24.556   25.029   25.106
   25.206   25.826   27.647   28.347   28.353   29.457
           -0.645000  0.645000  0.000000
  -13.848  -13.825  -13.688  -13.595  -13.580  -13.543  -13.524  -13.463  -13.317  -13.296
   -0.479    1.363    4.459    6.157    9.265   12.802   12.912   13.041   13.971   15.198
   18.525   18.602   20.783   21.579   22.392   22.438   22.898   24.769   24.935   25.178
   25.318   25.987   27.422   28.594   28.611   29.192
           -0.630000  0.630000  0.000000
  -13.847  -13.824  -13.688  -13.602  -13.583  -13.535  -13.522  -13.463  -13.318  -13.297
   -0.554    1.448    4.477    6.212    9.298   12.815   12.890   12.914   14.003   15.095
   18.404   18.506   20.750   21.705   22.308   22.503   22.848   24.819   24.990   25.343
   25.392   26.166   27.245   28.838   28.868   28.871
           -0.615000  0.615000  0.000000
  -13.846  -13.824  -13.689  -13.608  -13.586  -13.527  -13.520  -13.463  -13.318  -13.298
   -0.630    1.536    4.503    6.269    9.330   12.723   12.789   12.907   14.110   14.996
   18.288   18.405   20.671   21.829   22.225   22.611   22.738   24.753   25.218   25.408
   25.527   26.355   27.137   28.548   29.095   29.126
           -0.600000  0.600000  0.000000
  -13.845  -13.824  -13.691  -13.615  -13.589  -13.519  -13.518  -13.462  -13.318  -13.300
   -0.708    1.628    4.534    6.328    9.360   12.637   12.666   12.867   14.275   14.901
   18.177   18.299   20.543   21.954   22.194   22.578   22.716   24.730   25.347   25.453
   25.728   26.547   27.115   28.245   29.215   29.348
           -0.585000  0.585000  0.000000
  -13.843  -13.823  -13.692  -13.621  -13.592  -13.516  -13.511  -13.462  -13.319  -13.302
   -0.787    1.723    4.573    6.387    9.389   12.545   12.558   12.793   14.476   14.811
   18.074   18.188   20.374   22.078   22.209   22.379   22.819   24.739   25.214   25.694
   25.946   26.726   27.176   27.970   29.151   29.602
           -0.570000  0.570000  0.000000
  -13.842  -13.823  -13.694  -13.626  -13.595  -13.514  -13.504  -13.461  -13.319  -13.304
   -0.867    1.821    4.617    6.448    9.415   12.426   12.486   12.700   14.693   14.726
   17.979   18.072   20.175   22.155   22.203   22.261   22.921   24.770   25.025   25.941
   26.176   26.850   27.301   27.763   29.087   29.858
           -0.555000  0.555000  0.000000
  -13.840  -13.823  -13.696  -13.631  -13.598  -13.511  -13.496  -13.461  -13.320  -13.306
   -0.947    1.924    4.667    6.510    9.438   12.310   12.421   12.597   14.645   14.916
   17.895   17.952   19.958   21.916   22.329   22.339   23.022   24.801   24.814   26.194
   26.418   26.834   27.471   27.709   29.023   30.114
           -0.540000  0.540000  0.000000
  -13.838  -13.822  -13.698  -13.636  -13.601  -13.509  -13.489  -13.460  -13.320  -13.308
   -1.027    2.029    4.723    6.572    9.458   12.197   12.363   12.489   14.570   15.135
   17.826   17.827   19.733   21.668   22.434   22.455   23.121   24.556   24.869   26.451
   26.659   26.669   27.670   27.825   28.958   30.371
           -0.525000  0.525000  0.000000
  -13.836  -13.822  -13.701  -13.641  -13.604  -13.506  -13.482  -13.459  -13.321  -13.311
   -1.107    2.138    4.785    6.635    9.475   12.086   12.313   12.379   14.500   15.342
   17.697   17.778   19.506   21.416   22.543   22.582   23.219   24.298   24.929   26.408
   26.713   26.928   27.890   28.028   28.894   30.597
           -0.510000  0.510000  0.000000
  -13.834  -13.821  -13.704  -13.645  -13.607  -13.504  -13.475  -13.458  -13.322  -13.313
   -1.187    2.250    4.851    6.698    9.487   11.978   12.268   12.270   14.435   15.528
   17.560   17.755   19.282   21.164   22.660   22.711   23.316   24.036   24.995   26.130
   26.978   27.194   28.125   28.268   28.832   30.807
           -0.495000  0.495000  0.000000
  -13.832  -13.820  -13.707  -13.648  -13.611  -13.501  -13.470  -13.456  -13.322  -13.316
   -1.266    2.366    4.923    6.761    9.495   11.872   12.159   12.235   14.375   15.684
   17.416   17.766   19.065   20.916   22.785   22.840   23.405   23.777   25.064   25.843
   27.246   27.464   28.372   28.527   28.772   30.992
           -0.480000  0.480000  0.000000
  -13.829  -13.819  -13.711  -13.651  -13.614  -13.498  -13.465  -13.453  -13.323  -13.319
   -1.344    2.485    4.999    6.825    9.499   11.769   12.050   12.208   14.321   15.801
   17.264   17.816   18.859   20.673   22.915   22.971   23.415   23.594   25.136   25.554
   27.515   27.740   28.627   28.715   28.798   31.143
           -0.465000  0.465000  0.000000
  -13.827  -13.819  -13.715  -13.654  -13.617  -13.495  -13.461  -13.449  -13.324  -13.322
   -1.422    2.607    5.080    6.889    9.498   11.669   11.944   12.188   14.272   15.875
   17.102   17.908   18.664   20.441   23.047   23.104   23.193   23.645   25.211   25.268
   27.780   28.018   28.668   28.891   29.077   31.253
           -0.450000  0.450000  0.000000
  -13.824  -13.818  -13.719  -13.657  -13.621  -13.492  -13.459  -13.444  -13.326  -13.325
   -1.498    2.733    5.165    6.952    9.493   11.572   11.840   12.174   14.230   15.906
   16.933   18.034   18.483   20.224   22.929   23.180   23.238   23.738   24.988   25.288
   28.029   28.299   28.641   29.161   29.362   31.320
           -0.435000  0.435000  0.000000
  -13.822  -13.817  -13.722  -13.659  -13.624  -13.489  -13.457  -13.439  -13.329  -13.326
   -1.573    2.862    5.254    7.015    9.483   11.477   11.738   12.167   14.193   15.901
   16.755   18.181   18.317   20.031   22.661   23.309   23.374   23.838   24.717   25.367
   28.220   28.580   28.677   29.436   29.651   31.353
           -0.420000  0.420000  0.000000
  -13.819  -13.816  -13.726  -13.662  -13.628  -13.486  -13.456  -13.434  -13.332  -13.327
   -1.646    2.994    5.346    7.077    9.469   11.386   11.638   12.164   14.163   15.866
   16.572   18.165   18.326   19.878   22.392   23.425   23.511   23.939   24.467   25.449
   28.294   28.835   28.861   29.716   29.945   31.363
           -0.405000  0.405000  0.000000
  -13.817  -13.815  -13.730  -13.664  -13.632  -13.483  -13.454  -13.428  -13.336  -13.328
   -1.718    3.129    5.443    7.138    9.451   11.298   11.541   12.165   14.139   15.809
   16.384   18.027   18.435   19.792   22.126   23.502   23.650   24.042   24.263   25.533
   28.286   29.081   29.140   30.000   30.241   31.359
           -0.390000  0.390000  0.000000
  -13.814  -13.813  -13.734  -13.666  -13.635  -13.480  -13.452  -13.423  -13.339  -13.330
   -1.788    3.268    5.543    7.199    9.429   11.212   11.447   12.167   14.121   15.735
   16.195   17.901   18.474   19.803   21.861   23.481   23.791   24.147   24.164   25.618
   28.250   29.359   29.414   30.287   30.539   31.351
           -0.375000  0.375000  0.000000
  -13.812  -13.811  -13.738  -13.668  -13.639  -13.477  -13.451  -13.419  -13.342  -13.331
   -1.856    3.409    5.646    7.258    9.404   11.129   11.356   12.170   14.110   15.648
   16.008   17.786   18.429   19.919   21.598   23.334   23.933   24.197   24.253   25.706
   28.205   29.650   29.677   30.576   30.839   31.347
           -0.360000  0.360000  0.000000
  -13.811  -13.809  -13.741  -13.670  -13.643  -13.474  -13.449  -13.414  -13.346  -13.333
   -1.922    3.554    5.752    7.315    9.376   11.050   11.268   12.170   14.106   15.551
   15.827   17.680   18.323   20.115   21.338   23.117   24.077   24.307   24.360   25.795
   28.159   29.924   29.948   30.867   31.138   31.356
           -0.345000  0.345000  0.000000
  -13.809  -13.806  -13.745  -13.672  -13.646  -13.470  -13.447  -13.410  -13.349  -13.334
   -1.986    3.701    5.861    7.372    9.346   10.974   11.183   12.167   14.108   15.445
   15.654   17.583   18.185   20.362   21.080   22.876   24.222   24.448   24.468   25.886
   28.112   30.141   30.251   31.156   31.391   31.436
           -0.330000  0.330000  0.000000
  -13.808  -13.804  -13.748  -13.674  -13.650  -13.467  -13.445  -13.406  -13.353  -13.336
   -2.047    3.852    5.972    7.426    9.313   10.900   11.101   12.155   14.118   15.332
   15.493   17.493   18.034   20.639   20.825   22.626   24.369   24.578   24.605   25.979
   28.067   30.314   30.557   31.438   31.468   31.731
           -0.315000  0.315000  0.000000
  -13.806  -13.801  -13.751  -13.676  -13.654  -13.464  -13.443  -13.402  -13.356  -13.337
   -2.107    4.006    6.085    7.479    9.278   10.830   11.022   12.134   14.135   15.213
   15.348   17.409   17.879   20.573   20.935   22.375   24.517   24.689   24.771   26.074
   28.024   30.431   30.865   31.599   31.703   32.019
           -0.300000  0.300000  0.000000
  -13.805  -13.799  -13.754  -13.678  -13.657  -13.460  -13.441  -13.399  -13.359  -13.339
   -2.164    4.162    6.201    7.529    9.242   10.763   10.945   12.100   14.159   15.088
   15.222   17.331   17.727   20.325   21.244   22.125   24.665   24.800   24.943   26.170
   27.983   30.493   31.173   31.782   31.916   32.295
           -0.285000  0.285000  0.000000
  -13.803  -13.796  -13.757  -13.680  -13.661  -13.457  -13.439  -13.396  -13.363  -13.341
   -2.218    4.321    6.318    7.578    9.204   10.699   10.872   12.051   14.190   14.958
   15.118   17.258   17.580   20.079   21.562   21.878   24.814   24.913   25.119   26.268
   27.946   30.512   31.480   32.001   32.005   32.549
           -0.270000  0.270000  0.000000
  -13.801  -13.794  -13.759  -13.682  -13.665  -13.453  -13.436  -13.393  -13.366  -13.343
   -2.270    4.483    6.436    7.624    9.165   10.638   10.802   11.985   14.228   14.824
   15.038   17.190   17.441   19.837   21.635   21.887   24.963   25.026   25.300   26.367
   27.913   30.504   31.779   31.932   32.250   32.754
           -0.255000  0.255000  0.000000
  -13.800  -13.792  -13.761  -13.685  -13.668  -13.450  -13.434  -13.391  -13.369  -13.345
   -2.320    4.647    6.556    7.668    9.125   10.580   10.735   11.901   14.274   14.687
   14.982   17.126   17.310   19.598   21.396   22.216   25.112   25.140   25.484   26.468
   27.884   30.478   31.789   32.057   32.507   32.861
           -0.240000  0.240000  0.000000
  -13.798  -13.789  -13.763  -13.687  -13.672  -13.446  -13.431  -13.388  -13.372  -13.347
   -2.367    4.813    6.675    7.709    9.084   10.526   10.671   11.801   14.327   14.547
   14.951   17.065   17.188   19.363   21.162   22.549   25.255   25.260   25.671   26.571
   27.860   30.441   31.621   32.272   32.762   32.828
           -0.225000  0.225000  0.000000
  -13.796  -13.787  -13.765  -13.689  -13.676  -13.443  -13.429  -13.386  -13.374  -13.349
   -2.411    4.982    6.795    7.748    9.041   10.475   10.610   11.685   14.388   14.406
   14.943   17.008   17.076   19.132   20.934   22.884   25.369   25.406   25.861   26.674
   27.842   30.396   31.445   32.328   32.688   32.995
           -0.210000  0.210000  0.000000
  -13.794  -13.786  -13.766  -13.691  -13.679  -13.439  -13.426  -13.385  -13.377  -13.351
   -2.453    5.152    6.914    7.784    8.996   10.427   10.553   11.556   14.264   14.456
   14.957   16.954   16.973   18.904   20.712   23.221   25.484   25.549   26.054   26.779
   27.831   30.346   31.268   32.212   32.494   33.126
           -0.195000  0.195000  0.000000
  -13.792  -13.784  -13.768  -13.693  -13.683  -13.436  -13.424  -13.384  -13.379  -13.354
   -2.492    5.325    7.033    7.818    8.949   10.382   10.498   11.418   14.122   14.531
   14.989   16.879   16.902   18.680   20.497   23.557   25.598   25.689   26.249   26.886
   27.827   30.293   31.092   32.024   32.277   33.020
           -0.180000  0.180000  0.000000
  -13.790  -13.782  -13.769  -13.696  -13.686  -13.432  -13.421  -13.383  -13.382  -13.356
   -2.528    5.499    7.149    7.849    8.900   10.341   10.446   11.273   13.983   14.613
   15.037   16.794   16.852   18.460   20.289   23.892   25.711   25.824   26.447   26.994
   27.832   30.237   30.921   31.813   32.048   32.798
           -0.165000  0.165000  0.000000
  -13.788  -13.781  -13.770  -13.698  -13.690  -13.429  -13.418  -13.384  -13.382  -13.359
   -2.561    5.674    7.263    7.878    8.848   10.302   10.397   11.125   13.847   14.702
   15.099   16.717   16.804   18.244   20.089   24.224   25.822   25.951   26.646   27.103
   27.847   30.179   30.754   31.595   31.814   32.542
           -0.150000  0.150000  0.000000
  -13.786  -13.779  -13.770  -13.700  -13.693  -13.425  -13.416  -13.386  -13.381  -13.361
   -2.592    5.850    7.374    7.904    8.791   10.268   10.351   10.976   13.716   14.798
   15.172   16.648   16.758   18.032   19.898   24.552   25.932   26.071   26.848   27.216
   27.873   30.122   30.594   31.376   31.578   32.269
           -0.135000  0.135000  0.000000
  -13.784  -13.778  -13.771  -13.702  -13.696  -13.422  -13.413  -13.388  -13.381  -13.364
   -2.619    6.026    7.480    7.927    8.730   10.236   10.308   10.831   13.590   14.901
   15.253   16.587   16.712   17.825   19.718   24.872   26.037   26.180   27.051   27.331
   27.913   30.064   30.441   31.159   31.342   31.985
           -0.120000  0.120000  0.000000
  -13.782  -13.777  -13.771  -13.704  -13.699  -13.418  -13.410  -13.389  -13.381  -13.366
   -2.644    6.202    7.581    7.948    8.662   10.208   10.269   10.692   13.473   15.010
   15.341   16.534   16.667   17.622   19.549   25.182   26.139   26.277   27.255   27.451
   27.966   30.008   30.297   30.946   31.107   31.692
           -0.105000  0.105000  0.000000
  -13.780  -13.776  -13.772  -13.705  -13.701  -13.415  -13.408  -13.391  -13.381  -13.369
   -2.666    6.377    7.675    7.966    8.588   10.183   10.233   10.563   13.364   15.125
   15.433   16.487   16.622   17.425   19.393   25.477   26.235   26.362   27.459   27.577
   28.033   29.953   30.163   30.739   30.874   31.394
           -0.090000  0.090000  0.000000
  -13.778  -13.775  -13.772  -13.707  -13.704  -13.412  -13.405  -13.392  -13.382  -13.372
   -2.685    6.550    7.760    7.982    8.506   10.161   10.200   10.445   13.267   15.247
   15.527   16.448   16.576   17.232   19.252   25.752   26.324   26.433   27.662   27.712
   28.114   29.902   30.041   30.539   30.646   31.094
           -0.075000  0.075000  0.000000
  -13.776  -13.774  -13.772  -13.708  -13.706  -13.408  -13.403  -13.393  -13.383  -13.375
   -2.701    6.718    7.837    7.995    8.416   10.143   10.171   10.343   13.181   15.373
   15.621   16.414   16.529   17.045   19.128   26.000   26.405   26.490   27.859   27.863
   28.204   29.855   29.933   30.349   30.423   30.794
           -0.060000  0.060000  0.000000
  -13.775  -13.773  -13.772  -13.710  -13.708  -13.405  -13.401  -13.394  -13.383  -13.378
   -2.714    6.880    7.902    8.006    8.320   10.128   10.147   10.257   13.108   15.505
   15.712   16.387   16.481   16.865   19.022   26.213   26.474   26.535   28.020   28.058
   28.302   29.814   29.840   30.172   30.210   30.500
           -0.045000  0.045000  0.000000
  -13.774  -13.773  -13.772  -13.710  -13.710  -13.402  -13.399  -13.395  -13.384  -13.380
   -2.725    7.030    7.954    8.014    8.221   10.116   10.127   10.189   13.051   15.638
   15.797   16.367   16.433   16.693   18.937   26.384   26.531   26.568   28.192   28.243
   28.399   29.765   29.779   30.011   30.015   30.220
           -0.030000  0.030000  0.000000
  -13.773  -13.773  -13.772  -13.711  -13.711  -13.399  -13.397  -13.395  -13.385  -13.383
   -2.732    7.161    7.993    8.020    8.127   10.108   10.113   10.140   13.008   15.770
   15.870   16.352   16.388   16.534   18.874   26.509   26.574   26.591   28.365   28.405
   28.486   29.710   29.749   29.839   29.886   29.972
           -0.015000  0.015000  0.000000
  -13.772  -13.772  -13.772  -13.712  -13.712  -13.397  -13.396  -13.395  -13.386  -13.385
   -2.736    7.257    8.017    8.023    8.054   10.103   10.104   10.111   12.983   15.886
   15.922   16.343   16.354   16.401   18.836   26.584   26.600   26.605   28.510   28.525
   28.548   29.676   29.709   29.713   29.799   29.804
            0.000000  0.000000  0.000000
  -13.772  -13.772  -13.772  -13.712  -13.712  -13.395  -13.395  -13.395  -13.386  -13.386
   -2.738    7.293    8.025    8.025    8.025   10.101   10.101   10.101   12.974   15.942
   15.942   16.340   16.340   16.340   18.823   26.609   26.609   26.609   28.572   28.572
   28.572   29.664   29.664   29.664   29.767   29.767
           -0.010000  0.010000  0.010000
  -13.772  -13.772  -13.772  -13.712  -13.712  -13.396  -13.396  -13.395  -13.386  -13.386
   -2.737    7.268    8.022    8.022    8.043   10.104   10.104   10.105   12.980   15.915
   15.915   16.335   16.370   16.370   18.832   26.596   26.596   26.610   28.524   28.551
   28.551   29.680   29.680   29.707   29.789   29.789
           -0.020000  0.020000  0.020000
  -13.773  -13.773  -13.772  -13.711  -13.711  -13.397  -13.397  -13.396  -13.385  -13.385
   -2.734    7.201    8.015    8.015    8.091   10.113   10.113   10.116   12.997   15.852
   15.852   16.320   16.443   16.443   18.857   26.556   26.556   26.612   28.399   28.498
   28.498   29.700   29.700   29.817   29.872   29.872
           -0.030000  0.030000  0.030000
  -13.773  -13.773  -13.772  -13.711  -13.711  -13.399  -13.399  -13.396  -13.383  -13.383
   -2.729    7.104    8.004    8.004    8.155   10.127   10.127   10.136   13.025   15.774
   15.774   16.295   16.539   16.539   18.899   26.491   26.491   26.615   28.227   28.429
   28.429   29.711   29.711   29.965   30.012   30.012
           -0.040000  0.040000  0.040000
  -13.774  -13.774  -13.772  -13.710  -13.710  -13.401  -13.401  -13.396  -13.381  -13.381
   -2.722    6.988    7.989    7.989    8.225   10.147   10.147   10.165   13.065   15.689
   15.689   16.263   16.646   16.646   18.956   26.401   26.401   26.620   28.028   28.359
   28.359   29.719   29.719   30.130   30.190   30.190
           -0.050000  0.050000  0.050000
  -13.775  -13.775  -13.772  -13.709  -13.709  -13.403  -13.403  -13.396  -13.380  -13.380
   -2.713    6.860    7.969    7.969    8.292   10.171   10.171   10.203   13.114   15.605
   15.605   16.223   16.761   16.761   19.027   26.287   26.287   26.626   27.813   28.295
   28.295   29.727   29.727   30.300   30.391   30.391
           -0.060000  0.060000  0.060000
  -13.775  -13.775  -13.771  -13.707  -13.707  -13.405  -13.405  -13.397  -13.378  -13.378
   -2.703    6.724    7.946    7.946    8.354   10.201   10.201   10.251   13.173   15.522
   15.522   16.178   16.882   16.882   19.110   26.152   26.152   26.634   27.588   28.243
   28.243   29.735   29.735   30.470   30.608   30.608
           -0.070000  0.070000  0.070000
  -13.777  -13.777  -13.771  -13.706  -13.706  -13.407  -13.407  -13.397  -13.376  -13.376
   -2.690    6.582    7.920    7.920    8.408   10.234   10.234   10.309   13.241   15.441
   15.441   16.129   17.007   17.007   19.205   25.999   25.999   26.643   27.357   28.203
   28.203   29.744   29.744   30.636   30.838   30.838
           -0.080000  0.080000  0.080000
  -13.778  -13.778  -13.771  -13.704  -13.704  -13.409  -13.409  -13.398  -13.374  -13.374
   -2.675    6.436    7.892    7.892    8.452   10.271   10.271   10.378   13.317   15.364
   15.364   16.078   17.136   17.136   19.310   25.831   25.831   26.654   27.121   28.174
   28.174   29.755   29.755   30.795   31.076   31.076
           -0.090000  0.090000  0.090000
  -13.779  -13.779  -13.770  -13.703  -13.703  -13.411  -13.411  -13.398  -13.372  -13.372
   -2.659    6.288    7.860    7.860    8.485   10.311   10.311   10.456   13.401   15.290
   15.290   16.027   17.268   17.268   19.425   25.651   25.651   26.666   26.882   28.157
   28.157   29.766   29.766   30.945   31.321   31.321
           -0.100000  0.100000  0.100000
  -13.780  -13.780  -13.770  -13.701  -13.701  -13.413  -13.413  -13.399  -13.371  -13.371
   -2.640    6.137    7.827    7.827    8.510   10.354   10.354   10.545   13.490   15.221
   15.221   15.976   17.404   17.404   19.547   25.461   25.461   26.641   26.679   28.148
   28.148   29.779   29.779   31.087   31.572   31.572
           -0.110000  0.110000  0.110000
  -13.781  -13.781  -13.769  -13.699  -13.699  -13.415  -13.415  -13.399  -13.369  -13.369
   -2.620    5.985    7.792    7.792    8.525   10.399   10.399   10.641   13.584   15.156
   15.156   15.928   17.542   17.542   19.677   25.264   25.264   26.399   26.693   28.147
   28.147   29.793   29.793   31.219   31.828   31.828
           -0.120000  0.120000  0.120000
  -13.783  -13.783  -13.769  -13.697  -13.697  -13.417  -13.417  -13.400  -13.367  -13.367
   -2.598    5.832    7.756    7.756    8.532   10.446   10.446   10.746   13.680   15.095
   15.095   15.885   17.684   17.684   19.813   25.062   25.062   26.156   26.709   28.153
   28.153   29.808   29.808   31.341   32.087   32.087
           -0.130000  0.130000  0.130000
  -13.784  -13.784  -13.768  -13.695  -13.695  -13.419  -13.419  -13.401  -13.366  -13.366
   -2.573    5.678    7.718    7.718    8.533   10.494   10.494   10.857   13.778   15.040
   15.040   15.847   17.828   17.828   19.956   24.855   24.855   25.913   26.726   28.164
   28.164   29.824   29.824   31.452   32.348   32.348
           -0.140000  0.140000  0.140000
  -13.785  -13.785  -13.768  -13.693  -13.693  -13.421  -13.421  -13.402  -13.364  -13.364
   -2.547    5.524    7.680    7.680    8.527   10.542   10.542   10.974   13.875   14.990
   14.990   15.819   17.975   17.975   20.104   24.646   24.646   25.670   26.744   28.181
   28.181   29.841   29.841   31.553   32.610   32.610
           -0.150000  0.150000  0.150000
  -13.787  -13.787  -13.767  -13.691  -13.691  -13.423  -13.423  -13.402  -13.362  -13.362
   -2.520    5.370    7.641    7.641    8.516   10.591   10.591   11.096   13.967   14.946
   14.946   15.801   18.125   18.125   20.258   24.434   24.434   25.427   26.763   28.202
   28.202   29.859   29.859   31.642   32.868   32.868
           -0.160000  0.160000  0.160000
  -13.788  -13.788  -13.766  -13.689  -13.689  -13.425  -13.425  -13.403  -13.361  -13.361
   -2.490    5.216    7.602    7.602    8.502   10.639   10.639   11.223   14.053   14.907
   14.907   15.798   18.277   18.277   20.416   24.221   24.221   25.185   26.784   28.227
   28.227   29.878   29.878   31.719   33.106   33.106
           -0.170000  0.170000  0.170000
  -13.789  -13.789  -13.766  -13.687  -13.687  -13.427  -13.427  -13.404  -13.359  -13.359
   -2.458    5.063    7.563    7.563    8.484   10.687   10.687   11.352   14.128   14.874
   14.874   15.811   18.431   18.431   20.579   24.007   24.007   24.945   26.805   28.256
   28.256   29.898   29.898   31.783   33.233   33.233
           -0.180000  0.180000  0.180000
  -13.791  -13.791  -13.765  -13.685  -13.685  -13.429  -13.429  -13.405  -13.358  -13.358
   -2.425    4.911    7.524    7.524    8.464   10.734   10.734   11.485   14.191   14.848
   14.848   15.843   18.589   18.589   20.745   23.793   23.793   24.706   26.828   28.288
   28.288   29.919   29.919   31.830   33.094   33.094
           -0.190000  0.190000  0.190000
  -13.792  -13.792  -13.764  -13.683  -13.683  -13.431  -13.431  -13.406  -13.357  -13.357
   -2.390    4.760    7.486    7.486    8.442   10.780   10.780   11.621   14.239   14.828
   14.828   15.897   18.748   18.748   20.916   23.579   23.579   24.469   26.851   28.323
   28.323   29.939   29.939   31.855   32.859   32.859
           -0.200000  0.200000  0.200000
  -13.793  -13.793  -13.763  -13.681  -13.681  -13.433  -13.433  -13.407  -13.355  -13.355
   -2.354    4.610    7.447    7.447    8.418   10.823   10.823   11.758   14.272   14.815
   14.815   15.972   18.910   18.910   21.091   23.365   23.365   24.235   26.876   28.361
   28.361   29.960   29.960   31.849   32.607   32.607
           -0.210000  0.210000  0.210000
  -13.794  -13.794  -13.762  -13.679  -13.679  -13.434  -13.434  -13.408  -13.354  -13.354
   -2.315    4.461    7.409    7.409    8.393   10.865   10.865   11.898   14.290   14.809
   14.809   16.067   19.074   19.074   21.269   23.152   23.152   24.003   26.901   28.402
   28.402   29.980   29.980   31.795   32.352   32.352
           -0.220000  0.220000  0.220000
  -13.795  -13.795  -13.762  -13.677  -13.677  -13.436  -13.436  -13.409  -13.353  -13.353
   -2.275    4.313    7.372    7.372    8.367   10.905   10.905   12.039   14.296   14.810
   14.810   16.180   19.241   19.241   21.450   22.939   22.939   23.774   26.927   28.444
   28.444   29.999   29.999   31.681   32.098   32.098
           -0.230000  0.230000  0.230000
  -13.796  -13.796  -13.761  -13.675  -13.675  -13.438  -13.438  -13.410  -13.352  -13.352
   -2.234    4.167    7.335    7.335    8.341   10.942   10.942   12.182   14.291   14.818
   14.818   16.308   19.410   19.410   21.635   22.728   22.728   23.550   26.954   28.489
   28.489   30.016   30.016   31.509   31.848   31.848
           -0.240000  0.240000  0.240000
  -13.797  -13.797  -13.760  -13.673  -13.673  -13.439  -13.439  -13.411  -13.351  -13.351
   -2.191    4.023    7.300    7.300    8.315   10.976   10.976   12.327   14.277   14.833
   14.833   16.449   19.581   19.581   21.821   22.518   22.518   23.330   26.982   28.535
   28.535   30.028   30.028   31.294   31.603   31.603
           -0.250000  0.250000  0.250000
  -13.798  -13.798  -13.759  -13.671  -13.671  -13.441  -13.441  -13.412  -13.350  -13.350
   -2.146    3.880    7.265    7.265    8.289   11.007   11.007   12.472   14.258   14.856
   14.856   16.600   19.754   19.754   22.008   22.309   22.309   23.117   27.010   28.583
   28.583   30.033   30.033   31.053   31.369   31.369
           -0.260000  0.260000  0.260000
  -13.799  -13.799  -13.758  -13.669  -13.669  -13.442  -13.442  -13.413  -13.349  -13.349
   -2.100    3.740    7.231    7.231    8.263   11.036   11.036   12.618   14.234   14.886
   14.886   16.758   19.929   19.929   22.101   22.101   22.191   22.916   27.039   28.632
   28.632   30.025   30.025   30.797   31.149   31.149
           -0.270000  0.270000  0.270000
  -13.800  -13.800  -13.757  -13.668  -13.668  -13.443  -13.443  -13.415  -13.348  -13.348
   -2.053    3.601    7.198    7.198    8.238   11.061   11.061   12.765   14.209   14.924
   14.924   16.920   20.107   20.107   21.895   21.895   22.349   22.749   27.068   28.682
   28.682   29.994   29.994   30.530   30.956   30.956
           -0.280000  0.280000  0.280000
  -13.801  -13.801  -13.757  -13.666  -13.666  -13.445  -13.445  -13.416  -13.347  -13.347
   -2.005    3.465    7.166    7.166    8.213   11.084   11.084   12.911   14.183   14.968
   14.968   17.085   20.286   20.286   21.691   21.691   22.373   22.727   27.098   28.732
   28.732   29.929   29.929   30.256   30.801   30.801
           -0.290000  0.290000  0.290000
  -13.802  -13.802  -13.756  -13.665  -13.665  -13.446  -13.446  -13.417  -13.346  -13.346
   -1.955    3.332    7.136    7.136    8.189   11.104   11.104   13.057   14.158   15.020
   15.020   17.250   20.468   20.468   21.489   21.489   22.236   22.876   27.128   28.781
   28.781   29.819   29.819   29.979   30.695   30.695
           -0.300000  0.300000  0.300000
  -13.803  -13.803  -13.755  -13.663  -13.663  -13.447  -13.447  -13.418  -13.345  -13.345
   -1.904    3.201    7.106    7.106    8.165   11.121   11.121   13.199   14.136   15.078
   15.078   17.412   20.651   20.651   21.289   21.289   22.069   23.068   27.157   28.826
   28.826   29.669   29.669   29.699   30.638   30.638
           -0.310000  0.310000  0.310000
  -13.803  -13.803  -13.754  -13.662  -13.662  -13.448  -13.448  -13.419  -13.344  -13.344
   -1.853    3.073    7.078    7.078    8.143   11.136   11.136   13.337   14.121   15.143
   15.143   17.569   20.834   20.834   21.093   21.093   21.905   23.272   27.187   28.860
   28.860   29.417   29.496   29.496   30.616   30.616
           -0.320000  0.320000  0.320000
  -13.804  -13.804  -13.753  -13.661  -13.661  -13.449  -13.449  -13.420  -13.344  -13.344
   -1.801    2.948    7.051    7.051    8.121   11.148   11.148   13.466   14.118   15.214
   15.214   17.718   20.886   20.886   21.032   21.032   21.752   23.482   27.217   28.866
   28.866   29.136   29.333   29.333   30.616   30.616
           -0.330000  0.330000  0.330000
  -13.805  -13.805  -13.752  -13.659  -13.659  -13.450  -13.450  -13.421  -13.343  -13.343
   -1.748    2.826    7.026    7.026    8.100   11.158   11.158   13.576   14.134   15.292
   15.292   17.854   20.697   20.697   21.216   21.216   21.616   23.695   27.246   28.802
   28.802   28.854   29.230   29.230   30.631   30.631
           -0.340000  0.340000  0.340000
  -13.805  -13.805  -13.752  -13.658  -13.658  -13.451  -13.451  -13.422  -13.342  -13.342
   -1.695    2.707    7.001    7.001    8.080   11.166   11.166   13.658   14.181   15.374
   15.374   17.973   20.506   20.506   21.406   21.406   21.501   23.912   27.275   28.573
   28.646   28.646   29.212   29.212   30.653   30.653
           -0.350000  0.350000  0.350000
  -13.806  -13.806  -13.751  -13.657  -13.657  -13.452  -13.452  -13.423  -13.342  -13.342
   -1.642    2.592    6.978    6.978    8.061   11.172   11.172   13.706   14.266   15.463
   15.463   18.071   20.317   20.317   21.411   21.599   21.599   24.132   27.303   28.294
   28.443   28.443   29.238   29.238   30.681   30.681
           -0.360000  0.360000  0.360000
  -13.806  -13.806  -13.750  -13.656  -13.656  -13.452  -13.452  -13.424  -13.341  -13.341
   -1.589    2.481    6.957    6.957    8.044   11.177   11.177   13.726   14.381   15.556
   15.556   18.143   20.131   20.131   21.350   21.793   21.793   24.354   27.331   28.018
   28.222   28.222   29.281   29.281   30.713   30.713
           -0.370000  0.370000  0.370000
  -13.807  -13.807  -13.750  -13.655  -13.655  -13.453  -13.453  -13.424  -13.341  -13.341
   -1.537    2.375    6.937    6.937    8.027   11.180   11.180   13.728   14.516   15.653
   15.653   18.185   19.948   19.948   21.323   21.988   21.988   24.577   27.357   27.745
   27.993   27.993   29.331   29.331   30.748   30.748
           -0.380000  0.380000  0.380000
  -13.807  -13.807  -13.749  -13.654  -13.654  -13.454  -13.454  -13.425  -13.340  -13.340
   -1.485    2.273    6.918    6.918    8.011   11.182   11.182   13.721   14.664   15.754
   15.754   18.195   19.768   19.768   21.331   22.184   22.184   24.802   27.383   27.477
   27.762   27.762   29.382   29.382   30.783   30.783
           -0.390000  0.390000  0.390000
  -13.807  -13.807  -13.748  -13.654  -13.654  -13.454  -13.454  -13.426  -13.340  -13.340
   -1.434    2.176    6.901    6.901    7.997   11.183   11.183   13.709   14.819   15.859
   15.859   18.172   19.592   19.592   21.373   22.382   22.382   25.026   27.215   27.407
   27.531   27.531   29.434   29.434   30.820   30.820
           -0.400000  0.400000  0.400000
  -13.808  -13.808  -13.748  -13.653  -13.653  -13.455  -13.455  -13.427  -13.340  -13.340
   -1.385    2.085    6.885    6.885    7.984   11.184   11.184   13.695   14.979   15.967
   15.967   18.119   19.420   19.420   21.446   22.580   22.580   25.247   26.964   27.300
   27.300   27.430   29.486   29.486   30.556   30.856
           -0.410000  0.410000  0.410000
  -13.808  -13.808  -13.747  -13.652  -13.652  -13.455  -13.455  -13.427  -13.339  -13.339
   -1.338    2.000    6.870    6.870    7.972   11.184   11.184   13.681   15.143   16.076
   16.076   18.040   19.252   19.252   21.546   22.778   22.778   25.460   26.731   27.071
   27.071   27.451   29.535   29.535   30.281   30.892
           -0.420000  0.420000  0.420000
  -13.808  -13.808  -13.747  -13.652  -13.652  -13.455  -13.455  -13.428  -13.339  -13.339
   -1.294    1.921    6.857    6.857    7.961   11.183   11.183   13.667   15.309   16.187
   16.187   17.939   19.090   19.090   21.667   22.976   22.976   25.646   26.533   26.846
   26.846   27.471   29.582   29.582   30.007   30.927
           -0.430000  0.430000  0.430000
  -13.809  -13.809  -13.746  -13.651  -13.651  -13.456  -13.456  -13.428  -13.339  -13.339
   -1.252    1.850    6.846    6.846    7.952   11.182   11.182   13.654   15.477   16.298
   16.298   17.820   18.934   18.934   21.803   23.172   23.172   25.755   26.424   26.625
   26.625   27.489   29.626   29.626   29.734   30.960
           -0.440000  0.440000  0.440000
  -13.809  -13.809  -13.746  -13.651  -13.651  -13.456  -13.456  -13.429  -13.339  -13.339
   -1.215    1.786    6.836    6.836    7.944   11.181   11.181   13.643   15.645   16.406
   16.406   17.687   18.786   18.786   21.948   23.366   23.366   25.718   26.409   26.409
   26.476   27.504   29.463   29.665   29.665   30.991
           -0.450000  0.450000  0.450000
  -13.809  -13.809  -13.746  -13.651  -13.651  -13.456  -13.456  -13.429  -13.338  -13.338
   -1.182    1.730    6.828    6.828    7.937   11.180   11.180   13.632   15.814   16.511
   16.511   17.545   18.649   18.649   22.093   23.554   23.554   25.581   26.202   26.202
   26.646   27.518   29.193   29.700   29.700   31.018
           -0.460000  0.460000  0.460000
  -13.809  -13.809  -13.745  -13.650  -13.650  -13.456  -13.456  -13.430  -13.338  -13.338
   -1.153    1.684    6.821    6.821    7.931   11.180   11.180   13.624   15.982   16.609
   16.609   17.396   18.525   18.525   22.233   23.734   23.734   25.421   26.007   26.007
   26.861   27.529   28.927   29.729   29.729   31.042
           -0.470000  0.470000  0.470000
  -13.809  -13.809  -13.745  -13.650  -13.650  -13.457  -13.457  -13.430  -13.338  -13.338
   -1.131    1.647    6.815    6.815    7.927   11.179   11.179   13.617   16.147   16.695
   16.695   17.244   18.418   18.418   22.359   23.899   23.899   25.273   25.830   25.830
   27.093   27.538   28.664   29.753   29.753   31.062
           -0.480000  0.480000  0.480000
  -13.809  -13.809  -13.745  -13.650  -13.650  -13.457  -13.457  -13.430  -13.338  -13.338
   -1.114    1.620    6.812    6.812    7.923   11.178   11.178   13.612   16.305   16.764
   16.764   17.095   18.334   18.334   22.460   24.038   24.038   25.153   25.682   25.682
   27.330   27.544   28.407   29.770   29.770   31.076
           -0.490000  0.490000  0.490000
  -13.809  -13.809  -13.745  -13.650  -13.650  -13.457  -13.457  -13.430  -13.338  -13.338
   -1.104    1.604    6.809    6.809    7.922   11.178   11.178   13.609   16.442   16.809
   16.809   16.963   18.280   18.280   22.526   24.135   24.135   25.075   25.580   25.580
   27.548   27.560   28.167   29.781   29.781   31.085
           -0.500000  0.500000  0.500000
  -13.809  -13.809  -13.745  -13.650  -13.650  -13.457  -13.457  -13.430  -13.338  -13.338
   -1.101    1.599    6.809    6.809    7.921   11.178   11.178   13.608   16.507   16.825
   16.825   16.899   18.261   18.261   22.549   24.171   24.171   25.048   25.542   25.542
   27.550   27.701   28.022   29.784   29.784   31.088
