 # Frequency[cm^-1] DOS PDOS
 -1.0987596835E-05  0.0000000000E+00  0.0000E+00  0.0000E+00
  9.9998901240E-01  1.4450095501E-07  7.2250E-08  7.2250E-08
  1.9999890124E+00  5.7800584588E-07  2.8900E-07  2.8900E-07
  2.9999890124E+00  1.3005146726E-06  6.5026E-07  6.5026E-07
  3.9999890124E+00  2.3120274352E-06  1.1560E-06  1.1560E-06
  4.9999890124E+00  3.6125441336E-06  1.8063E-06  1.8063E-06
  5.9999890124E+00  5.2020647680E-06  2.6010E-06  2.6010E-06
  6.9999890124E+00  7.0805893381E-06  3.5403E-06  3.5403E-06
  7.9999890124E+00  9.2481178442E-06  4.6241E-06  4.6241E-06
  8.9999890124E+00  1.1704650286E-05  5.8523E-06  5.8523E-06
  9.9999890124E+00  1.4450186664E-05  7.2251E-06  7.2251E-06
  1.0999989012E+01  1.7484726977E-05  8.7424E-06  8.7424E-06
  1.1999989012E+01  2.0808271227E-05  1.0404E-05  1.0404E-05
  1.2999989012E+01  2.4420819412E-05  1.2210E-05  1.2210E-05
  1.3999989012E+01  2.8322371534E-05  1.4161E-05  1.4161E-05
  1.4999989012E+01  3.2512927591E-05  1.6256E-05  1.6256E-05
  1.5999989012E+01  3.6992487584E-05  1.8496E-05  1.8496E-05
  1.6999989012E+01  4.1761051512E-05  2.0881E-05  2.0881E-05
  1.7999989012E+01  4.6818619377E-05  2.3409E-05  2.3409E-05
  1.8999989012E+01  5.2165191177E-05  2.6083E-05  2.6083E-05
  1.9999989012E+01  5.7800766914E-05  2.8900E-05  2.8900E-05
  2.0999989012E+01  6.3725346586E-05  3.1863E-05  3.1863E-05
  2.1999989012E+01  6.9938930194E-05  3.4969E-05  3.4969E-05
  2.2999989012E+01  7.6441517738E-05  3.8221E-05  3.8221E-05
  2.3999989012E+01  8.3233109218E-05  4.1617E-05  4.1617E-05
  2.4999989012E+01  9.0313704634E-05  4.5157E-05  4.5157E-05
  2.5999989012E+01  9.7683303985E-05  4.8842E-05  4.8842E-05
  2.6999989012E+01  1.0534190727E-04  5.2671E-05  5.2671E-05
  2.7999989012E+01  1.1328951450E-04  5.6645E-05  5.6645E-05
  2.8999989012E+01  1.2152612566E-04  6.0763E-05  6.0763E-05
  2.9999989012E+01  1.3005174075E-04  6.5026E-05  6.5026E-05
  3.0999989012E+01  1.3886635978E-04  6.9433E-05  6.9433E-05
  3.1999989012E+01  1.4796998275E-04  7.3985E-05  7.3985E-05
  3.2999989012E+01  1.5736260965E-04  7.8681E-05  7.8681E-05
  3.3999989012E+01  1.6704424049E-04  8.3522E-05  8.3522E-05
  3.4999989012E+01  1.7701487526E-04  8.8507E-05  8.8507E-05
  3.5999989012E+01  1.8727451397E-04  9.3637E-05  9.3637E-05
  3.6999989012E+01  1.9782315662E-04  9.8912E-05  9.8912E-05
  3.7999989012E+01  2.0866080320E-04  1.0433E-04  1.0433E-04
  3.8999989012E+01  2.1978745372E-04  1.0989E-04  1.0989E-04
  3.9999989012E+01  2.3120310817E-04  1.1560E-04  1.1560E-04
  4.0999989012E+01  2.4290776656E-04  1.2145E-04  1.2145E-04
  4.1999989012E+01  2.5490142889E-04  1.2745E-04  1.2745E-04
  4.2999989012E+01  2.6718409515E-04  1.3359E-04  1.3359E-04
  4.3999989012E+01  2.7975576535E-04  1.3988E-04  1.3988E-04
  4.4999989012E+01  2.9261643948E-04  1.4631E-04  1.4631E-04
  4.5999989012E+01  3.0576611755E-04  1.5288E-04  1.5288E-04
  4.6999989012E+01  3.1920479955E-04  1.5960E-04  1.5960E-04
  4.7999989012E+01  3.3293248549E-04  1.6647E-04  1.6647E-04
  4.8999989012E+01  3.4694917537E-04  1.7347E-04  1.7347E-04
  4.9999989012E+01  3.6125486918E-04  1.8063E-04  1.8063E-04
  5.0999989012E+01  3.7584956693E-04  1.8792E-04  1.8792E-04
  5.1999989012E+01  3.9073326861E-04  1.9537E-04  1.9537E-04
  5.2999989012E+01  4.0590597423E-04  2.0295E-04  2.0295E-04
  5.3999989012E+01  4.2136768379E-04  2.1068E-04  2.1068E-04
  5.4999989012E+01  4.3711839728E-04  2.1856E-04  2.1856E-04
  5.5999989012E+01  4.5315811471E-04  2.2658E-04  2.2658E-04
  5.6999989012E+01  4.6948683607E-04  2.3474E-04  2.3474E-04
  5.7999989012E+01  4.8610456137E-04  2.4305E-04  2.4305E-04
  5.8999989012E+01  5.0301129061E-04  2.5151E-04  2.5151E-04
  5.9999989012E+01  5.2020702378E-04  2.6010E-04  2.6010E-04
  6.0999989012E+01  5.3769176088E-04  2.6885E-04  2.6885E-04
  6.1999989012E+01  5.5546550193E-04  2.7773E-04  2.7773E-04
  6.2999989012E+01  5.7352824690E-04  2.8676E-04  2.8676E-04
  6.3999989012E+01  5.9187999582E-04  2.9594E-04  2.9594E-04
  6.4999989012E+01  6.1052074867E-04  3.0526E-04  3.0526E-04
  6.5999989012E+01  6.2945050545E-04  3.1473E-04  3.1473E-04
  6.6999989012E+01  6.4866926618E-04  3.2433E-04  3.2433E-04
  6.7999989012E+01  6.6817703083E-04  3.3409E-04  3.3409E-04
  6.8999989012E+01  6.8797379943E-04  3.4399E-04  3.4399E-04
  6.9999989012E+01  7.0805957196E-04  3.5403E-04  3.5403E-04
  7.0999989012E+01  7.2843434842E-04  3.6422E-04  3.6422E-04
  7.1999989012E+01  7.4909812882E-04  3.7455E-04  3.7455E-04
  7.2999989012E+01  7.7005091316E-04  3.8503E-04  3.8503E-04
  7.3999989012E+01  7.9129270143E-04  3.9565E-04  3.9565E-04
  7.4999989012E+01  9.2208505739E-04  4.6104E-04  4.6104E-04
  7.5999989012E+01  1.1350508033E-03  5.6753E-04  5.6753E-04
  7.6999989012E+01  1.3449186822E-03  6.7246E-04  6.7246E-04
  7.7999989012E+01  1.5516886938E-03  7.7584E-04  7.7584E-04
  7.8999989012E+01  1.7553608384E-03  8.7768E-04  8.7768E-04
  7.9999989012E+01  1.9559351158E-03  9.7797E-04  9.7797E-04
  8.0999989012E+01  2.1534115261E-03  1.0767E-03  1.0767E-03
  8.1999989012E+01  2.3477900693E-03  1.1739E-03  1.1739E-03
  8.2999989012E+01  2.5390707453E-03  1.2695E-03  1.2695E-03
  8.3999989012E+01  2.7272535542E-03  1.3636E-03  1.3636E-03
  8.4999989012E+01  2.9123384960E-03  1.4562E-03  1.4562E-03
  8.5999989012E+01  3.0943255706E-03  1.5472E-03  1.5472E-03
  8.6999989012E+01  3.2732147782E-03  1.6366E-03  1.6366E-03
  8.7999989012E+01  3.4490061185E-03  1.7245E-03  1.7245E-03
  8.8999989012E+01  3.6216995918E-03  1.8108E-03  1.8108E-03
  8.9999989012E+01  3.7912951979E-03  1.8956E-03  1.8956E-03
  9.0999989012E+01  3.9577929369E-03  1.9789E-03  1.9789E-03
  9.1999989012E+01  4.1211928088E-03  2.0606E-03  2.0606E-03
  9.2999989012E+01  4.2814948135E-03  2.1407E-03  2.1407E-03
  9.3999989012E+01  4.4386989511E-03  2.2193E-03  2.2193E-03
  9.4999989012E+01  4.5928052216E-03  2.2964E-03  2.2964E-03
  9.5999989012E+01  4.7438136249E-03  2.3719E-03  2.3719E-03
  9.6999989012E+01  4.8917241611E-03  2.4459E-03  2.4459E-03
  9.7999989012E+01  5.0365368302E-03  2.5183E-03  2.5183E-03
  9.8999989012E+01  5.1837411549E-03  2.5919E-03  2.5919E-03
  9.9999989012E+01  5.3794901001E-03  2.6897E-03  2.6897E-03
  1.0099998901E+02  5.6527492832E-03  2.8264E-03  2.8264E-03
  1.0199998901E+02  6.0054322099E-03  3.0027E-03  3.0027E-03
  1.0299998901E+02  6.4375388803E-03  3.2188E-03  3.2188E-03
  1.0399998901E+02  6.9408845330E-03  3.4704E-03  3.4704E-03
  1.0499998901E+02  7.4594486032E-03  3.7297E-03  3.7297E-03
  1.0599998901E+02  7.9826390276E-03  3.9913E-03  3.9913E-03
  1.0699998901E+02  8.5104558063E-03  4.2552E-03  4.2552E-03
  1.0799998901E+02  9.0428989393E-03  4.5214E-03  4.5214E-03
  1.0899998901E+02  9.5799684266E-03  4.7900E-03  4.7900E-03
  1.0999998901E+02  1.0121664268E-02  5.0608E-03  5.0608E-03
  1.1099998901E+02  1.0877199133E-02  5.4386E-03  5.4386E-03
  1.1199998901E+02  1.1688142140E-02  5.8441E-03  5.8441E-03
  1.1299998901E+02  1.2475638695E-02  6.2378E-03  6.2378E-03
  1.1399998901E+02  1.3239688796E-02  6.6198E-03  6.6198E-03
  1.1499998901E+02  1.3980292443E-02  6.9901E-03  6.9901E-03
  1.1599998901E+02  1.4697449638E-02  7.3487E-03  7.3487E-03
  1.1699998901E+02  1.5391160379E-02  7.6956E-03  7.6956E-03
  1.1799998901E+02  1.6061424667E-02  8.0307E-03  8.0307E-03
  1.1899998901E+02  1.6708242502E-02  8.3541E-03  8.3541E-03
  1.1999998901E+02  1.7331613884E-02  8.6658E-03  8.6658E-03
  1.2099998901E+02  1.7813844796E-02  8.9069E-03  8.9069E-03
  1.2199998901E+02  1.8235039275E-02  9.1175E-03  9.1175E-03
  1.2299998901E+02  1.8689350320E-02  9.3447E-03  9.3447E-03
  1.2399998901E+02  1.9176777932E-02  9.5884E-03  9.5884E-03
  1.2499998901E+02  1.9697322109E-02  9.8487E-03  9.8487E-03
  1.2599998901E+02  2.0250982853E-02  1.0125E-02  1.0125E-02
  1.2699998901E+02  2.9853610375E-02  1.4927E-02  1.4927E-02
  1.2799998901E+02  2.3026489753E-02  1.1513E-02  1.1513E-02
  1.2899998901E+02  2.1758346975E-02  1.0879E-02  1.0879E-02
  1.2999998901E+02  2.1850801212E-02  1.0925E-02  1.0925E-02
  1.3099998901E+02  2.1913641462E-02  1.0957E-02  1.0957E-02
  1.3199998901E+02  2.1946867726E-02  1.0973E-02  1.0973E-02
  1.3299998901E+02  2.1950480003E-02  1.0975E-02  1.0975E-02
  1.3399998901E+02  2.2182492426E-02  1.1091E-02  1.1091E-02
  1.3499998901E+02  2.3203062073E-02  1.1602E-02  1.1602E-02
  1.3599998901E+02  2.4775044724E-02  1.2388E-02  1.2388E-02
  1.3699998901E+02  2.6576900296E-02  1.3288E-02  1.3288E-02
  1.3799998901E+02  2.5764435363E-02  1.2882E-02  1.2882E-02
  1.3899998901E+02  2.5186219637E-02  1.2593E-02  1.2593E-02
  1.3999998901E+02  2.4842253119E-02  1.2421E-02  1.2421E-02
  1.4099998901E+02  2.4729610211E-02  1.2365E-02  1.2365E-02
  1.4199998901E+02  2.4711151160E-02  1.2356E-02  1.2356E-02
  1.4299998901E+02  2.4711902585E-02  1.2356E-02  1.2356E-02
  1.4399998901E+02  2.4731864488E-02  1.2366E-02  1.2366E-02
  1.4499998901E+02  2.4771036866E-02  1.2386E-02  1.2386E-02
  1.4599998901E+02  2.5322505991E-02  1.2661E-02  1.2661E-02
  1.4699998901E+02  2.6090332710E-02  1.3045E-02  1.3045E-02
  1.4799998901E+02  2.6376322288E-02  1.3188E-02  1.3188E-02
  1.4899998901E+02  2.6180474724E-02  1.3090E-02  1.3090E-02
  1.4999998901E+02  2.5502790020E-02  1.2751E-02  1.2751E-02
  1.5099998901E+02  2.4343268174E-02  1.2172E-02  1.2172E-02
  1.5199998901E+02  2.3961944629E-02  1.1981E-02  1.1981E-02
  1.5299998901E+02  2.3715393661E-02  1.1858E-02  1.1858E-02
  1.5399998901E+02  2.3466135420E-02  1.1733E-02  1.1733E-02
  1.5499998901E+02  2.3214169906E-02  1.1607E-02  1.1607E-02
  1.5599998901E+02  2.2959497119E-02  1.1480E-02  1.1480E-02
  1.5699998901E+02  2.2702117058E-02  1.1351E-02  1.1351E-02
  1.5799998901E+02  2.2442029725E-02  1.1221E-02  1.1221E-02
  1.5899998901E+02  2.2179235118E-02  1.1090E-02  1.1090E-02
  1.5999998901E+02  2.1913733238E-02  1.0957E-02  1.0957E-02
  1.6099998901E+02  2.1616396150E-02  1.0808E-02  1.0808E-02
  1.6199998901E+02  2.1223522355E-02  1.0612E-02  1.0612E-02
  1.6299998901E+02  2.0937751559E-02  1.0469E-02  1.0469E-02
  1.6399998901E+02  2.1202132382E-02  1.0601E-02  1.0601E-02
  1.6499998901E+02  2.1298302636E-02  1.0649E-02  1.0649E-02
  1.6599998901E+02  2.1226262321E-02  1.0613E-02  1.0613E-02
  1.6699998901E+02  2.0986011437E-02  1.0493E-02  1.0493E-02
  1.6799998901E+02  2.0577549983E-02  1.0289E-02  1.0289E-02
  1.6899998901E+02  2.0000877960E-02  1.0000E-02  1.0000E-02
  1.6999998901E+02  1.9050125926E-02  9.5251E-03  9.5251E-03
  1.7099998901E+02  2.7329740271E-02  1.3665E-02  1.3665E-02
  1.7199998901E+02  2.8589656642E-02  1.4295E-02  1.4295E-02
  1.7299998901E+02  2.2309869766E-02  1.1155E-02  1.1155E-02
  1.7399998901E+02  2.2059122971E-02  1.1030E-02  1.1030E-02
  1.7499998901E+02  2.1837590239E-02  1.0919E-02  1.0919E-02
  1.7599998901E+02  2.1645271569E-02  1.0823E-02  1.0823E-02
  1.7699998901E+02  2.1482166961E-02  1.0741E-02  1.0741E-02
  1.7799998901E+02  2.1348276416E-02  1.0674E-02  1.0674E-02
  1.7899998901E+02  2.1243599933E-02  1.0622E-02  1.0622E-02
  1.7999998901E+02  2.1168137512E-02  1.0584E-02  1.0584E-02
  1.8099998901E+02  2.2052683810E-02  1.1026E-02  1.1026E-02
  1.8199998901E+02  2.6120926807E-02  1.3060E-02  1.3060E-02
  1.8299998901E+02  2.2146832634E-02  1.1073E-02  1.1073E-02
  1.8399998901E+02  1.9187426597E-02  9.5937E-03  9.5937E-03
  1.8499998901E+02  1.8571801042E-02  9.2859E-03  9.2859E-03
  1.8599998901E+02  1.7955640227E-02  8.9778E-03  8.9778E-03
  1.8699998901E+02  1.7338944153E-02  8.6695E-03  8.6695E-03
  1.8799998901E+02  1.6721712818E-02  8.3609E-03  8.3609E-03
  1.8899998901E+02  1.6103946224E-02  8.0520E-03  8.0520E-03
  1.8999998901E+02  1.5485644369E-02  7.7428E-03  7.7428E-03
  1.9099998901E+02  1.4866807255E-02  7.4334E-03  7.4334E-03
  1.9199998901E+02  1.4247434882E-02  7.1237E-03  7.1237E-03
  1.9299998901E+02  1.3627527248E-02  6.8138E-03  6.8138E-03
  1.9399998901E+02  1.3007084355E-02  6.5035E-03  6.5035E-03
  1.9499998901E+02  1.2386106202E-02  6.1931E-03  6.1931E-03
  1.9599998901E+02  1.1764592789E-02  5.8823E-03  5.8823E-03
  1.9699998901E+02  1.1142544116E-02  5.5713E-03  5.5713E-03
  1.9799998901E+02  1.0519960183E-02  5.2600E-03  5.2600E-03
  1.9899998901E+02  9.8968409908E-03  4.9484E-03  4.9484E-03
  1.9999998901E+02  9.2731865386E-03  4.6366E-03  4.6366E-03
  2.0099998901E+02  8.6489968266E-03  4.3245E-03  4.3245E-03
  2.0199998901E+02  8.0242718547E-03  4.0121E-03  4.0121E-03
  2.0299998901E+02  7.3990116231E-03  3.6995E-03  3.6995E-03
  2.0399998901E+02  6.5048614154E-03  3.2524E-03  3.2524E-03
  2.0499998901E+02  5.5655292555E-03  2.7828E-03  2.7828E-03
  2.0599998901E+02  4.7233933495E-03  2.3617E-03  2.3617E-03
  2.0699998901E+02  3.9784536975E-03  1.9892E-03  1.9892E-03
  2.0799998901E+02  3.3307102995E-03  1.6654E-03  1.6654E-03
  2.0899998901E+02  2.7801631554E-03  1.3901E-03  1.3901E-03
  2.0999998901E+02  2.3268122653E-03  1.1634E-03  1.1634E-03
  2.1099998901E+02  1.9706576292E-03  9.8533E-04  9.8533E-04
  2.1199998901E+02  1.7116992471E-03  8.5585E-04  8.5585E-04
  2.1299998901E+02  1.5499371189E-03  7.7497E-04  7.7497E-04
  2.1399998901E+02  1.4853712448E-03  7.4269E-04  7.4269E-04
  2.1499998901E+02  1.4989868298E-03  7.4949E-04  7.4949E-04
  2.1599998901E+02  1.5195075271E-03  7.5975E-04  7.5975E-04
  2.1699998901E+02  1.5401385419E-03  7.7007E-04  7.7007E-04
  2.1799998901E+02  1.5608798743E-03  7.8044E-04  7.8044E-04
  2.1899998901E+02  1.5817315241E-03  7.9087E-04  7.9087E-04
  2.1999998901E+02  1.6033884916E-03  8.0169E-04  8.0169E-04
  2.2099998901E+02  1.6344347299E-03  8.1722E-04  8.1722E-04
  2.2199998901E+02  1.6653735795E-03  8.3269E-04  8.3269E-04
  2.2299998901E+02  1.6962050404E-03  8.4810E-04  8.4810E-04
  2.2399998901E+02  1.7269291127E-03  8.6346E-04  8.6346E-04
  2.2499998901E+02  1.7575457961E-03  8.7877E-04  8.7877E-04
  2.2599998901E+02  1.7880550909E-03  8.9403E-04  8.9403E-04
  2.2699998901E+02  1.8184569970E-03  9.0923E-04  9.0923E-04
  2.2799998901E+02  1.8487515144E-03  9.2438E-04  9.2438E-04
  2.2899998901E+02  1.8789386430E-03  9.3947E-04  9.3947E-04
  2.2999998901E+02  1.9090183830E-03  9.5451E-04  9.5451E-04
  2.3099998901E+02  1.9389907342E-03  9.6950E-04  9.6950E-04
  2.3199998901E+02  1.9688556967E-03  9.8443E-04  9.8443E-04
  2.3299998901E+02  1.9986132706E-03  9.9931E-04  9.9931E-04
  2.3399998901E+02  2.0282634557E-03  1.0141E-03  1.0141E-03
  2.3499998901E+02  2.0578062521E-03  1.0289E-03  1.0289E-03
  2.3599998901E+02  2.0872416598E-03  1.0436E-03  1.0436E-03
  2.3699998901E+02  2.1165696787E-03  1.0583E-03  1.0583E-03
  2.3799998901E+02  2.1457903090E-03  1.0729E-03  1.0729E-03
  2.3899998901E+02  2.1749035506E-03  1.0875E-03  1.0875E-03
  2.3999998901E+02  2.2039094034E-03  1.1020E-03  1.1020E-03
  2.4099998901E+02  2.2328078676E-03  1.1164E-03  1.1164E-03
  2.4199998901E+02  2.2615989430E-03  1.1308E-03  1.1308E-03
  2.4299998901E+02  2.2902826297E-03  1.1451E-03  1.1451E-03
  2.4399998901E+02  2.3188589278E-03  1.1594E-03  1.1594E-03
  2.4499998901E+02  2.3473278371E-03  1.1737E-03  1.1737E-03
  2.4599998901E+02  2.3756893577E-03  1.1878E-03  1.1878E-03
  2.4699998901E+02  2.4039434895E-03  1.2020E-03  1.2020E-03
  2.4799998901E+02  2.4320902327E-03  1.2160E-03  1.2160E-03
  2.4899998901E+02  2.4601295872E-03  1.2301E-03  1.2301E-03
  2.4999998901E+02  2.4880615529E-03  1.2440E-03  1.2440E-03
  2.5099998901E+02  2.5158861300E-03  1.2579E-03  1.2579E-03
  2.5199998901E+02  2.5436033183E-03  1.2718E-03  1.2718E-03
  2.5299998901E+02  2.5712131180E-03  1.2856E-03  1.2856E-03
  2.5399998901E+02  2.5987155289E-03  1.2994E-03  1.2994E-03
  2.5499998901E+02  2.6261105511E-03  1.3131E-03  1.3131E-03
  2.5599998901E+02  2.6648846548E-03  1.3324E-03  1.3324E-03
  2.5699998901E+02  2.7076224742E-03  1.3538E-03  1.3538E-03
  2.5799998901E+02  2.7518653348E-03  1.3759E-03  1.3759E-03
  2.5899998901E+02  2.7976132365E-03  1.3988E-03  1.3988E-03
  2.5999998901E+02  2.8448661794E-03  1.4224E-03  1.4224E-03
  2.6099998901E+02  2.8936241634E-03  1.4468E-03  1.4468E-03
  2.6199998901E+02  2.9438871886E-03  1.4719E-03  1.4719E-03
  2.6299998901E+02  2.9956552549E-03  1.4978E-03  1.4978E-03
  2.6399998901E+02  3.0489283624E-03  1.5245E-03  1.5245E-03
  2.6499998901E+02  3.1037065110E-03  1.5519E-03  1.5519E-03
  2.6599998901E+02  3.1599897008E-03  1.5800E-03  1.5800E-03
  2.6699998901E+02  3.2177779317E-03  1.6089E-03  1.6089E-03
  2.6799998901E+02  3.2770712038E-03  1.6385E-03  1.6385E-03
  2.6899998901E+02  3.3378695170E-03  1.6689E-03  1.6689E-03
  2.6999998901E+02  3.4001728713E-03  1.7001E-03  1.7001E-03
  2.7099998901E+02  3.4639812668E-03  1.7320E-03  1.7320E-03
  2.7199998901E+02  3.5292947035E-03  1.7646E-03  1.7646E-03
  2.7299998901E+02  3.5961131813E-03  1.7981E-03  1.7981E-03
  2.7399998901E+02  3.6644367002E-03  1.8322E-03  1.8322E-03
  2.7499998901E+02  3.7342652603E-03  1.8671E-03  1.8671E-03
  2.7599998901E+02  3.8055988616E-03  1.9028E-03  1.9028E-03
  2.7699998901E+02  3.8784375040E-03  1.9392E-03  1.9392E-03
  2.7799998901E+02  3.9527811875E-03  1.9764E-03  1.9764E-03
  2.7899998901E+02  4.0286299122E-03  2.0143E-03  2.0143E-03
  2.7999998901E+02  4.1059836780E-03  2.0530E-03  2.0530E-03
  2.8099998901E+02  4.1848424850E-03  2.0924E-03  2.0924E-03
  2.8199998901E+02  4.2652063331E-03  2.1326E-03  2.1326E-03
  2.8299998901E+02  4.3470752224E-03  2.1735E-03  2.1735E-03
  2.8399998901E+02  4.4304491528E-03  2.2152E-03  2.2152E-03
  2.8499998901E+02  4.5153281244E-03  2.2577E-03  2.2577E-03
  2.8599998901E+02  4.6017121371E-03  2.3009E-03  2.3008E-03
  2.8699998901E+02  4.6896011910E-03  2.3448E-03  2.3448E-03
  2.8799998901E+02  4.7789952860E-03  2.3895E-03  2.3895E-03
  2.8899998901E+02  4.8698944222E-03  2.4350E-03  2.4349E-03
  2.8999998901E+02  4.9622985995E-03  2.4812E-03  2.4811E-03
  2.9099998901E+02  5.0562078180E-03  2.5281E-03  2.5281E-03
  2.9199998901E+02  5.1516220776E-03  2.5758E-03  2.5758E-03
  2.9299998901E+02  5.2485413783E-03  2.6243E-03  2.6243E-03
  2.9399998901E+02  5.3469657202E-03  2.6735E-03  2.6735E-03
  2.9499998901E+02  5.4468951033E-03  2.7235E-03  2.7234E-03
  2.9599998901E+02  5.5483295275E-03  2.7742E-03  2.7742E-03
  2.9699998901E+02  5.6565497789E-03  2.8283E-03  2.8283E-03
  2.9799998901E+02  5.8947847664E-03  2.9474E-03  2.9474E-03
  2.9899998901E+02  6.1660745726E-03  3.0831E-03  3.0830E-03
  2.9999998901E+02  6.4451758760E-03  3.2226E-03  3.2226E-03
  3.0099998901E+02  6.7320886767E-03  3.3661E-03  3.3660E-03
  3.0199998901E+02  7.0268129746E-03  3.5134E-03  3.5134E-03
  3.0299998901E+02  7.3293487698E-03  3.6647E-03  3.6647E-03
  3.0399998901E+02  7.6396960622E-03  3.8199E-03  3.8198E-03
  3.0499998901E+02  7.9578548518E-03  3.9790E-03  3.9789E-03
  3.0599998901E+02  8.2838251387E-03  4.1419E-03  4.1419E-03
  3.0699998901E+02  8.6176069228E-03  4.3088E-03  4.3088E-03
  3.0799998901E+02  8.9592002041E-03  4.4796E-03  4.4796E-03
  3.0899998901E+02  9.3086049827E-03  4.6543E-03  4.6543E-03
  3.0999998901E+02  9.6647973101E-03  4.8324E-03  4.8324E-03
  3.1099998901E+02  9.9390862413E-03  4.9696E-03  4.9695E-03
  3.1199998901E+02  1.0203931886E-02  5.1020E-03  5.1019E-03
  3.1299998901E+02  1.0459334245E-02  5.2297E-03  5.2296E-03
  3.1399998901E+02  1.0705252384E-02  5.3527E-03  5.3526E-03
  3.1499998901E+02  1.0941573420E-02  5.4708E-03  5.4707E-03
  3.1599998901E+02  1.1168290821E-02  5.5842E-03  5.5841E-03
  3.1699998901E+02  1.1385404586E-02  5.6928E-03  5.6926E-03
  3.1799998901E+02  1.1592914715E-02  5.7965E-03  5.7964E-03
  3.1899998901E+02  1.1790821209E-02  5.8955E-03  5.8953E-03
  3.1999998901E+02  1.1979124066E-02  5.9896E-03  5.9895E-03
  3.2099998901E+02  1.2157823288E-02  6.0790E-03  6.0788E-03
  3.2199998901E+02  1.2326918874E-02  6.1635E-03  6.1634E-03
  3.2299998901E+02  1.2486410824E-02  6.2433E-03  6.2431E-03
  3.2399998901E+02  1.2636299138E-02  6.3182E-03  6.3181E-03
  3.2499998901E+02  1.2776583816E-02  6.3884E-03  6.3882E-03
  3.2599998901E+02  1.2907264859E-02  6.4537E-03  6.4535E-03
  3.2699998901E+02  1.3028342266E-02  6.5143E-03  6.5141E-03
  3.2799998901E+02  1.3139816037E-02  6.5700E-03  6.5698E-03
  3.2899998901E+02  1.3241686172E-02  6.6210E-03  6.6207E-03
  3.2999998901E+02  1.3333952671E-02  6.6671E-03  6.6669E-03
  3.3099998901E+02  1.3416615534E-02  6.7084E-03  6.7082E-03
  3.3199998901E+02  1.4684480604E-02  7.3424E-03  7.3421E-03
  3.3299998901E+02  1.5520951888E-02  7.7606E-03  7.7603E-03
  3.3399998901E+02  1.4945368681E-02  7.4728E-03  7.4725E-03
  3.3499998901E+02  1.4458103337E-02  7.2292E-03  7.2289E-03
  3.3599998901E+02  1.4102310175E-02  7.0513E-03  7.0510E-03
  3.3699998901E+02  1.3729725464E-02  6.8650E-03  6.8647E-03
  3.3799998901E+02  1.3340349203E-02  6.6704E-03  6.6700E-03
  3.3899998901E+02  1.2934181392E-02  6.4673E-03  6.4669E-03
  3.3999998901E+02  1.2511222031E-02  6.2558E-03  6.2554E-03
  3.4099998901E+02  1.2071471120E-02  6.0360E-03  6.0355E-03
  3.4199998901E+02  1.1614928660E-02  5.8077E-03  5.8072E-03
  3.4299998901E+02  1.1141594649E-02  5.5710E-03  5.5706E-03
  3.4399998901E+02  1.0651469089E-02  5.3260E-03  5.3255E-03
  3.4499998901E+02  1.0146587992E-02  5.0736E-03  5.0730E-03
  3.4599998901E+02  9.6739960352E-03  4.8373E-03  4.8367E-03
  3.4699998901E+02  9.2533785198E-03  4.6270E-03  4.6264E-03
  3.4799998901E+02  8.8847354458E-03  4.4427E-03  4.4420E-03
  3.4899998901E+02  8.5680668134E-03  4.2844E-03  4.2837E-03
  3.4999998901E+02  8.2800649865E-03  4.1404E-03  4.1397E-03
  3.5099998901E+02  7.8403261481E-03  3.9206E-03  3.9198E-03
  3.5199998901E+02  7.4115321070E-03  3.7062E-03  3.7053E-03
  3.5299998901E+02  6.9936828632E-03  3.4973E-03  3.4964E-03
  3.5399998901E+02  6.5867784168E-03  3.2939E-03  3.2929E-03
  3.5499998901E+02  6.1908187676E-03  3.0959E-03  3.0949E-03
  3.5599998901E+02  5.8058039156E-03  2.9034E-03  2.9024E-03
  3.5699998901E+02  5.4317338610E-03  2.7164E-03  2.7153E-03
  3.5799998901E+02  5.0686086037E-03  2.5349E-03  2.5337E-03
  3.5899998901E+02  4.7164281436E-03  2.3588E-03  2.3576E-03
  3.5999998901E+02  4.3751924808E-03  2.1882E-03  2.1870E-03
  3.6099998901E+02  4.0449016154E-03  2.0231E-03  2.0218E-03
  3.6199998901E+02  3.7255555472E-03  1.8634E-03  1.8621E-03
  3.6299998901E+02  3.4171542763E-03  1.7092E-03  1.7079E-03
  3.6399998901E+02  3.1196978027E-03  1.5605E-03  1.5592E-03
  3.6499998901E+02  2.8331861263E-03  1.4173E-03  1.4159E-03
  3.6599998901E+02  2.5576192473E-03  1.2795E-03  1.2781E-03
  3.6699998901E+02  2.2929971655E-03  1.1472E-03  1.1458E-03
  3.6799998901E+02  2.0393198811E-03  1.0204E-03  1.0189E-03
  3.6899998901E+02  1.7965873939E-03  8.9902E-04  8.9757E-04
  3.6999998901E+02  1.5647997040E-03  7.8313E-04  7.8167E-04
  3.7099998901E+02  1.3439568114E-03  6.7271E-04  6.7125E-04
  3.7199998901E+02  1.1340587161E-03  5.6776E-04  5.6630E-04
  3.7299998901E+02  9.3510541809E-04  4.6828E-04  4.6682E-04
  3.7399998901E+02  7.8478498170E-04  3.9312E-04  3.9167E-04
  3.7499998901E+02  8.6463447473E-04  4.3304E-04  4.3160E-04
  3.7599998901E+02  9.8866392139E-04  4.9504E-04  4.9362E-04
  3.7699998901E+02  1.1551357880E-03  5.7827E-04  5.7687E-04
  3.7799998901E+02  1.3630611849E-03  6.8222E-04  6.8084E-04
  3.7899998901E+02  1.6124401121E-03  8.0690E-04  8.0554E-04
  3.7999998901E+02  1.9032725694E-03  9.5230E-04  9.5098E-04
  3.8099998901E+02  2.2355585571E-03  1.1184E-03  1.1171E-03
  3.8199998901E+02  2.6092980750E-03  1.3053E-03  1.3040E-03
  3.8299998901E+02  3.0244911231E-03  1.5128E-03  1.5116E-03
  3.8399998901E+02  3.4811377015E-03  1.7411E-03  1.7400E-03
  3.8499998901E+02  3.9792378101E-03  1.9902E-03  1.9891E-03
  3.8599998901E+02  4.5187914490E-03  2.2599E-03  2.2589E-03
  3.8699998901E+02  5.0997986181E-03  2.5504E-03  2.5494E-03
  3.8799998901E+02  5.7155766452E-03  2.8583E-03  2.8573E-03
  3.8899998901E+02  6.2507188125E-03  3.1258E-03  3.1249E-03
  3.8999998901E+02  6.6633858375E-03  3.3321E-03  3.3313E-03
  3.9099998901E+02  6.9535777202E-03  3.4772E-03  3.4764E-03
  3.9199998901E+02  7.1755796928E-03  3.5881E-03  3.5875E-03
  3.9299998901E+02  7.4830245909E-03  3.7418E-03  3.7412E-03
  3.9399998901E+02  7.7823064228E-03  3.8914E-03  3.8909E-03
  3.9499998901E+02  8.0734251886E-03  4.0369E-03  4.0365E-03
  3.9599998901E+02  8.3563808883E-03  4.1783E-03  4.1781E-03
  3.9699998901E+02  8.6311735219E-03  4.3156E-03  4.3155E-03
  3.9799998901E+02  8.8978030894E-03  4.4489E-03  4.4489E-03
  3.9899998901E+02  9.1562695907E-03  4.5781E-03  4.5782E-03
  3.9999998901E+02  9.4065730259E-03  4.7031E-03  4.7034E-03
  4.0099998901E+02  9.6487133950E-03  4.8241E-03  4.8246E-03
  4.0199998901E+02  9.8826906980E-03  4.9411E-03  4.9416E-03
  4.0299998901E+02  1.0108504935E-02  5.0539E-03  5.0546E-03
  4.0399998901E+02  1.0326156106E-02  5.1627E-03  5.1635E-03
  4.0499998901E+02  1.0535644210E-02  5.2673E-03  5.2683E-03
  4.0599998901E+02  1.0736969249E-02  5.3679E-03  5.3690E-03
  4.0699998901E+02  1.0930131221E-02  5.4645E-03  5.4657E-03
  4.0799998901E+02  1.1115130127E-02  5.5569E-03  5.5582E-03
  4.0899998901E+02  1.1291965967E-02  5.6452E-03  5.6467E-03
  4.0999998901E+02  1.1460638741E-02  5.7295E-03  5.7311E-03
  4.1099998901E+02  1.1621148449E-02  5.8097E-03  5.8114E-03
  4.1199998901E+02  1.1773495091E-02  5.8859E-03  5.8876E-03
  4.1299998901E+02  1.1917678667E-02  5.9579E-03  5.9598E-03
  4.1399998901E+02  1.2053699176E-02  6.0259E-03  6.0278E-03
  4.1499998901E+02  1.2181556620E-02  6.0898E-03  6.0918E-03
  4.1599998901E+02  1.2301250997E-02  6.1496E-03  6.1517E-03
  4.1699998901E+02  1.2420743555E-02  6.2093E-03  6.2114E-03
  4.1799998901E+02  1.2561995835E-02  6.2798E-03  6.2822E-03
  4.1899998901E+02  1.2726279720E-02  6.3618E-03  6.3644E-03
  4.1999998901E+02  1.2913595211E-02  6.4553E-03  6.4582E-03
  4.2099998901E+02  1.3123942307E-02  6.5604E-03  6.5636E-03
  4.2199998901E+02  1.3357321009E-02  6.6770E-03  6.6803E-03
  4.2299998901E+02  1.3613731316E-02  6.8051E-03  6.8086E-03
  4.2399998901E+02  1.7527026197E-02  8.7618E-03  8.7652E-03
  4.2499998901E+02  2.0382866370E-02  1.0190E-02  1.0193E-02
  4.2599998901E+02  2.1604369156E-02  1.0801E-02  1.0803E-02
  4.2699998901E+02  2.1663100325E-02  1.0831E-02  1.0832E-02
  4.2799998901E+02  2.1054874909E-02  1.0527E-02  1.0528E-02
  4.2899998901E+02  1.9946543598E-02  9.9728E-03  9.9738E-03
  4.2999998901E+02  1.8338106390E-02  9.1687E-03  9.1694E-03
  4.3099998901E+02  1.4558481117E-02  7.2789E-03  7.2796E-03
  4.3199998901E+02  1.0735954557E-02  5.3677E-03  5.3683E-03
  4.3299998901E+02  1.0026048476E-02  5.0127E-03  5.0133E-03
  4.3399998901E+02  9.8815659670E-03  4.9405E-03  4.9411E-03
  4.3499998901E+02  9.7383843047E-03  4.8689E-03  4.8695E-03
  4.3599998901E+02  9.5965034890E-03  4.7980E-03  4.7985E-03
  4.3699998901E+02  9.4559235198E-03  4.7277E-03  4.7282E-03
  4.3799998901E+02  9.3166443972E-03  4.6581E-03  4.6585E-03
  4.3899998901E+02  9.1786661210E-03  4.5891E-03  4.5895E-03
  4.3999998901E+02  9.0419886914E-03  4.5208E-03  4.5212E-03
  4.4099998901E+02  8.9066121083E-03  4.4531E-03  4.4535E-03
  4.4199998901E+02  8.7725363717E-03  4.3861E-03  4.3864E-03
  4.4299998901E+02  8.6397614817E-03  4.3197E-03  4.3200E-03
  4.4399998901E+02  8.5082874381E-03  4.2540E-03  4.2543E-03
  4.4499998901E+02  8.3781142411E-03  4.1889E-03  4.1892E-03
  4.4599998901E+02  8.2492418906E-03  4.1245E-03  4.1248E-03
  4.4699998901E+02  8.1216703867E-03  4.0607E-03  4.0610E-03
  4.4799998901E+02  7.9953997292E-03  3.9976E-03  3.9978E-03
  4.4899998901E+02  7.8704299183E-03  3.9351E-03  3.9353E-03
  4.4999998901E+02  7.7467609539E-03  3.8733E-03  3.8735E-03
  4.5099998901E+02  7.6243928361E-03  3.8121E-03  3.8123E-03
  4.5199998901E+02  7.5033255647E-03  3.7516E-03  3.7517E-03
  4.5299998901E+02  7.3835591399E-03  3.6917E-03  3.6919E-03
  4.5399998901E+02  7.2650935616E-03  3.6325E-03  3.6326E-03
  4.5499998901E+02  7.1479288298E-03  3.5739E-03  3.5740E-03
  4.5599998901E+02  7.0320649445E-03  3.5160E-03  3.5161E-03
  4.5699998901E+02  6.9175019058E-03  3.4587E-03  3.4588E-03
  4.5799998901E+02  6.8042397136E-03  3.4021E-03  3.4022E-03
  4.5899998901E+02  6.6922783679E-03  3.3461E-03  3.3462E-03
  4.5999998901E+02  6.5816178687E-03  3.2908E-03  3.2908E-03
  4.6099998901E+02  6.4722582161E-03  3.2361E-03  3.2362E-03
  4.6199998901E+02  6.3641994100E-03  3.1821E-03  3.1821E-03
  4.6299998901E+02  6.2574414504E-03  3.1287E-03  3.1287E-03
  4.6399998901E+02  6.1519843373E-03  3.0760E-03  3.0760E-03
  4.6499998901E+02  6.0478280707E-03  3.0239E-03  3.0239E-03
  4.6599998901E+02  5.9449726507E-03  2.9725E-03  2.9725E-03
  4.6699998901E+02  5.8434180772E-03  2.9217E-03  2.9217E-03
  4.6799998901E+02  5.7431643502E-03  2.8716E-03  2.8716E-03
  4.6899998901E+02  5.6442114697E-03  2.8221E-03  2.8221E-03
  4.6999998901E+02  5.5465594358E-03  2.7733E-03  2.7733E-03
  4.7099998901E+02  5.4502082484E-03  2.7251E-03  2.7251E-03
  4.7199998901E+02  5.9733097673E-03  2.9867E-03  2.9867E-03
  4.7299998901E+02  1.0977552615E-02  5.4888E-03  5.4888E-03
  4.7399998901E+02  1.6076832987E-02  8.0384E-03  8.0384E-03
  4.7499998901E+02  2.1455679749E-02  1.0728E-02  1.0728E-02
  4.7599998901E+02  4.3333061743E-02  2.1667E-02  2.1667E-02
  4.7699998901E+02  6.3394811243E-02  3.1697E-02  3.1697E-02
  4.7799998901E+02  7.1800892648E-02  3.5900E-02  3.5900E-02
  4.7899998901E+02  7.0611467945E-02  3.5306E-02  3.5306E-02
  4.7999998901E+02  7.0132698665E-02  3.5066E-02  3.5066E-02
  4.8099998901E+02  7.0904984991E-02  3.5452E-02  3.5452E-02
  4.8199998901E+02  7.3252999966E-02  3.6626E-02  3.6627E-02
  4.8299998901E+02  7.6246178579E-02  3.8123E-02  3.8123E-02
  4.8399998901E+02  7.9517155448E-02  3.9759E-02  3.9759E-02
  4.8499998901E+02  8.2125482487E-02  4.1063E-02  4.1063E-02
  4.8599998901E+02  8.5813160641E-02  4.2907E-02  4.2907E-02
  4.8699998901E+02  9.5434681336E-02  4.7717E-02  4.7717E-02
  4.8799998901E+02  9.6230003149E-02  4.8115E-02  4.8115E-02
  4.8899998901E+02  8.2006554104E-02  4.1003E-02  4.1003E-02
  4.8999998901E+02  7.9057927483E-02  3.9529E-02  3.9529E-02
  4.9099998901E+02  7.6314564964E-02  3.8157E-02  3.8157E-02
  4.9199998901E+02  7.3776466547E-02  3.6888E-02  3.6888E-02
  4.9299998901E+02  7.1443632234E-02  3.5722E-02  3.5722E-02
  4.9399998901E+02  6.9316062023E-02  3.4658E-02  3.4658E-02
  4.9499998901E+02  6.7393755915E-02  3.3697E-02  3.3697E-02
  4.9599998901E+02  6.5676713909E-02  3.2838E-02  3.2838E-02
  4.9699998901E+02  6.5760498047E-02  3.2880E-02  3.2880E-02
  4.9799998901E+02  7.8585604218E-02  3.9293E-02  3.9293E-02
  4.9899998901E+02  7.5841403303E-02  3.7921E-02  3.7921E-02
  4.9999998901E+02  5.9079154179E-02  2.9540E-02  2.9540E-02
  5.0099998901E+02  4.3057153149E-02  2.1529E-02  2.1529E-02
  5.0199998901E+02  3.2028555302E-02  1.6014E-02  1.6014E-02
  5.0299998901E+02  2.5322375398E-02  1.2661E-02  1.2661E-02
  5.0399998901E+02  2.1790626794E-02  1.0895E-02  1.0895E-02
  5.0499998901E+02  1.9690678095E-02  9.8453E-03  9.8453E-03
  5.0599998901E+02  1.7669937422E-02  8.8350E-03  8.8350E-03
  5.0699998901E+02  1.5728404775E-02  7.8642E-03  7.8642E-03
  5.0799998901E+02  1.3866080154E-02  6.9330E-03  6.9330E-03
  5.0899998901E+02  1.2082963560E-02  6.0415E-03  6.0415E-03
  5.0999998901E+02  1.0379054992E-02  5.1895E-03  5.1895E-03
  5.1099998901E+02  8.9084741408E-03  4.4542E-03  4.4542E-03
  5.1199998901E+02  9.5852570921E-03  4.7926E-03  4.7926E-03
  5.1299998901E+02  8.6987146402E-03  4.3494E-03  4.3494E-03
  5.1399998901E+02  3.2242163516E-03  1.6121E-03  1.6121E-03
  5.1499998901E+02  2.5450578460E-03  1.2725E-03  1.2725E-03
  5.1599998901E+02  1.9461287505E-03  9.7306E-04  9.7306E-04
  5.1699998901E+02  1.4274290650E-03  7.1371E-04  7.1371E-04
  5.1799998901E+02  9.8895878957E-04  4.9448E-04  4.9448E-04
  5.1899998901E+02  6.3071792417E-04  3.1536E-04  3.1536E-04
  5.1999998901E+02  3.5270646881E-04  1.7635E-04  1.7635E-04
  5.2099998901E+02  1.5492442350E-04  7.7462E-05  7.7462E-05
  5.2199998901E+02  3.7371788220E-05  1.8686E-05  1.8686E-05
  5.2299998901E+02  0.0000000000E+00  0.0000E+00  0.0000E+00
