 # Frequency[cm^-1] DOS PDOS
  0.0000000000E+00  0.0000000000E+00  0.0000E+00  0.0000E+00
  1.0000000000E+00  1.4498538539E-07  7.2493E-08  7.2493E-08
  2.0000000000E+00  5.7994896500E-07  2.8997E-07  2.8997E-07
  3.0000000000E+00  1.3048907389E-06  6.5245E-07  6.5245E-07
  4.0000000000E+00  2.3198107070E-06  1.1599E-06  1.1599E-06
  5.0000000000E+00  3.6247088693E-06  1.8124E-06  1.8124E-06
  6.0000000000E+00  5.2195852259E-06  2.6098E-06  2.6098E-06
  7.0000000000E+00  7.1044397768E-06  3.5522E-06  3.5522E-06
  8.0000000000E+00  9.2792725219E-06  4.6396E-06  4.6396E-06
  9.0000000000E+00  1.1744083461E-05  5.8720E-06  5.8720E-06
  1.0000000000E+01  1.4498872595E-05  7.2494E-06  7.2494E-06
  1.1000000000E+01  1.7543639923E-05  8.7718E-06  8.7718E-06
  1.2000000000E+01  2.0878385445E-05  1.0439E-05  1.0439E-05
  1.3000000000E+01  2.4503109161E-05  1.2252E-05  1.2252E-05
  1.4000000000E+01  2.8417811072E-05  1.4209E-05  1.4209E-05
  1.5000000000E+01  3.2622491177E-05  1.6311E-05  1.6311E-05
  1.6000000000E+01  3.7117149476E-05  1.8559E-05  1.8559E-05
  1.7000000000E+01  4.1901785969E-05  2.0951E-05  2.0951E-05
  1.8000000000E+01  4.6976400657E-05  2.3488E-05  2.3488E-05
  1.9000000000E+01  5.2340993538E-05  2.6170E-05  2.6170E-05
  2.0000000000E+01  5.7995564614E-05  2.8998E-05  2.8998E-05
  2.1000000000E+01  6.3940113885E-05  3.1970E-05  3.1970E-05
  2.2000000000E+01  7.0174641349E-05  3.5087E-05  3.5087E-05
  2.3000000000E+01  7.6699147008E-05  3.8350E-05  3.8350E-05
  2.4000000000E+01  8.3513630861E-05  4.1757E-05  4.1757E-05
  2.5000000000E+01  9.0618092909E-05  4.5309E-05  4.5309E-05
  2.6000000000E+01  9.8012533150E-05  4.9006E-05  4.9006E-05
  2.7000000000E+01  1.0569695159E-04  5.2848E-05  5.2848E-05
  2.8000000000E+01  1.1367134822E-04  5.6836E-05  5.6836E-05
  2.9000000000E+01  1.2193572304E-04  6.0968E-05  6.0968E-05
  3.0000000000E+01  1.3049007606E-04  6.5245E-05  6.5245E-05
  3.1000000000E+01  1.3933440727E-04  6.9667E-05  6.9667E-05
  3.2000000000E+01  1.4846871668E-04  7.4234E-05  7.4234E-05
  3.3000000000E+01  1.5789300428E-04  7.8947E-05  7.8947E-05
  3.4000000000E+01  1.6760727008E-04  8.3804E-05  8.3804E-05
  3.5000000000E+01  1.7761151407E-04  8.8806E-05  8.8806E-05
  3.6000000000E+01  1.8790573625E-04  9.3953E-05  9.3953E-05
  3.7000000000E+01  1.9848993663E-04  9.9245E-05  9.9245E-05
  3.8000000000E+01  2.0936411520E-04  1.0468E-04  1.0468E-04
  3.9000000000E+01  2.2052827197E-04  1.1026E-04  1.1026E-04
  4.0000000000E+01  2.3198240693E-04  1.1599E-04  1.1599E-04
  4.1000000000E+01  2.4372652008E-04  1.2186E-04  1.2186E-04
  4.2000000000E+01  2.5576061143E-04  1.2788E-04  1.2788E-04
  4.3000000000E+01  2.6808468098E-04  1.3404E-04  1.3404E-04
  4.4000000000E+01  2.8069872871E-04  1.4035E-04  1.4035E-04
  4.5000000000E+01  2.9360275465E-04  1.4680E-04  1.4680E-04
  4.6000000000E+01  3.0679675877E-04  1.5340E-04  1.5340E-04
  4.7000000000E+01  3.2028074109E-04  1.6014E-04  1.6014E-04
  4.8000000000E+01  3.3405470161E-04  1.6703E-04  1.6703E-04
  4.9000000000E+01  3.4811864032E-04  1.7406E-04  1.7406E-04
  5.0000000000E+01  3.6247255722E-04  1.8124E-04  1.8124E-04
  5.1000000000E+01  3.7711645232E-04  1.8856E-04  1.8856E-04
  5.2000000000E+01  3.9205032561E-04  1.9603E-04  1.9603E-04
  5.3000000000E+01  4.0727417710E-04  2.0364E-04  2.0364E-04
  5.4000000000E+01  4.2278800678E-04  2.1139E-04  2.1139E-04
  5.5000000000E+01  4.3859181465E-04  2.1930E-04  2.1930E-04
  5.6000000000E+01  4.5468560072E-04  2.2734E-04  2.2734E-04
  5.7000000000E+01  4.7106936499E-04  2.3553E-04  2.3553E-04
  5.8000000000E+01  4.8774310744E-04  2.4387E-04  2.4387E-04
  5.9000000000E+01  5.0470682810E-04  2.5235E-04  2.5235E-04
  6.0000000000E+01  5.2196052694E-04  2.6098E-04  2.6098E-04
  6.1000000000E+01  5.3950420398E-04  2.6975E-04  2.6975E-04
  6.2000000000E+01  5.5733785922E-04  2.7867E-04  2.7867E-04
  6.3000000000E+01  5.7546149264E-04  2.8773E-04  2.8773E-04
  6.4000000000E+01  5.9387510427E-04  2.9694E-04  2.9694E-04
  6.5000000000E+01  6.1257869408E-04  3.0629E-04  3.0629E-04
  6.6000000000E+01  6.3157226210E-04  3.1579E-04  3.1579E-04
  6.7000000000E+01  6.5085580830E-04  3.2543E-04  3.2543E-04
  6.8000000000E+01  6.7042933270E-04  3.3521E-04  3.3521E-04
  6.9000000000E+01  6.9029283530E-04  3.4515E-04  3.4515E-04
  7.0000000000E+01  7.1044631608E-04  3.5522E-04  3.5522E-04
  7.1000000000E+01  7.3088977507E-04  3.6544E-04  3.6544E-04
  7.2000000000E+01  7.5162321224E-04  3.7581E-04  3.7581E-04
  7.3000000000E+01  7.7264662762E-04  3.8632E-04  3.8632E-04
  7.4000000000E+01  7.9396002118E-04  3.9698E-04  3.9698E-04
  7.5000000000E+01  9.4258472142E-04  4.7129E-04  4.7129E-04
  7.6000000000E+01  1.1510670907E-03  5.7553E-04  5.7553E-04
  7.7000000000E+01  1.3568978946E-03  6.7845E-04  6.7845E-04
  7.8000000000E+01  1.5600771332E-03  7.8004E-04  7.8004E-04
  7.9000000000E+01  1.7606048065E-03  8.8030E-04  8.8030E-04
  8.0000000000E+01  1.9584809144E-03  9.7924E-04  9.7924E-04
  8.1000000000E+01  2.1537054570E-03  1.0769E-03  1.0769E-03
  8.2000000000E+01  2.3462784343E-03  1.1731E-03  1.1731E-03
  8.3000000000E+01  2.5361998462E-03  1.2681E-03  1.2681E-03
  8.4000000000E+01  2.7234696928E-03  1.3617E-03  1.3617E-03
  8.5000000000E+01  2.9080879740E-03  1.4540E-03  1.4540E-03
  8.6000000000E+01  3.0900546900E-03  1.5450E-03  1.5450E-03
  8.7000000000E+01  3.2693698406E-03  1.6347E-03  1.6347E-03
  8.8000000000E+01  3.4460334258E-03  1.7230E-03  1.7230E-03
  8.9000000000E+01  3.6200454457E-03  1.8100E-03  1.8100E-03
  9.0000000000E+01  3.7914059003E-03  1.8957E-03  1.8957E-03
  9.1000000000E+01  3.9601147895E-03  1.9801E-03  1.9801E-03
  9.2000000000E+01  4.1261721135E-03  2.0631E-03  2.0631E-03
  9.3000000000E+01  4.2895778720E-03  2.1448E-03  2.1448E-03
  9.4000000000E+01  4.4503320653E-03  2.2252E-03  2.2252E-03
  9.5000000000E+01  4.6084346932E-03  2.3042E-03  2.3042E-03
  9.6000000000E+01  4.7638857557E-03  2.3819E-03  2.3819E-03
  9.7000000000E+01  4.9166852530E-03  2.4583E-03  2.4583E-03
  9.8000000000E+01  5.0668331849E-03  2.5334E-03  2.5334E-03
  9.9000000000E+01  5.2143295514E-03  2.6072E-03  2.6072E-03
  1.0000000000E+02  5.4098095923E-03  2.7049E-03  2.7049E-03
  1.0100000000E+02  5.6867231084E-03  2.8434E-03  2.8434E-03
  1.0200000000E+02  6.0459991327E-03  3.0230E-03  3.0230E-03
  1.0300000000E+02  6.4876376652E-03  3.2438E-03  3.2438E-03
  1.0400000000E+02  7.0031753757E-03  3.5016E-03  3.5016E-03
  1.0500000000E+02  7.5343334087E-03  3.7672E-03  3.7672E-03
  1.0600000000E+02  8.0700314740E-03  4.0350E-03  4.0350E-03
  1.0700000000E+02  8.6102695716E-03  4.3051E-03  4.3051E-03
  1.0800000000E+02  9.1550477016E-03  4.5775E-03  4.5775E-03
  1.0900000000E+02  9.7043658639E-03  4.8522E-03  4.8522E-03
  1.1000000000E+02  1.0285326140E-02  5.1427E-03  5.1427E-03
  1.1100000000E+02  1.1108039883E-02  5.5540E-03  5.5540E-03
  1.1200000000E+02  1.1908557471E-02  5.9543E-03  5.9543E-03
  1.1300000000E+02  1.2686878902E-02  6.3434E-03  6.3434E-03
  1.1400000000E+02  1.3443004177E-02  6.7215E-03  6.7215E-03
  1.1500000000E+02  1.4176933295E-02  7.0885E-03  7.0885E-03
  1.1600000000E+02  1.4888666258E-02  7.4443E-03  7.4443E-03
  1.1700000000E+02  1.5578203064E-02  7.7891E-03  7.7891E-03
  1.1800000000E+02  1.6245543714E-02  8.1228E-03  8.1228E-03
  1.1900000000E+02  1.6890688207E-02  8.4453E-03  8.4453E-03
  1.2000000000E+02  1.7513636545E-02  8.7568E-03  8.7568E-03
  1.2100000000E+02  1.7967042356E-02  8.9835E-03  8.9835E-03
  1.2200000000E+02  1.8396766404E-02  9.1984E-03  9.1984E-03
  1.2300000000E+02  1.8862171190E-02  9.4311E-03  9.4311E-03
  1.2400000000E+02  1.9363256713E-02  9.6816E-03  9.6816E-03
  1.2500000000E+02  1.9900022974E-02  9.9500E-03  9.9500E-03
  1.2600000000E+02  2.3393296530E-02  1.1697E-02  1.1697E-02
  1.2700000000E+02  3.0306993433E-02  1.5153E-02  1.5153E-02
  1.2800000000E+02  2.1654321367E-02  1.0827E-02  1.0827E-02
  1.2900000000E+02  2.1771125325E-02  1.0886E-02  1.0886E-02
  1.3000000000E+02  2.1860475504E-02  1.0930E-02  1.0930E-02
  1.3100000000E+02  2.1922371906E-02  1.0961E-02  1.0961E-02
  1.3200000000E+02  2.1956814528E-02  1.0978E-02  1.0978E-02
  1.3300000000E+02  2.1963803373E-02  1.0982E-02  1.0982E-02
  1.3400000000E+02  2.2263281726E-02  1.1132E-02  1.1132E-02
  1.3500000000E+02  2.3320760224E-02  1.1660E-02  1.1660E-02
  1.3600000000E+02  2.5041757760E-02  1.2521E-02  1.2521E-02
  1.3700000000E+02  2.6704731329E-02  1.3352E-02  1.3352E-02
  1.3800000000E+02  2.5824992775E-02  1.2913E-02  1.2912E-02
  1.3900000000E+02  2.5224596174E-02  1.2612E-02  1.2612E-02
  1.4000000000E+02  2.4903541525E-02  1.2452E-02  1.2452E-02
  1.4100000000E+02  2.4830835566E-02  1.2415E-02  1.2415E-02
  1.4200000000E+02  2.4810960797E-02  1.2406E-02  1.2405E-02
  1.4300000000E+02  2.4809684311E-02  1.2405E-02  1.2405E-02
  1.4400000000E+02  2.4827006108E-02  1.2414E-02  1.2413E-02
  1.4500000000E+02  2.4862926190E-02  1.2431E-02  1.2431E-02
  1.4600000000E+02  2.5345732953E-02  1.2673E-02  1.2673E-02
  1.4700000000E+02  2.6203692744E-02  1.3102E-02  1.3102E-02
  1.4800000000E+02  2.6528654724E-02  1.3264E-02  1.3264E-02
  1.4900000000E+02  2.6320618892E-02  1.3160E-02  1.3160E-02
  1.5000000000E+02  2.5579585248E-02  1.2790E-02  1.2790E-02
  1.5100000000E+02  2.4305553793E-02  1.2153E-02  1.2153E-02
  1.5200000000E+02  2.4031697838E-02  1.2016E-02  1.2016E-02
  1.5300000000E+02  2.3779275148E-02  1.1890E-02  1.1890E-02
  1.5400000000E+02  2.3523765946E-02  1.1762E-02  1.1762E-02
  1.5500000000E+02  2.3265170232E-02  1.1633E-02  1.1633E-02
  1.5600000000E+02  2.3003488005E-02  1.1502E-02  1.1502E-02
  1.5700000000E+02  2.2738719266E-02  1.1369E-02  1.1369E-02
  1.5800000000E+02  2.2470864015E-02  1.1235E-02  1.1235E-02
  1.5900000000E+02  2.2199922250E-02  1.1100E-02  1.1100E-02
  1.6000000000E+02  2.1925893974E-02  1.0963E-02  1.0963E-02
  1.6100000000E+02  2.1570788798E-02  1.0785E-02  1.0785E-02
  1.6200000000E+02  2.1220940537E-02  1.0611E-02  1.0610E-02
  1.6300000000E+02  2.1402336176E-02  1.0701E-02  1.0701E-02
  1.6400000000E+02  2.1446310238E-02  1.0723E-02  1.0723E-02
  1.6500000000E+02  2.1352862721E-02  1.0677E-02  1.0676E-02
  1.6600000000E+02  2.1121993627E-02  1.0561E-02  1.0561E-02
  1.6700000000E+02  2.0753702954E-02  1.0377E-02  1.0377E-02
  1.6800000000E+02  2.0247990703E-02  1.0124E-02  1.0124E-02
  1.6900000000E+02  1.9474073319E-02  9.7371E-03  9.7370E-03
  1.7000000000E+02  1.8687512590E-02  9.3438E-03  9.3437E-03
  1.7100000000E+02  2.9738307144E-02  1.4869E-02  1.4869E-02
  1.7200000000E+02  2.5179407534E-02  1.2590E-02  1.2590E-02
  1.7300000000E+02  2.2202317135E-02  1.1101E-02  1.1101E-02
  1.7400000000E+02  2.1974709540E-02  1.0987E-02  1.0987E-02
  1.7500000000E+02  2.1775422914E-02  1.0888E-02  1.0888E-02
  1.7600000000E+02  2.1604457257E-02  1.0802E-02  1.0802E-02
  1.7700000000E+02  2.1461812570E-02  1.0731E-02  1.0731E-02
  1.7800000000E+02  2.1347488852E-02  1.0674E-02  1.0674E-02
  1.7900000000E+02  2.1261486104E-02  1.0631E-02  1.0631E-02
  1.8000000000E+02  2.1203804325E-02  1.0602E-02  1.0602E-02
  1.8100000000E+02  2.5725478007E-02  1.2863E-02  1.2863E-02
  1.8200000000E+02  2.9209362887E-02  1.4604E-02  1.4605E-02
  1.8300000000E+02  1.9574704646E-02  9.7872E-03  9.7875E-03
  1.8400000000E+02  1.8957229031E-02  9.4785E-03  9.4787E-03
  1.8500000000E+02  1.8339634751E-02  9.1697E-03  9.1699E-03
  1.8600000000E+02  1.7721921805E-02  8.8608E-03  8.8611E-03
  1.8700000000E+02  1.7104090194E-02  8.5519E-03  8.5521E-03
  1.8800000000E+02  1.6486139917E-02  8.2430E-03  8.2432E-03
  1.8900000000E+02  1.5868070974E-02  7.9340E-03  7.9341E-03
  1.9000000000E+02  1.5249883365E-02  7.6249E-03  7.6250E-03
  1.9100000000E+02  1.4631577090E-02  7.3157E-03  7.3159E-03
  1.9200000000E+02  1.4013152150E-02  7.0065E-03  7.0066E-03
  1.9300000000E+02  1.3394608544E-02  6.6972E-03  6.6974E-03
  1.9400000000E+02  1.2775946273E-02  6.3879E-03  6.3880E-03
  1.9500000000E+02  1.2157165336E-02  6.0785E-03  6.0786E-03
  1.9600000000E+02  1.1538265733E-02  5.7691E-03  5.7692E-03
  1.9700000000E+02  1.0919247464E-02  5.4596E-03  5.4597E-03
  1.9800000000E+02  1.0300110530E-02  5.1500E-03  5.1501E-03
  1.9900000000E+02  9.6808549295E-03  4.8404E-03  4.8405E-03
  2.0000000000E+02  9.0614806637E-03  4.5307E-03  4.5308E-03
  2.0100000000E+02  8.4419877322E-03  4.2210E-03  4.2210E-03
  2.0200000000E+02  7.8223761349E-03  3.9112E-03  3.9112E-03
  2.0300000000E+02  7.1933490048E-03  3.5967E-03  3.5967E-03
  2.0400000000E+02  6.2199498508E-03  3.1100E-03  3.1100E-03
  2.0500000000E+02  5.3374417234E-03  2.6687E-03  2.6687E-03
  2.0600000000E+02  4.5458246227E-03  2.2729E-03  2.2729E-03
  2.0700000000E+02  3.8450985486E-03  1.9225E-03  1.9226E-03
  2.0800000000E+02  3.2352635011E-03  1.6176E-03  1.6176E-03
  2.0900000000E+02  2.7163194802E-03  1.3582E-03  1.3582E-03
  2.1000000000E+02  2.2882664860E-03  1.1441E-03  1.1441E-03
  2.1100000000E+02  1.9511045184E-03  9.7555E-04  9.7555E-04
  2.1200000000E+02  1.7048335774E-03  8.5242E-04  8.5242E-04
  2.1300000000E+02  1.5494536631E-03  7.7473E-04  7.7473E-04
  2.1400000000E+02  1.4849647754E-03  7.4248E-04  7.4248E-04
  2.1500000000E+02  1.4966809899E-03  7.4834E-04  7.4834E-04
  2.1600000000E+02  1.5169453203E-03  7.5847E-04  7.5847E-04
  2.1700000000E+02  1.5373182964E-03  7.6866E-04  7.6866E-04
  2.1800000000E+02  1.5577999183E-03  7.7890E-04  7.7890E-04
  2.1900000000E+02  1.5783901860E-03  7.8920E-04  7.8920E-04
  2.2000000000E+02  1.6031032006E-03  8.0155E-04  8.0155E-04
  2.2100000000E+02  1.6338820175E-03  8.1694E-04  8.1694E-04
  2.2200000000E+02  1.6645534767E-03  8.3228E-04  8.3228E-04
  2.2300000000E+02  1.6951175783E-03  8.4756E-04  8.4756E-04
  2.2400000000E+02  1.7255743222E-03  8.6279E-04  8.6279E-04
  2.2500000000E+02  1.7559237084E-03  8.7796E-04  8.7796E-04
  2.2600000000E+02  1.7861657369E-03  8.9308E-04  8.9308E-04
  2.2700000000E+02  1.8163004077E-03  9.0815E-04  9.0815E-04
  2.2800000000E+02  1.8463277209E-03  9.2316E-04  9.2316E-04
  2.2900000000E+02  1.8762476763E-03  9.3812E-04  9.3812E-04
  2.3000000000E+02  1.9060602741E-03  9.5303E-04  9.5303E-04
  2.3100000000E+02  1.9357655142E-03  9.6788E-04  9.6788E-04
  2.3200000000E+02  1.9653633967E-03  9.8268E-04  9.8268E-04
  2.3300000000E+02  1.9948539214E-03  9.9743E-04  9.9743E-04
  2.3400000000E+02  2.0242370885E-03  1.0121E-03  1.0121E-03
  2.3500000000E+02  2.0535128979E-03  1.0268E-03  1.0268E-03
  2.3600000000E+02  2.0826813496E-03  1.0413E-03  1.0413E-03
  2.3700000000E+02  2.1117424436E-03  1.0559E-03  1.0559E-03
  2.3800000000E+02  2.1406961800E-03  1.0703E-03  1.0703E-03
  2.3900000000E+02  2.1695425587E-03  1.0848E-03  1.0848E-03
  2.4000000000E+02  2.1982815797E-03  1.0991E-03  1.0991E-03
  2.4100000000E+02  2.2269132430E-03  1.1135E-03  1.1135E-03
  2.4200000000E+02  2.2554375486E-03  1.1277E-03  1.1277E-03
  2.4300000000E+02  2.2838544966E-03  1.1419E-03  1.1419E-03
  2.4400000000E+02  2.3121640868E-03  1.1561E-03  1.1561E-03
  2.4500000000E+02  2.3403663194E-03  1.1702E-03  1.1702E-03
  2.4600000000E+02  2.3684611943E-03  1.1842E-03  1.1842E-03
  2.4700000000E+02  2.3964487116E-03  1.1982E-03  1.1982E-03
  2.4800000000E+02  2.4243288711E-03  1.2122E-03  1.2122E-03
  2.4900000000E+02  2.4521016730E-03  1.2261E-03  1.2261E-03
  2.5000000000E+02  2.4797671172E-03  1.2399E-03  1.2399E-03
  2.5100000000E+02  2.5073252037E-03  1.2537E-03  1.2537E-03
  2.5200000000E+02  2.5347759326E-03  1.2674E-03  1.2674E-03
  2.5300000000E+02  2.5621193037E-03  1.2811E-03  1.2811E-03
  2.5400000000E+02  2.5893553172E-03  1.2947E-03  1.2947E-03
  2.5500000000E+02  2.6166321625E-03  1.3083E-03  1.3083E-03
  2.5600000000E+02  2.6578581281E-03  1.3289E-03  1.3289E-03
  2.5700000000E+02  2.7005797045E-03  1.3503E-03  1.3503E-03
  2.5800000000E+02  2.7447968917E-03  1.3724E-03  1.3724E-03
  2.5900000000E+02  2.7905096896E-03  1.3953E-03  1.3953E-03
  2.6000000000E+02  2.8377180983E-03  1.4189E-03  1.4189E-03
  2.6100000000E+02  2.8864221177E-03  1.4432E-03  1.4432E-03
  2.6200000000E+02  2.9366217479E-03  1.4683E-03  1.4683E-03
  2.6300000000E+02  2.9883169889E-03  1.4942E-03  1.4942E-03
  2.6400000000E+02  3.0415078407E-03  1.5208E-03  1.5208E-03
  2.6500000000E+02  3.0961943032E-03  1.5481E-03  1.5481E-03
  2.6600000000E+02  3.1523763764E-03  1.5762E-03  1.5762E-03
  2.6700000000E+02  3.2100540604E-03  1.6050E-03  1.6050E-03
  2.6800000000E+02  3.2692273552E-03  1.6346E-03  1.6346E-03
  2.6900000000E+02  3.3298962608E-03  1.6650E-03  1.6649E-03
  2.7000000000E+02  3.3920607771E-03  1.6960E-03  1.6960E-03
  2.7100000000E+02  3.4557209042E-03  1.7279E-03  1.7278E-03
  2.7200000000E+02  3.5208766420E-03  1.7605E-03  1.7604E-03
  2.7300000000E+02  3.5875279906E-03  1.7938E-03  1.7937E-03
  2.7400000000E+02  3.6556749500E-03  1.8279E-03  1.8278E-03
  2.7500000000E+02  3.7253175201E-03  1.8627E-03  1.8626E-03
  2.7600000000E+02  3.7964557010E-03  1.8983E-03  1.8982E-03
  2.7700000000E+02  3.8690894926E-03  1.9346E-03  1.9345E-03
  2.7800000000E+02  3.9432188951E-03  1.9717E-03  1.9716E-03
  2.7900000000E+02  4.0188439082E-03  2.0095E-03  2.0094E-03
  2.8000000000E+02  4.0959645322E-03  2.0480E-03  2.0479E-03
  2.8100000000E+02  4.1745807669E-03  2.0874E-03  2.0872E-03
  2.8200000000E+02  4.2546926123E-03  2.1274E-03  2.1273E-03
  2.8300000000E+02  4.3363000686E-03  2.1682E-03  2.1681E-03
  2.8400000000E+02  4.4194031356E-03  2.2098E-03  2.2096E-03
  2.8500000000E+02  4.5040018133E-03  2.2521E-03  2.2519E-03
  2.8600000000E+02  4.5900961018E-03  2.2952E-03  2.2949E-03
  2.8700000000E+02  4.6776860011E-03  2.3390E-03  2.3387E-03
  2.8800000000E+02  4.7667715112E-03  2.3835E-03  2.3832E-03
  2.8900000000E+02  4.8573526320E-03  2.4288E-03  2.4285E-03
  2.9000000000E+02  4.9494293635E-03  2.4749E-03  2.4745E-03
  2.9100000000E+02  5.0430017059E-03  2.5217E-03  2.5213E-03
  2.9200000000E+02  5.1380696590E-03  2.5692E-03  2.5688E-03
  2.9300000000E+02  5.2346332228E-03  2.6175E-03  2.6171E-03
  2.9400000000E+02  5.3326923974E-03  2.6666E-03  2.6661E-03
  2.9500000000E+02  5.4322471828E-03  2.7164E-03  2.7159E-03
  2.9600000000E+02  5.5332975790E-03  2.7669E-03  2.7664E-03
  2.9700000000E+02  5.6358435859E-03  2.8182E-03  2.8176E-03
  2.9800000000E+02  5.8499521724E-03  2.9253E-03  2.9247E-03
  2.9900000000E+02  6.1279060507E-03  3.0643E-03  3.0636E-03
  3.0000000000E+02  6.4132631025E-03  3.2070E-03  3.2063E-03
  3.0100000000E+02  6.7060233276E-03  3.3534E-03  3.3526E-03
  3.0200000000E+02  7.0061867260E-03  3.5035E-03  3.5027E-03
  3.0300000000E+02  7.3137532978E-03  3.6573E-03  3.6564E-03
  3.0400000000E+02  7.6287230430E-03  3.8149E-03  3.8139E-03
  3.0500000000E+02  7.9510959615E-03  3.9761E-03  3.9750E-03
  3.0600000000E+02  8.2808720534E-03  4.1410E-03  4.1399E-03
  3.0700000000E+02  8.6180513187E-03  4.3096E-03  4.3084E-03
  3.0800000000E+02  8.9626337573E-03  4.4820E-03  4.4807E-03
  3.0900000000E+02  9.3146193693E-03  4.6580E-03  4.6566E-03
  3.1000000000E+02  9.6740081546E-03  4.8377E-03  4.8363E-03
  3.1100000000E+02  9.9570581047E-03  4.9793E-03  4.9777E-03
  3.1200000000E+02  1.0222382569E-02  5.1120E-03  5.1103E-03
  3.1300000000E+02  1.0477907997E-02  5.2399E-03  5.2380E-03
  3.1400000000E+02  1.0723633438E-02  5.3628E-03  5.3608E-03
  3.1500000000E+02  1.0959531720E-02  5.4808E-03  5.4787E-03
  3.1600000000E+02  1.1185590387E-02  5.5939E-03  5.5917E-03
  3.1700000000E+02  1.1401809440E-02  5.7021E-03  5.6997E-03
  3.1800000000E+02  1.1608188878E-02  5.8054E-03  5.8028E-03
  3.1900000000E+02  1.1804728701E-02  5.9037E-03  5.9010E-03
  3.2000000000E+02  1.1991428909E-02  5.9972E-03  5.9942E-03
  3.2100000000E+02  1.2168289503E-02  6.0857E-03  6.0826E-03
  3.2200000000E+02  1.2335310482E-02  6.1693E-03  6.1660E-03
  3.2300000000E+02  1.2492491847E-02  6.2480E-03  6.2445E-03
  3.2400000000E+02  1.2639833596E-02  6.3218E-03  6.3180E-03
  3.2500000000E+02  1.2777335731E-02  6.3907E-03  6.3866E-03
  3.2600000000E+02  1.2904998252E-02  6.4547E-03  6.4503E-03
  3.2700000000E+02  1.3022821157E-02  6.5137E-03  6.5091E-03
  3.2800000000E+02  1.3130804448E-02  6.5679E-03  6.5629E-03
  3.2900000000E+02  1.3228948124E-02  6.6171E-03  6.6119E-03
  3.3000000000E+02  1.3317252186E-02  6.6614E-03  6.6558E-03
  3.3100000000E+02  1.3395716633E-02  6.7008E-03  6.6949E-03
  3.3200000000E+02  1.4771831763E-02  7.3891E-03  7.3828E-03
  3.3300000000E+02  1.5396851555E-02  7.7018E-03  7.6951E-03
  3.3400000000E+02  1.4801307703E-02  7.4042E-03  7.3971E-03
  3.3500000000E+02  1.4375953324E-02  7.1918E-03  7.1842E-03
  3.3600000000E+02  1.4040553304E-02  7.0244E-03  7.0162E-03
  3.3700000000E+02  1.3687699061E-02  6.8482E-03  6.8395E-03
  3.3800000000E+02  1.3317390595E-02  6.6634E-03  6.6540E-03
  3.3900000000E+02  1.2929627906E-02  6.4698E-03  6.4598E-03
  3.4000000000E+02  1.2524410994E-02  6.2675E-03  6.2569E-03
  3.4100000000E+02  1.2101739859E-02  6.0566E-03  6.0452E-03
  3.4200000000E+02  1.1661614500E-02  5.8369E-03  5.8247E-03
  3.4300000000E+02  1.1204034919E-02  5.6085E-03  5.5955E-03
  3.4400000000E+02  1.0729001115E-02  5.3714E-03  5.3576E-03
  3.4500000000E+02  1.0236513087E-02  5.1256E-03  5.1109E-03
  3.4600000000E+02  9.7501117637E-03  4.8829E-03  4.8672E-03
  3.4700000000E+02  9.3190213920E-03  4.6678E-03  4.6512E-03
  3.4800000000E+02  8.9447886826E-03  4.4813E-03  4.4635E-03
  3.4900000000E+02  8.6274136357E-03  4.3232E-03  4.3043E-03
  3.5000000000E+02  8.3431604903E-03  4.1816E-03  4.1615E-03
  3.5100000000E+02  7.8948724828E-03  3.9581E-03  3.9368E-03
  3.5200000000E+02  7.4578502366E-03  3.7402E-03  3.7177E-03
  3.5300000000E+02  7.0320937517E-03  3.5278E-03  3.5043E-03
  3.5400000000E+02  6.6176030281E-03  3.3210E-03  3.2966E-03
  3.5500000000E+02  6.2143780658E-03  3.1199E-03  3.0945E-03
  3.5600000000E+02  5.8224188647E-03  2.9243E-03  2.8981E-03
  3.5700000000E+02  5.4417254250E-03  2.7343E-03  2.7075E-03
  3.5800000000E+02  5.0722977465E-03  2.5498E-03  2.5225E-03
  3.5900000000E+02  4.7141358293E-03  2.3710E-03  2.3431E-03
  3.6000000000E+02  4.3672396734E-03  2.1978E-03  2.1695E-03
  3.6100000000E+02  4.0316092788E-03  2.0301E-03  2.0015E-03
  3.6200000000E+02  3.7072446455E-03  1.8681E-03  1.8392E-03
  3.6300000000E+02  3.3941457734E-03  1.7116E-03  1.6826E-03
  3.6400000000E+02  3.0923126627E-03  1.5607E-03  1.5316E-03
  3.6500000000E+02  2.8017453132E-03  1.4154E-03  1.3864E-03
  3.6600000000E+02  2.5224437250E-03  1.2757E-03  1.2468E-03
  3.6700000000E+02  2.2544078981E-03  1.1416E-03  1.1128E-03
  3.6800000000E+02  1.9976378325E-03  1.0130E-03  9.8459E-04
  3.6900000000E+02  1.7521335281E-03  8.9011E-04  8.6202E-04
  3.7000000000E+02  1.5178949851E-03  7.7276E-04  7.4513E-04
  3.7100000000E+02  1.2949222033E-03  6.6101E-04  6.3391E-04
  3.7200000000E+02  1.0832151828E-03  5.5485E-04  5.2837E-04
  3.7300000000E+02  8.8277392362E-04  4.5428E-04  4.2849E-04
  3.7400000000E+02  8.1992961411E-04  4.2252E-04  3.9741E-04
  3.7500000000E+02  9.0942089374E-04  4.6690E-04  4.4252E-04
  3.7600000000E+02  1.0400653721E-03  5.3177E-04  5.0829E-04
  3.7700000000E+02  1.2101257675E-03  6.1628E-04  5.9384E-04
  3.7800000000E+02  1.4186109036E-03  7.1995E-04  6.9866E-04
  3.7900000000E+02  1.6655207803E-03  8.4278E-04  8.2274E-04
  3.8000000000E+02  1.9508553976E-03  9.8479E-04  9.6606E-04
  3.8100000000E+02  2.2746147556E-03  1.1460E-03  1.1286E-03
  3.8200000000E+02  2.6367988542E-03  1.3264E-03  1.3104E-03
  3.8300000000E+02  3.0374076935E-03  1.5260E-03  1.5114E-03
  3.8400000000E+02  3.4764412734E-03  1.7448E-03  1.7316E-03
  3.8500000000E+02  3.9538995940E-03  1.9829E-03  1.9710E-03
  3.8600000000E+02  4.4697826552E-03  2.2402E-03  2.2295E-03
  3.8700000000E+02  5.0240904570E-03  2.5168E-03  2.5073E-03
  3.8800000000E+02  5.6168229995E-03  2.8127E-03  2.8041E-03
  3.8900000000E+02  6.1858102568E-03  3.0967E-03  3.0891E-03
  3.9000000000E+02  6.6305131769E-03  3.3186E-03  3.3119E-03
  3.9100000000E+02  6.9495559946E-03  3.4777E-03  3.4719E-03
  3.9200000000E+02  7.1787273260E-03  3.5916E-03  3.5871E-03
  3.9300000000E+02  7.4946141816E-03  3.7488E-03  3.7458E-03
  3.9400000000E+02  7.8020465483E-03  3.9017E-03  3.9003E-03
  3.9500000000E+02  8.1010244261E-03  4.0504E-03  4.0507E-03
  3.9600000000E+02  8.3915478151E-03  4.1947E-03  4.1969E-03
  3.9700000000E+02  8.6736167153E-03  4.3347E-03  4.3389E-03
  3.9800000000E+02  8.9472311267E-03  4.4705E-03  4.4767E-03
  3.9900000000E+02  9.2123910492E-03  4.6021E-03  4.6103E-03
  4.0000000000E+02  9.4690964829E-03  4.7294E-03  4.7397E-03
  4.0100000000E+02  9.7173474277E-03  4.8524E-03  4.8650E-03
  4.0200000000E+02  9.9571438837E-03  4.9712E-03  4.9860E-03
  4.0300000000E+02  1.0188485851E-02  5.0858E-03  5.1027E-03
  4.0400000000E+02  1.0411373329E-02  5.1961E-03  5.2153E-03
  4.0500000000E+02  1.0625806319E-02  5.3023E-03  5.3235E-03
  4.0600000000E+02  1.0831784819E-02  5.4042E-03  5.4276E-03
  4.0700000000E+02  1.1029308831E-02  5.5020E-03  5.5274E-03
  4.0800000000E+02  1.1218378354E-02  5.5955E-03  5.6229E-03
  4.0900000000E+02  1.1398993388E-02  5.6849E-03  5.7141E-03
  4.1000000000E+02  1.1571153934E-02  5.7701E-03  5.8011E-03
  4.1100000000E+02  1.1734859990E-02  5.8511E-03  5.8837E-03
  4.1200000000E+02  1.1890111558E-02  5.9280E-03  5.9621E-03
  4.1300000000E+02  1.2036908636E-02  6.0008E-03  6.0361E-03
  4.1400000000E+02  1.2175251226E-02  6.0694E-03  6.1059E-03
  4.1500000000E+02  1.2305139328E-02  6.1339E-03  6.1713E-03
  4.1600000000E+02  1.2426572940E-02  6.1942E-03  6.2324E-03
  4.1700000000E+02  1.2548299392E-02  6.2544E-03  6.2939E-03
  4.1800000000E+02  1.2694829687E-02  6.3260E-03  6.3689E-03
  4.1900000000E+02  1.2867625351E-02  6.4100E-03  6.4577E-03
  4.2000000000E+02  1.3066686385E-02  6.5069E-03  6.5598E-03
  4.2100000000E+02  1.3292012790E-02  6.6172E-03  6.6748E-03
  4.2200000000E+02  1.3543604564E-02  6.7414E-03  6.8022E-03
  4.2300000000E+02  1.3821461708E-02  6.8799E-03  6.9416E-03
  4.2400000000E+02  1.8407170928E-02  9.1740E-03  9.2331E-03
  4.2500000000E+02  2.1155709741E-02  1.0552E-02  1.0604E-02
  4.2600000000E+02  2.2135652410E-02  1.1048E-02  1.1088E-02
  4.2700000000E+02  2.1855052149E-02  1.0913E-02  1.0942E-02
  4.2800000000E+02  2.1050450881E-02  1.0515E-02  1.0536E-02
  4.2900000000E+02  1.9721848607E-02  9.8530E-03  9.8689E-03
  4.3000000000E+02  1.7869245325E-02  8.9281E-03  8.9412E-03
  4.3100000000E+02  1.3000463176E-02  6.4943E-03  6.5061E-03
  4.3200000000E+02  1.0155497838E-02  5.0722E-03  5.0833E-03
  4.3300000000E+02  1.0008800451E-02  4.9991E-03  5.0097E-03
  4.3400000000E+02  9.8634213034E-03  4.9267E-03  4.9367E-03
  4.3500000000E+02  9.7193603949E-03  4.8550E-03  4.8644E-03
  4.3600000000E+02  9.5766177254E-03  4.7839E-03  4.7928E-03
  4.3700000000E+02  9.4351932951E-03  4.7134E-03  4.7218E-03
  4.3800000000E+02  9.2950871039E-03  4.6436E-03  4.6515E-03
  4.3900000000E+02  9.1562991518E-03  4.5744E-03  4.5819E-03
  4.4000000000E+02  9.0188294389E-03  4.5059E-03  4.5129E-03
  4.4100000000E+02  8.8826779651E-03  4.4381E-03  4.4446E-03
  4.4200000000E+02  8.7478447304E-03  4.3709E-03  4.3770E-03
  4.4300000000E+02  8.6143297348E-03  4.3043E-03  4.3100E-03
  4.4400000000E+02  8.4821329784E-03  4.2384E-03  4.2437E-03
  4.4500000000E+02  8.3512544611E-03  4.1731E-03  4.1781E-03
  4.4600000000E+02  8.2216941829E-03  4.1085E-03  4.1132E-03
  4.4700000000E+02  8.0934521439E-03  4.0446E-03  4.0489E-03
  4.4800000000E+02  7.9665283440E-03  3.9813E-03  3.9852E-03
  4.4900000000E+02  7.8409227832E-03  3.9186E-03  3.9223E-03
  4.5000000000E+02  7.7166354615E-03  3.8567E-03  3.8600E-03
  4.5100000000E+02  7.5936663790E-03  3.7953E-03  3.7984E-03
  4.5200000000E+02  7.4720155356E-03  3.7346E-03  3.7374E-03
  4.5300000000E+02  7.3516829313E-03  3.6746E-03  3.6771E-03
  4.5400000000E+02  7.2326685661E-03  3.6152E-03  3.6175E-03
  4.5500000000E+02  7.1149724401E-03  3.5565E-03  3.5585E-03
  4.5600000000E+02  6.9985945532E-03  3.4984E-03  3.5002E-03
  4.5700000000E+02  6.8835349054E-03  3.4410E-03  3.4426E-03
  4.5800000000E+02  6.7697934968E-03  3.3842E-03  3.3856E-03
  4.5900000000E+02  6.6573703273E-03  3.3281E-03  3.3293E-03
  4.6000000000E+02  6.5462653969E-03  3.2726E-03  3.2737E-03
  4.6100000000E+02  6.4364787056E-03  3.2178E-03  3.2187E-03
  4.6200000000E+02  6.3280102535E-03  3.1636E-03  3.1644E-03
  4.6300000000E+02  6.2208600405E-03  3.1101E-03  3.1108E-03
  4.6400000000E+02  6.1150280666E-03  3.0572E-03  3.0578E-03
  4.6500000000E+02  6.0105143319E-03  3.0050E-03  3.0055E-03
  4.6600000000E+02  5.9073188362E-03  2.9535E-03  2.9538E-03
  4.6700000000E+02  5.8054415798E-03  2.9026E-03  2.9029E-03
  4.6800000000E+02  5.7048825624E-03  2.8523E-03  2.8525E-03
  4.6900000000E+02  5.6056417842E-03  2.8027E-03  2.8029E-03
  4.7000000000E+02  5.5077192450E-03  2.7538E-03  2.7539E-03
  4.7100000000E+02  5.4111149451E-03  2.7055E-03  2.7056E-03
  4.7200000000E+02  7.4496853833E-03  3.7248E-03  3.7249E-03
  4.7300000000E+02  1.1880910438E-02  5.9404E-03  5.9405E-03
  4.7400000000E+02  1.5749541146E-02  7.8748E-03  7.8748E-03
  4.7500000000E+02  2.2030648035E-02  1.1015E-02  1.1015E-02
  4.7600000000E+02  4.3292127315E-02  2.1646E-02  2.1646E-02
  4.7700000000E+02  5.8244012288E-02  2.9122E-02  2.9122E-02
  4.7800000000E+02  6.6347203408E-02  3.3174E-02  3.3173E-02
  4.7900000000E+02  6.8802185092E-02  3.4401E-02  3.4401E-02
  4.8000000000E+02  7.1499176152E-02  3.5750E-02  3.5750E-02
  4.8100000000E+02  7.2808889504E-02  3.6404E-02  3.6405E-02
  4.8200000000E+02  7.5260549330E-02  3.7630E-02  3.7630E-02
  4.8300000000E+02  7.8103340264E-02  3.9051E-02  3.9052E-02
  4.8400000000E+02  8.1322313761E-02  4.0661E-02  4.0661E-02
  4.8500000000E+02  8.4165314659E-02  4.2082E-02  4.2083E-02
  4.8600000000E+02  8.8308886779E-02  4.4154E-02  4.4155E-02
  4.8700000000E+02  9.8797424773E-02  4.9399E-02  4.9399E-02
  4.8800000000E+02  9.8341664672E-02  4.9171E-02  4.9171E-02
  4.8900000000E+02  8.1239193513E-02  4.0620E-02  4.0620E-02
  4.9000000000E+02  7.8171513580E-02  3.9086E-02  3.9086E-02
  4.9100000000E+02  7.5318933088E-02  3.7659E-02  3.7660E-02
  4.9200000000E+02  7.2681452037E-02  3.6341E-02  3.6341E-02
  4.9300000000E+02  7.0259070427E-02  3.5130E-02  3.5130E-02
  4.9400000000E+02  6.8051788258E-02  3.4026E-02  3.4026E-02
  4.9500000000E+02  6.6059605531E-02  3.3030E-02  3.3030E-02
  4.9600000000E+02  6.4295391255E-02  3.2148E-02  3.2148E-02
  4.9700000000E+02  6.4328535242E-02  3.2164E-02  3.2164E-02
  4.9800000000E+02  7.5719890826E-02  3.7860E-02  3.7860E-02
  4.9900000000E+02  7.3994435528E-02  3.6997E-02  3.6997E-02
  5.0000000000E+02  5.8848101368E-02  2.9424E-02  2.9424E-02
  5.0100000000E+02  4.2555421802E-02  2.1278E-02  2.1278E-02
  5.0200000000E+02  3.2386032922E-02  1.6193E-02  1.6193E-02
  5.0300000000E+02  2.6414327108E-02  1.3207E-02  1.3207E-02
  5.0400000000E+02  2.2385403908E-02  1.1193E-02  1.1193E-02
  5.0500000000E+02  2.0067249993E-02  1.0034E-02  1.0034E-02
  5.0600000000E+02  1.8012312455E-02  9.0062E-03  9.0062E-03
  5.0700000000E+02  1.6038482432E-02  8.0192E-03  8.0192E-03
  5.0800000000E+02  1.4145759923E-02  7.0729E-03  7.0729E-03
  5.0900000000E+02  1.2334144929E-02  6.1671E-03  6.1671E-03
  5.1000000000E+02  1.0603637449E-02  5.3018E-03  5.3018E-03
  5.1100000000E+02  9.0766166907E-03  4.5383E-03  4.5383E-03
  5.1200000000E+02  9.5128524384E-03  4.7564E-03  4.7564E-03
  5.1300000000E+02  8.7449463439E-03  4.3725E-03  4.3725E-03
  5.1400000000E+02  3.4301361208E-03  1.7151E-03  1.7151E-03
  5.1500000000E+02  2.5810813835E-03  1.2905E-03  1.2905E-03
  5.1600000000E+02  1.9736740782E-03  9.8684E-04  9.8684E-04
  5.1700000000E+02  1.4476319993E-03  7.2382E-04  7.2382E-04
  5.1800000000E+02  1.0029551469E-03  5.0148E-04  5.0148E-04
  5.1900000000E+02  6.3964352090E-04  3.1982E-04  3.1982E-04
  5.2000000000E+02  3.5769712140E-04  1.7885E-04  1.7885E-04
  5.2100000000E+02  1.5711594835E-04  7.8558E-05  7.8558E-05
  5.2200000000E+02  3.7900001750E-05  1.8950E-05  1.8950E-05
  5.2300000000E+02  0.0000000000E+00  0.0000E+00  0.0000E+00
