 # Frequency[cm^-1] DOS PDOS
 -6.4712185951E-06  0.0000000000E+00  0.0000E+00  0.0000E+00
  9.9999352878E-01  4.5091501796E-07  2.2546E-07  2.2546E-07
  1.9999935288E+00  1.8036690834E-06  9.0183E-07  9.0183E-07
  2.9999935288E+00  4.0582621963E-06  2.0291E-06  2.0291E-06
  3.9999935288E+00  7.2146943568E-06  3.6073E-06  3.6073E-06
  4.9999935288E+00  1.1272965565E-05  5.6365E-06  5.6365E-06
  5.9999935288E+00  1.6233075820E-05  8.1165E-06  8.1165E-06
  6.9999935288E+00  2.2095025123E-05  1.1048E-05  1.1048E-05
  7.9999935288E+00  2.8858813474E-05  1.4429E-05  1.4429E-05
  8.9999935288E+00  3.6524440872E-05  1.8262E-05  1.8262E-05
  9.9999935288E+00  4.5091907317E-05  2.2546E-05  2.2546E-05
  1.0999993529E+01  5.4561212810E-05  2.7281E-05  2.7281E-05
  1.1999993529E+01  6.4932357350E-05  3.2466E-05  3.2466E-05
  1.2999993529E+01  7.6205340938E-05  3.8103E-05  3.8103E-05
  1.3999993529E+01  8.8380163574E-05  4.4190E-05  4.4190E-05
  1.4999993529E+01  1.0145682526E-04  5.0728E-05  5.0728E-05
  1.5999993529E+01  1.1543532599E-04  5.7718E-05  5.7718E-05
  1.6999993529E+01  1.3031566577E-04  6.5158E-05  6.5158E-05
  1.7999993529E+01  1.4609784459E-04  7.3049E-05  7.3049E-05
  1.8999993529E+01  1.6278186246E-04  8.1391E-05  8.1391E-05
  1.9999993529E+01  1.8036771938E-04  9.0184E-05  9.0184E-05
  2.0999993529E+01  1.9885541535E-04  9.9428E-05  9.9428E-05
  2.1999993529E+01  2.1824495037E-04  1.0912E-04  1.0912E-04
  2.2999993529E+01  2.3853632443E-04  1.1927E-04  1.1927E-04
  2.3999993529E+01  2.5972953754E-04  1.2986E-04  1.2986E-04
  2.4999993529E+01  2.8182458970E-04  1.4091E-04  1.4091E-04
  2.5999993529E+01  3.0482148090E-04  1.5241E-04  1.5241E-04
  2.6999993529E+01  3.2872021116E-04  1.6436E-04  1.6436E-04
  2.7999993529E+01  3.5352078046E-04  1.7676E-04  1.7676E-04
  2.8999993529E+01  3.7922318881E-04  1.8961E-04  1.8961E-04
  2.9999993529E+01  4.0582743620E-04  2.0291E-04  2.0291E-04
  3.0999993529E+01  4.3333352264E-04  2.1667E-04  2.1667E-04
  3.1999993529E+01  4.6174144814E-04  2.3087E-04  2.3087E-04
  3.2999993529E+01  4.9105121267E-04  2.4553E-04  2.4553E-04
  3.3999993529E+01  5.2126281626E-04  2.6063E-04  2.6063E-04
  3.4999993529E+01  5.5237625889E-04  2.7619E-04  2.7619E-04
  3.5999993529E+01  5.8439154057E-04  2.9220E-04  2.9220E-04
  3.6999993529E+01  6.1730866130E-04  3.0865E-04  3.0865E-04
  3.7999993529E+01  6.5112762108E-04  3.2556E-04  3.2556E-04
  3.8999993529E+01  6.8584841990E-04  3.4292E-04  3.4292E-04
  3.9999993529E+01  7.2147105777E-04  3.6074E-04  3.6074E-04
  4.0999993529E+01  7.5799553469E-04  3.7900E-04  3.7900E-04
  4.1999993529E+01  7.9542185065E-04  3.9771E-04  3.9771E-04
  4.2999993529E+01  8.3375000567E-04  4.1688E-04  4.1688E-04
  4.3999993529E+01  8.7297999973E-04  4.3649E-04  4.3649E-04
  4.4999993529E+01  9.1311183283E-04  4.5656E-04  4.5656E-04
  4.5999993529E+01  9.5414550499E-04  4.7707E-04  4.7707E-04
  4.6999993529E+01  9.9608101619E-04  4.9804E-04  4.9804E-04
  4.7999993529E+01  1.0389183664E-03  5.1946E-04  5.1946E-04
  4.8999993529E+01  1.1337828028E-03  5.6689E-04  5.6689E-04
  4.9999993529E+01  1.5923501732E-03  7.9618E-04  7.9618E-04
  5.0999993529E+01  2.0132164926E-03  1.0066E-03  1.0066E-03
  5.1999993529E+01  2.3963817611E-03  1.1982E-03  1.1982E-03
  5.2999993529E+01  2.7418459787E-03  1.3709E-03  1.3709E-03
  5.3999993529E+01  3.0496091453E-03  1.5248E-03  1.5248E-03
  5.4999993529E+01  3.3196712610E-03  1.6598E-03  1.6598E-03
  5.5999993529E+01  3.5520323257E-03  1.7760E-03  1.7760E-03
  5.6999993529E+01  3.7466923395E-03  1.8733E-03  1.8733E-03
  5.7999993529E+01  3.9036513023E-03  1.9518E-03  1.9518E-03
  5.8999993529E+01  4.0229092142E-03  2.0115E-03  2.0115E-03
  5.9999993529E+01  4.1044660751E-03  2.0522E-03  2.0522E-03
  6.0999993529E+01  4.1483218851E-03  2.0742E-03  2.0742E-03
  6.1999993529E+01  4.1544766442E-03  2.0772E-03  2.0772E-03
  6.2999993529E+01  4.1229303523E-03  2.0615E-03  2.0615E-03
  6.3999993529E+01  4.1990746417E-03  2.0995E-03  2.0995E-03
  6.4999993529E+01  4.3551479758E-03  2.1776E-03  2.1776E-03
  6.5999993529E+01  4.5122910792E-03  2.2561E-03  2.2561E-03
  6.6999993529E+01  4.6705039520E-03  2.3353E-03  2.3353E-03
  6.7999993529E+01  4.8297865940E-03  2.4149E-03  2.4149E-03
  6.8999993529E+01  4.9901390053E-03  2.4951E-03  2.4951E-03
  6.9999993529E+01  5.1515611859E-03  2.5758E-03  2.5758E-03
  7.0999993529E+01  5.3140531358E-03  2.6570E-03  2.6570E-03
  7.1999993529E+01  5.4785890310E-03  2.7393E-03  2.7393E-03
  7.2999993529E+01  5.6513041234E-03  2.8257E-03  2.8257E-03
  7.3999993529E+01  5.8330756357E-03  2.9165E-03  2.9165E-03
  7.4999993529E+01  6.0239035681E-03  3.0120E-03  3.0120E-03
  7.5999993529E+01  6.2237879206E-03  3.1119E-03  3.1119E-03
  7.6999993529E+01  6.4327286930E-03  3.2164E-03  3.2164E-03
  7.7999993529E+01  6.6507258855E-03  3.3254E-03  3.3254E-03
  7.8999993529E+01  6.8777794980E-03  3.4389E-03  3.4389E-03
  7.9999993529E+01  7.1138895306E-03  3.5569E-03  3.5569E-03
  8.0999993529E+01  7.3590559832E-03  3.6795E-03  3.6795E-03
  8.1999993529E+01  7.6132788558E-03  3.8066E-03  3.8066E-03
  8.2999993529E+01  7.8765581484E-03  3.9383E-03  3.9383E-03
  8.3999993529E+01  8.1488938611E-03  4.0744E-03  4.0744E-03
  8.4999993529E+01  8.4302859938E-03  4.2151E-03  4.2151E-03
  8.5999993529E+01  8.7207345465E-03  4.3604E-03  4.3604E-03
  8.6999993529E+01  9.0202395192E-03  4.5101E-03  4.5101E-03
  8.7999993529E+01  9.3290106934E-03  4.6645E-03  4.6645E-03
  8.8999993529E+01  9.6831402012E-03  4.8416E-03  4.8416E-03
  8.9999993529E+01  1.0109086587E-02  5.0545E-03  5.0545E-03
  9.0999993529E+01  1.0606849850E-02  5.3034E-03  5.3034E-03
  9.1999993529E+01  1.1176429990E-02  5.5882E-03  5.5882E-03
  9.2999993529E+01  1.1817827008E-02  5.9089E-03  5.9089E-03
  9.3999993529E+01  1.2531040904E-02  6.2655E-03  6.2655E-03
  9.4999993529E+01  1.3232551070E-02  6.6163E-03  6.6163E-03
  9.5999993529E+01  1.3949649595E-02  6.9748E-03  6.9748E-03
  9.6999993529E+01  1.4700328592E-02  7.3502E-03  7.3502E-03
  9.7999993529E+01  1.5484588063E-02  7.7423E-03  7.7423E-03
  9.8999993529E+01  1.6302428006E-02  8.1512E-03  8.1512E-03
  9.9999993529E+01  1.7153848423E-02  8.5770E-03  8.5769E-03
  1.0099999353E+02  1.8415993625E-02  9.2081E-03  9.2079E-03
  1.0199999353E+02  1.9679165978E-02  9.8397E-03  9.8395E-03
  1.0299999353E+02  2.0854524518E-02  1.0427E-02  1.0427E-02
  1.0399999353E+02  2.1920706175E-02  1.0961E-02  1.0960E-02
  1.0499999353E+02  2.2727885971E-02  1.1364E-02  1.1364E-02
  1.0599999353E+02  2.3247100506E-02  1.1624E-02  1.1623E-02
  1.0699999353E+02  2.3478349781E-02  1.1740E-02  1.1739E-02
  1.0799999353E+02  2.3421633795E-02  1.1712E-02  1.1710E-02
  1.0899999353E+02  2.3076952549E-02  1.1539E-02  1.1537E-02
  1.0999999353E+02  2.2444306043E-02  1.1223E-02  1.1221E-02
  1.1099999353E+02  2.1985358434E-02  1.0994E-02  1.0991E-02
  1.1199999353E+02  2.2128979927E-02  1.1066E-02  1.1063E-02
  1.1299999353E+02  2.2246041544E-02  1.1125E-02  1.1121E-02
  1.1399999353E+02  3.0777455438E-02  1.5392E-02  1.5386E-02
  1.1499999353E+02  2.8832616896E-02  1.4420E-02  1.4413E-02
  1.1599999353E+02  2.2925117451E-02  1.1467E-02  1.1458E-02
  1.1699999353E+02  2.2975761505E-02  1.1493E-02  1.1483E-02
  1.1799999353E+02  2.3013245521E-02  1.1512E-02  1.1501E-02
  1.1899999353E+02  2.3038744851E-02  1.1526E-02  1.1513E-02
  1.1999999353E+02  2.3317898478E-02  1.1667E-02  1.1651E-02
  1.2099999353E+02  2.4053426359E-02  1.2036E-02  1.2018E-02
  1.2199999353E+02  2.5410413524E-02  1.2715E-02  1.2695E-02
  1.2299999353E+02  2.6550221742E-02  1.3287E-02  1.3263E-02
  1.2399999353E+02  2.7091278938E-02  1.3559E-02  1.3532E-02
  1.2499999353E+02  2.7033585112E-02  1.3532E-02  1.3501E-02
  1.2599999353E+02  2.6377140262E-02  1.3207E-02  1.3170E-02
  1.2699999353E+02  2.4959679165E-02  1.2501E-02  1.2459E-02
  1.2799999353E+02  2.3580128203E-02  1.1814E-02  1.1766E-02
  1.2899999353E+02  2.2288327420E-02  1.1171E-02  1.1117E-02
  1.2999999353E+02  2.1084276816E-02  1.0573E-02  1.0511E-02
  1.3099999353E+02  1.9967976390E-02  1.0018E-02  9.9498E-03
  1.3199999353E+02  1.8939426143E-02  9.5075E-03  9.4319E-03
  1.3299999353E+02  1.7998626075E-02  9.0408E-03  8.9578E-03
  1.3399999353E+02  1.7145576186E-02  8.6180E-03  8.5276E-03
  1.3499999353E+02  1.6379416412E-02  8.2386E-03  8.1408E-03
  1.3599999353E+02  1.5693558878E-02  7.8993E-03  7.7943E-03
  1.3699999353E+02  1.5086627444E-02  7.5993E-03  7.4873E-03
  1.3799999353E+02  1.4558622111E-02  7.3386E-03  7.2200E-03
  1.3899999353E+02  1.4109542878E-02  7.1172E-03  6.9923E-03
  1.3999999353E+02  1.3846094155E-02  6.9883E-03  6.8578E-03
  1.4099999353E+02  1.3606740679E-02  6.8708E-03  6.7360E-03
  1.4199999353E+02  1.3377858517E-02  6.7580E-03  6.6199E-03
  1.4299999353E+02  1.3159447669E-02  6.6499E-03  6.5096E-03
  1.4399999353E+02  1.2951508135E-02  6.5465E-03  6.4050E-03
  1.4499999353E+02  1.2754039915E-02  6.4479E-03  6.3061E-03
  1.4599999353E+02  1.2567043009E-02  6.3541E-03  6.2129E-03
  1.4699999353E+02  1.2390517416E-02  6.2651E-03  6.1254E-03
  1.4799999353E+02  1.2224463137E-02  6.1809E-03  6.0435E-03
  1.4899999353E+02  1.2203108669E-02  6.1687E-03  6.0344E-03
  1.4999999353E+02  1.2207161257E-02  6.1688E-03  6.0383E-03
  1.5099999353E+02  1.2202291399E-02  6.1641E-03  6.0382E-03
  1.5199999353E+02  1.2188499093E-02  6.1546E-03  6.0339E-03
  1.5299999353E+02  1.2165784341E-02  6.1404E-03  6.0254E-03
  1.5399999353E+02  1.2134147142E-02  6.1214E-03  6.0128E-03
  1.5499999353E+02  1.2093587495E-02  6.0977E-03  5.9959E-03
  1.5599999353E+02  1.2044105402E-02  6.0692E-03  5.9749E-03
  1.5699999353E+02  1.1985700862E-02  6.0361E-03  5.9496E-03
  1.5799999353E+02  1.1918373875E-02  5.9984E-03  5.9200E-03
  1.5899999353E+02  1.2900506725E-02  6.4852E-03  6.4153E-03
  1.5999999353E+02  1.6834191028E-02  8.4475E-03  8.3866E-03
  1.6099999353E+02  1.8384329116E-02  9.2177E-03  9.1666E-03
  1.6199999353E+02  1.7550920989E-02  8.7954E-03  8.7556E-03
  1.6299999353E+02  1.5847970460E-02  7.9373E-03  7.9106E-03
  1.6399999353E+02  1.5822380278E-02  7.9170E-03  7.9054E-03
  1.6499999353E+02  1.5876428651E-02  7.9355E-03  7.9410E-03
  1.6599999353E+02  1.5940662014E-02  7.9582E-03  7.9825E-03
  1.6699999353E+02  1.6015080368E-02  7.9852E-03  8.0298E-03
  1.6799999353E+02  1.6099683712E-02  8.0167E-03  8.0830E-03
  1.6899999353E+02  1.6194472046E-02  8.0527E-03  8.1418E-03
  1.6999999353E+02  1.6299445371E-02  8.0933E-03  8.2062E-03
  1.7099999353E+02  1.6414603687E-02  8.1386E-03  8.2760E-03
  1.7199999353E+02  1.6539946993E-02  8.1886E-03  8.3513E-03
  1.7299999353E+02  1.9449643913E-02  9.4385E-03  1.0011E-02
  1.7399999353E+02  1.4058994224E-02  6.9330E-03  7.1260E-03
  1.7499999353E+02  1.3764998796E-02  6.7909E-03  6.9741E-03
  1.7599999353E+02  1.3471788610E-02  6.6490E-03  6.8227E-03
  1.7699999353E+02  1.3179363665E-02  6.5074E-03  6.6720E-03
  1.7799999353E+02  1.2887723962E-02  6.3660E-03  6.5217E-03
  1.7899999353E+02  1.2596869500E-02  6.2248E-03  6.3720E-03
  1.7999999353E+02  1.2306800280E-02  6.0839E-03  6.2229E-03
  1.8099999353E+02  1.2017516301E-02  5.9433E-03  6.0743E-03
  1.8199999353E+02  1.1729017564E-02  5.8028E-03  5.9262E-03
  1.8299999353E+02  1.1441304069E-02  5.6627E-03  5.7786E-03
  1.8399999353E+02  1.1154375815E-02  5.5228E-03  5.6316E-03
  1.8499999353E+02  1.0868232802E-02  5.3831E-03  5.4851E-03
  1.8599999353E+02  1.0582875031E-02  5.2437E-03  5.3392E-03
  1.8699999353E+02  1.0298302502E-02  5.1046E-03  5.1937E-03
  1.8799999353E+02  1.0014515214E-02  4.9657E-03  5.0488E-03
  1.8899999353E+02  9.7315131675E-03  4.8271E-03  4.9044E-03
  1.8999999353E+02  9.4492963626E-03  4.6888E-03  4.7605E-03
  1.9099999353E+02  9.1678647993E-03  4.5507E-03  4.6172E-03
  1.9199999353E+02  8.8872184775E-03  4.4129E-03  4.4743E-03
  1.9299999353E+02  8.6073573972E-03  4.2754E-03  4.3320E-03
  1.9399999353E+02  8.3282815585E-03  4.1381E-03  4.1901E-03
  1.9499999353E+02  8.0499909613E-03  4.0012E-03  4.0488E-03
  1.9599999353E+02  7.7724856056E-03  3.8645E-03  3.9080E-03
  1.9699999353E+02  7.4957654915E-03  3.7281E-03  3.7676E-03
  1.9799999353E+02  7.2198306189E-03  3.5921E-03  3.6278E-03
  1.9899999353E+02  6.9446809878E-03  3.4563E-03  3.4884E-03
  1.9999999353E+02  6.6703165983E-03  3.3207E-03  3.3496E-03
  2.0099999353E+02  6.3967374503E-03  3.1855E-03  3.2112E-03
  2.0199999353E+02  6.1239435438E-03  3.0506E-03  3.0733E-03
  2.0299999353E+02  5.8519348789E-03  2.9160E-03  2.9359E-03
  2.0399999353E+02  5.5807114555E-03  2.7817E-03  2.7990E-03
  2.0499999353E+02  5.3102732736E-03  2.6477E-03  2.6625E-03
  2.0599999353E+02  4.9068260097E-03  2.4471E-03  2.4597E-03
  2.0699999353E+02  4.5188974659E-03  2.2542E-03  2.2647E-03
  2.0799999353E+02  4.1543589733E-03  2.0728E-03  2.0816E-03
  2.0899999353E+02  3.8132105319E-03  1.9030E-03  1.9102E-03
  2.0999999353E+02  3.4954521417E-03  1.7448E-03  1.7507E-03
  2.1099999353E+02  3.2010838027E-03  1.5982E-03  1.6029E-03
  2.1199999353E+02  2.9301055149E-03  1.4632E-03  1.4669E-03
  2.1299999353E+02  2.6825172783E-03  1.3399E-03  1.3427E-03
  2.1399999353E+02  2.4583190929E-03  1.2281E-03  1.2302E-03
  2.1499999353E+02  2.2575109587E-03  1.1280E-03  1.1295E-03
  2.1599999353E+02  2.0800928756E-03  1.0395E-03  1.0406E-03
  2.1699999353E+02  1.9260648438E-03  9.6268E-04  9.6338E-04
  2.1799999353E+02  1.7954268632E-03  8.9750E-04  8.9793E-04
  2.1899999353E+02  1.6881789338E-03  8.4397E-04  8.4421E-04
  2.1999999353E+02  1.6043210556E-03  8.0210E-04  8.0222E-04
  2.2099999353E+02  1.5476502257E-03  7.7380E-04  7.7385E-04
  2.2199999353E+02  1.5222188480E-03  7.6110E-04  7.6112E-04
  2.2299999353E+02  1.5200173066E-03  7.6001E-04  7.6001E-04
  2.2399999353E+02  1.5404700157E-03  7.7024E-04  7.7024E-04
  2.2499999353E+02  1.5678910067E-03  7.8395E-04  7.8395E-04
  2.2599999353E+02  1.5952285554E-03  7.9761E-04  7.9761E-04
  2.2699999353E+02  1.6224826619E-03  8.1124E-04  8.1124E-04
  2.2799999353E+02  1.6496533261E-03  8.2483E-04  8.2483E-04
  2.2899999353E+02  1.6767405481E-03  8.3837E-04  8.3837E-04
  2.2999999353E+02  1.7037443278E-03  8.5187E-04  8.5187E-04
  2.3099999353E+02  1.7306646653E-03  8.6533E-04  8.6533E-04
  2.3199999353E+02  1.7575015605E-03  8.7875E-04  8.7875E-04
  2.3299999353E+02  1.7842550135E-03  8.9213E-04  8.9213E-04
  2.3399999353E+02  1.8109250243E-03  9.0546E-04  9.0546E-04
  2.3499999353E+02  1.8375115928E-03  9.1876E-04  9.1876E-04
  2.3599999353E+02  1.8640147190E-03  9.3201E-04  9.3201E-04
  2.3699999353E+02  1.8904344030E-03  9.4522E-04  9.4522E-04
  2.3799999353E+02  1.9167706447E-03  9.5839E-04  9.5839E-04
  2.3899999353E+02  1.9430234442E-03  9.7151E-04  9.7151E-04
  2.3999999353E+02  1.9691928015E-03  9.8460E-04  9.8460E-04
  2.4099999353E+02  1.9952787165E-03  9.9764E-04  9.9764E-04
  2.4199999353E+02  2.0212811892E-03  1.0106E-03  1.0106E-03
  2.4299999353E+02  2.0472002197E-03  1.0236E-03  1.0236E-03
  2.4399999353E+02  2.0730358080E-03  1.0365E-03  1.0365E-03
  2.4499999353E+02  2.0987879540E-03  1.0494E-03  1.0494E-03
  2.4599999353E+02  2.1244566578E-03  1.0622E-03  1.0622E-03
  2.4699999353E+02  2.1500419193E-03  1.0750E-03  1.0750E-03
  2.4799999353E+02  2.1755437385E-03  1.0878E-03  1.0878E-03
  2.4899999353E+02  2.2009621156E-03  1.1005E-03  1.1005E-03
  2.4999999353E+02  2.2262970503E-03  1.1131E-03  1.1131E-03
  2.5099999353E+02  2.2515485428E-03  1.1258E-03  1.1258E-03
  2.5199999353E+02  2.2767165931E-03  1.1384E-03  1.1384E-03
  2.5299999353E+02  2.3018012011E-03  1.1509E-03  1.1509E-03
  2.5399999353E+02  2.3268023669E-03  1.1634E-03  1.1634E-03
  2.5499999353E+02  2.3517200905E-03  1.1759E-03  1.1759E-03
  2.5599999353E+02  2.3765543717E-03  1.1883E-03  1.1883E-03
  2.5699999353E+02  2.4013052108E-03  1.2007E-03  1.2007E-03
  2.5799999353E+02  2.4259726076E-03  1.2130E-03  1.2130E-03
  2.5899999353E+02  2.4554759310E-03  1.2277E-03  1.2277E-03
  2.5999999353E+02  2.4872730963E-03  1.2436E-03  1.2436E-03
  2.6099999353E+02  2.5199763981E-03  1.2600E-03  1.2600E-03
  2.6199999353E+02  2.5535858362E-03  1.2768E-03  1.2768E-03
  2.6299999353E+02  2.5881014108E-03  1.2940E-03  1.2941E-03
  2.6399999353E+02  2.6235231219E-03  1.3117E-03  1.3118E-03
  2.6499999353E+02  2.6598509693E-03  1.3299E-03  1.3300E-03
  2.6599999353E+02  2.6970849532E-03  1.3485E-03  1.3486E-03
  2.6699999353E+02  2.7352250735E-03  1.3675E-03  1.3677E-03
  2.6799999353E+02  2.7742713303E-03  1.3870E-03  1.3872E-03
  2.6899999353E+02  2.8142237234E-03  1.4070E-03  1.4073E-03
  2.6999999353E+02  2.8550822530E-03  1.4274E-03  1.4277E-03
  2.7099999353E+02  2.8968469191E-03  1.4482E-03  1.4487E-03
  2.7199999353E+02  2.9395177215E-03  1.4695E-03  1.4701E-03
  2.7299999353E+02  2.9830946604E-03  1.4912E-03  1.4919E-03
  2.7399999353E+02  3.0275777357E-03  1.5133E-03  1.5142E-03
  2.7499999353E+02  3.0729669475E-03  1.5359E-03  1.5370E-03
  2.7599999353E+02  3.1192622956E-03  1.5590E-03  1.5603E-03
  2.7699999353E+02  3.1664637802E-03  1.5825E-03  1.5840E-03
  2.7799999353E+02  3.2145714013E-03  1.6064E-03  1.6082E-03
  2.7899999353E+02  3.2635851587E-03  1.6308E-03  1.6328E-03
  2.7999999353E+02  3.3135050526E-03  1.6556E-03  1.6579E-03
  2.8099999353E+02  3.3643310829E-03  1.6808E-03  1.6835E-03
  2.8199999353E+02  3.4160632497E-03  1.7065E-03  1.7096E-03
  2.8299999353E+02  3.4687015528E-03  1.7326E-03  1.7361E-03
  2.8399999353E+02  3.5222459924E-03  1.7591E-03  1.7631E-03
  2.8499999353E+02  3.5767059716E-03  1.7861E-03  1.7906E-03
  2.8599999353E+02  3.6324852887E-03  1.8138E-03  1.8187E-03
  2.8699999353E+02  3.6897986221E-03  1.8421E-03  1.8477E-03
  2.8799999353E+02  3.7486459718E-03  1.8713E-03  1.8774E-03
  2.8899999353E+02  3.8090273378E-03  1.9011E-03  1.9079E-03
  2.8999999353E+02  3.8709427202E-03  1.9318E-03  1.9392E-03
  2.9099999353E+02  3.9343921189E-03  1.9631E-03  1.9713E-03
  2.9199999353E+02  3.9993755339E-03  1.9952E-03  2.0041E-03
  2.9299999353E+02  4.0658929652E-03  2.0281E-03  2.0378E-03
  2.9399999353E+02  4.1339444128E-03  2.0617E-03  2.0723E-03
  2.9499999353E+02  4.2035298768E-03  2.0960E-03  2.1075E-03
  2.9599999353E+02  4.2746493570E-03  2.1311E-03  2.1436E-03
  2.9699999353E+02  4.3473028536E-03  2.1669E-03  2.1804E-03
  2.9799999353E+02  4.4214903665E-03  2.2035E-03  2.2180E-03
  2.9899999353E+02  4.4972118957E-03  2.2408E-03  2.2564E-03
  2.9999999353E+02  4.5744674412E-03  2.2788E-03  2.2957E-03
  3.0099999353E+02  4.6532570031E-03  2.3176E-03  2.3357E-03
  3.0199999353E+02  4.7335805812E-03  2.3571E-03  2.3765E-03
  3.0299999353E+02  4.8154381757E-03  2.3973E-03  2.4181E-03
  3.0399999353E+02  4.8988297865E-03  2.4383E-03  2.4605E-03
  3.0499999353E+02  4.9837554136E-03  2.4801E-03  2.5037E-03
  3.0599999353E+02  5.0702150570E-03  2.5225E-03  2.5477E-03
  3.0699999353E+02  5.1582313820E-03  2.5657E-03  2.5925E-03
  3.0799999353E+02  5.2481387502E-03  2.6098E-03  2.6383E-03
  3.0899999353E+02  5.3400481954E-03  2.6549E-03  2.6852E-03
  3.0999999353E+02  5.4339597175E-03  2.7009E-03  2.7330E-03
  3.1099999353E+02  5.5298733166E-03  2.7479E-03  2.7819E-03
  3.1199999353E+02  5.6277889927E-03  2.7959E-03  2.8319E-03
  3.1299999353E+02  5.7277067456E-03  2.8448E-03  2.8829E-03
  3.1399999353E+02  5.8341900562E-03  2.8969E-03  2.9373E-03
  3.1499999353E+02  6.0072683228E-03  2.9823E-03  3.0249E-03
  3.1599999353E+02  6.2263571953E-03  3.0906E-03  3.1357E-03
  3.1699999353E+02  6.4914566737E-03  3.2218E-03  3.2696E-03
  3.1799999353E+02  6.8025667580E-03  3.3758E-03  3.4267E-03
  3.1899999353E+02  7.1596874482E-03  3.5527E-03  3.6070E-03
  3.1999999353E+02  7.4675600486E-03  3.7047E-03  3.7628E-03
  3.2099999353E+02  7.6892551323E-03  3.8134E-03  3.8758E-03
  3.2199999353E+02  7.9068739422E-03  3.9198E-03  3.9871E-03
  3.2299999353E+02  8.1204164781E-03  4.0239E-03  4.0965E-03
  3.2399999353E+02  8.3298827401E-03  4.1257E-03  4.2042E-03
  3.2499999353E+02  8.5352727281E-03  4.2251E-03  4.3102E-03
  3.2599999353E+02  8.7365864421E-03  4.3222E-03  4.4144E-03
  3.2699999353E+02  8.9338238823E-03  4.4169E-03  4.5169E-03
  3.2799999353E+02  9.1269850484E-03  4.5093E-03  4.6177E-03
  3.2899999353E+02  9.3160699407E-03  4.5992E-03  4.7168E-03
  3.2999999353E+02  9.5010785590E-03  4.6868E-03  4.8143E-03
  3.3099999353E+02  9.6820109033E-03  4.7720E-03  4.9101E-03
  3.3199999353E+02  9.8588669737E-03  4.8547E-03  5.0042E-03
  3.3299999353E+02  1.0031646770E-02  4.9350E-03  5.0967E-03
  3.3399999353E+02  1.0200350293E-02  5.0128E-03  5.1875E-03
  3.3499999353E+02  1.0364977541E-02  5.0882E-03  5.2768E-03
  3.3599999353E+02  1.0525528516E-02  5.1611E-03  5.3644E-03
  3.3699999353E+02  1.0682003217E-02  5.2315E-03  5.4505E-03
  3.3799999353E+02  1.0834401643E-02  5.2994E-03  5.5350E-03
  3.3899999353E+02  1.0982723796E-02  5.3648E-03  5.6179E-03
  3.3999999353E+02  1.1126969675E-02  5.4277E-03  5.6993E-03
  3.4099999353E+02  1.1267139280E-02  5.4880E-03  5.7791E-03
  3.4199999353E+02  1.1403232611E-02  5.5458E-03  5.8575E-03
  3.4299999353E+02  1.1535249668E-02  5.6010E-03  5.9343E-03
  3.4399999353E+02  1.1663190451E-02  5.6536E-03  6.0096E-03
  3.4499999353E+02  1.1787054960E-02  5.7036E-03  6.0835E-03
  3.4599999353E+02  1.1906843195E-02  5.7510E-03  6.1559E-03
  3.4699999353E+02  1.2022555156E-02  5.7958E-03  6.2268E-03
  3.4799999353E+02  1.2134190844E-02  5.8379E-03  6.2963E-03
  3.4899999353E+02  1.2241750257E-02  5.8774E-03  6.3643E-03
  3.4999999353E+02  1.2345233396E-02  5.9142E-03  6.4310E-03
  3.5099999353E+02  1.2463981407E-02  5.9581E-03  6.5059E-03
  3.5199999353E+02  1.3054088157E-02  6.2368E-03  6.8173E-03
  3.5299999353E+02  1.4077687588E-02  6.7309E-03  7.3468E-03
  3.5399999353E+02  1.5232957709E-02  7.2887E-03  7.9443E-03
  3.5499999353E+02  1.5786287990E-02  7.5412E-03  8.2451E-03
  3.5599999353E+02  1.5704737029E-02  7.4692E-03  8.2355E-03
  3.5699999353E+02  1.4988304825E-02  7.0700E-03  7.9183E-03
  3.5799999353E+02  1.3636991380E-02  6.3408E-03  7.2962E-03
  3.5899999353E+02  1.1650796692E-02  5.2789E-03  6.3719E-03
  3.5999999353E+02  1.0775922561E-02  4.7630E-03  6.0129E-03
  3.6099999353E+02  1.0192414420E-02  4.4000E-03  5.7924E-03
  3.6199999353E+02  9.6294315951E-03  4.0552E-03  5.5742E-03
  3.6299999353E+02  9.0869740874E-03  3.7283E-03  5.3586E-03
  3.6399999353E+02  8.5650418966E-03  3.4191E-03  5.1459E-03
  3.6499999353E+02  8.0636350226E-03  3.1273E-03  4.9363E-03
  3.6599999353E+02  7.5827534655E-03  2.8527E-03  4.7300E-03
  3.6699999353E+02  7.1223972253E-03  2.5951E-03  4.5273E-03
  3.6799999353E+02  6.6825663020E-03  2.3541E-03  4.3284E-03
  3.6899999353E+02  6.2632606955E-03  2.1296E-03  4.1337E-03
  3.6999999353E+02  5.8644804060E-03  1.9213E-03  3.9432E-03
  3.7099999353E+02  5.4862254333E-03  1.7289E-03  3.7573E-03
  3.7199999353E+02  5.1284957774E-03  1.5523E-03  3.5762E-03
  3.7299999353E+02  4.7912914384E-03  1.3910E-03  3.4003E-03
  3.7399999353E+02  4.4746124164E-03  1.2450E-03  3.2296E-03
  3.7499999353E+02  4.1784587111E-03  1.1140E-03  3.0645E-03
  3.7599999353E+02  3.9026806692E-03  9.9761E-04  2.9051E-03
  3.7699999353E+02  3.6391056887E-03  8.9152E-04  2.7476E-03
  3.7799999353E+02  3.3830571554E-03  7.9316E-04  2.5899E-03
  3.7899999353E+02  3.1345350695E-03  7.0227E-04  2.4323E-03
  3.7999999353E+02  2.8935394309E-03  6.1862E-04  2.2749E-03
  3.8099999353E+02  2.6600702397E-03  5.4194E-04  2.1181E-03
  3.8199999353E+02  2.4341274957E-03  4.7201E-04  1.9621E-03
  3.8299999353E+02  2.2157111991E-03  4.0856E-04  1.8072E-03
  3.8399999353E+02  2.0048213497E-03  3.5135E-04  1.6535E-03
  3.8499999353E+02  1.8014579477E-03  3.0014E-04  1.5013E-03
  3.8599999353E+02  1.6056209930E-03  2.5468E-04  1.3509E-03
  3.8699999353E+02  1.4173104857E-03  2.1472E-04  1.2026E-03
  3.8799999353E+02  1.2365264256E-03  1.8002E-04  1.0565E-03
  3.8899999353E+02  1.0632688129E-03  1.5032E-04  9.1295E-04
  3.8999999353E+02  8.9753764746E-04  1.2539E-04  7.7215E-04
  3.9099999353E+02  7.3933292935E-04  1.0497E-04  6.3437E-04
  3.9199999353E+02  5.8865465857E-04  8.8813E-05  4.9984E-04
  3.9299999353E+02  5.2725502860E-04  1.2186E-04  4.0540E-04
  3.9399999353E+02  6.4123503985E-04  2.5972E-04  3.8151E-04
  3.9499999353E+02  7.9822937661E-04  4.3088E-04  3.6735E-04
  3.9599999353E+02  9.9823803887E-04  6.3252E-04  3.6571E-04
  3.9699999353E+02  1.2412610266E-03  8.6187E-04  3.7939E-04
  3.9799999353E+02  1.5272983399E-03  1.1161E-03  4.1119E-04
  3.9899999353E+02  1.8563499787E-03  1.3924E-03  4.6390E-04
  3.9999999353E+02  2.2284159429E-03  1.6881E-03  5.4033E-04
  4.0099999353E+02  2.6434962327E-03  2.0002E-03  6.4327E-04
  4.0199999353E+02  3.1015908480E-03  2.3261E-03  7.7552E-04
  4.0299999353E+02  3.6026997888E-03  2.6628E-03  9.3987E-04
  4.0399999353E+02  4.1468230550E-03  3.0077E-03  1.1391E-03
  4.0499999353E+02  4.7339606468E-03  3.3579E-03  1.3761E-03
  4.0599999353E+02  5.3641125641E-03  3.7105E-03  1.6536E-03
  4.0699999353E+02  6.0372788069E-03  4.0629E-03  1.9744E-03
  4.0799999353E+02  6.7534593752E-03  4.4122E-03  2.3412E-03
  4.0899999353E+02  7.5126542690E-03  4.7557E-03  2.7570E-03
  4.0999999353E+02  7.7867794140E-03  4.8486E-03  2.9382E-03
  4.1099999353E+02  8.3188461637E-03  5.1063E-03  3.2125E-03
  4.1199999353E+02  8.9487800488E-03  5.4250E-03  3.5238E-03
  4.1299999353E+02  9.5233976091E-03  5.7204E-03  3.8030E-03
  4.1399999353E+02  1.0042698845E-02  5.9869E-03  4.0558E-03
  4.1499999353E+02  1.0506683755E-02  6.2188E-03  4.2879E-03
  4.1599999353E+02  1.0915352341E-02  6.4105E-03  4.5048E-03
  4.1699999353E+02  1.1277457908E-02  6.5658E-03  4.7116E-03
  4.1799999353E+02  1.1617554773E-02  6.7086E-03  4.9090E-03
  4.1899999353E+02  1.1937109974E-02  6.8404E-03  5.0968E-03
  4.1999999353E+02  1.2236123509E-02  6.9612E-03  5.2749E-03
  4.2099999353E+02  1.2514595380E-02  7.0711E-03  5.4435E-03
  4.2199999353E+02  1.2772525585E-02  7.1701E-03  5.6024E-03
  4.2299999353E+02  1.3009914126E-02  7.2582E-03  5.7517E-03
  4.2399999353E+02  1.3226761002E-02  7.3356E-03  5.8912E-03
  4.2499999353E+02  1.3423066213E-02  7.4021E-03  6.0210E-03
  4.2599999353E+02  1.3600727800E-02  7.4589E-03  6.1419E-03
  4.2699999353E+02  1.3764164337E-02  7.5080E-03  6.2561E-03
  4.2799999353E+02  1.3913556159E-02  7.5498E-03  6.3638E-03
  4.2899999353E+02  1.4048903265E-02  7.5841E-03  6.4648E-03
  4.2999999353E+02  1.4170205656E-02  7.6111E-03  6.5591E-03
  4.3099999353E+02  1.4277463331E-02  7.6308E-03  6.6467E-03
  4.3199999353E+02  1.4370676291E-02  7.6431E-03  6.7275E-03
  4.3299999353E+02  1.4758461535E-02  7.8025E-03  6.9559E-03
  4.3399999353E+02  1.5204866863E-02  7.9913E-03  7.2135E-03
  4.3499999353E+02  1.5512457652E-02  8.1112E-03  7.4012E-03
  4.3599999353E+02  1.5681233903E-02  8.1627E-03  7.5186E-03
  4.3699999353E+02  1.5711195614E-02  8.1461E-03  7.5651E-03
  4.3799999353E+02  1.5596883522E-02  8.0596E-03  7.5373E-03
  4.3899999353E+02  1.5451334170E-02  7.9603E-03  7.4910E-03
  4.3999999353E+02  1.5277618672E-02  7.8495E-03  7.4281E-03
  4.4099999353E+02  1.5075737029E-02  7.7270E-03  7.3487E-03
  4.4199999353E+02  1.4845689240E-02  7.5928E-03  7.2529E-03
  4.4299999353E+02  1.4587475306E-02  7.4466E-03  7.1409E-03
  4.4399999353E+02  1.4301095227E-02  7.2883E-03  7.0128E-03
  4.4499999353E+02  1.3986549002E-02  7.1177E-03  6.8688E-03
  4.4599999353E+02  1.3643836631E-02  6.9348E-03  6.7091E-03
  4.4699999353E+02  1.3272958115E-02  6.7393E-03  6.5337E-03
  4.4799999353E+02  1.2873913454E-02  6.5310E-03  6.3429E-03
  4.4899999353E+02  1.2446702648E-02  6.3099E-03  6.1368E-03
  4.4999999353E+02  1.1830414286E-02  5.9953E-03  5.8351E-03
  4.5099999353E+02  1.0733886058E-02  5.4415E-03  5.2924E-03
  4.5199999353E+02  9.9697615651E-03  5.0545E-03  4.9153E-03
  4.5299999353E+02  9.5772739980E-03  4.8536E-03  4.7236E-03
  4.5399999353E+02  9.4149716354E-03  4.7681E-03  4.6469E-03
  4.5499999353E+02  9.2549952928E-03  4.6839E-03  4.5711E-03
  4.5599999353E+02  9.0973449699E-03  4.6011E-03  4.4963E-03
  4.5699999353E+02  8.9420206670E-03  4.5196E-03  4.4224E-03
  4.5799999353E+02  8.7890223838E-03  4.4394E-03  4.3496E-03
  4.5899999353E+02  8.6383501206E-03  4.3606E-03  4.2777E-03
  4.5999999353E+02  8.4900038772E-03  4.2831E-03  4.2069E-03
  4.6099999353E+02  8.3439836536E-03  4.2069E-03  4.1370E-03
  4.6199999353E+02  8.2002894500E-03  4.1321E-03  4.0682E-03
  4.6299999353E+02  8.0589212661E-03  4.0586E-03  4.0003E-03
  4.6399999353E+02  7.9198791022E-03  3.9864E-03  3.9335E-03
  4.6499999353E+02  7.7831629580E-03  3.9155E-03  3.8677E-03
  4.6599999353E+02  7.6487728338E-03  3.8459E-03  3.8029E-03
  4.6699999353E+02  7.5167087294E-03  3.7776E-03  3.7391E-03
  4.6799999353E+02  7.3869706449E-03  3.7107E-03  3.6763E-03
  4.6899999353E+02  7.2595585802E-03  3.6450E-03  3.6146E-03
  4.6999999353E+02  7.1344725353E-03  3.5806E-03  3.5538E-03
  4.7099999353E+02  7.0117125104E-03  3.5176E-03  3.4942E-03
  4.7199999353E+02  6.8912785053E-03  3.4558E-03  3.4355E-03
  4.7299999353E+02  6.7961317786E-03  3.4068E-03  3.3894E-03
  4.7399999353E+02  7.0056185919E-03  3.5103E-03  3.4953E-03
  4.7499999353E+02  7.6021370691E-03  3.8077E-03  3.7945E-03
  4.7599999353E+02  8.5856872102E-03  4.2991E-03  4.2865E-03
  4.7699999353E+02  9.9562690153E-03  4.9849E-03  4.9714E-03
  4.7799999353E+02  1.1713882484E-02  5.8651E-03  5.8488E-03
  4.7899999353E+02  1.3861511275E-02  6.9414E-03  6.9201E-03
  4.7999999353E+02  1.6409189281E-02  8.2191E-03  8.1901E-03
  4.8099999353E+02  2.7425554601E-02  1.3799E-02  1.3627E-02
  4.8199999353E+02  3.4821889699E-02  1.7598E-02  1.7224E-02
  4.8299999353E+02  4.1592352283E-02  2.0935E-02  2.0658E-02
  4.8399999353E+02  5.0286058050E-02  2.5202E-02  2.5084E-02
  4.8499999353E+02  5.9484462917E-02  2.9743E-02  2.9742E-02
  4.8599999353E+02  6.9270341919E-02  3.4596E-02  3.4674E-02
  4.8699999353E+02  7.7085057076E-02  3.8481E-02  3.8604E-02
  4.8799999353E+02  7.9861821684E-02  3.9854E-02  4.0008E-02
  4.8899999353E+02  8.2024347539E-02  4.0933E-02  4.1092E-02
  4.8999999353E+02  8.4585515679E-02  4.2220E-02  4.2365E-02
  4.9099999353E+02  8.7545326102E-02  4.3716E-02  4.3830E-02
  4.9199999353E+02  9.4779351879E-02  4.7353E-02  4.7426E-02
  4.9299999353E+02  9.7908011728E-02  4.8929E-02  4.8979E-02
  4.9399999353E+02  9.5776990830E-02  4.7871E-02  4.7906E-02
  4.9499999353E+02  9.6877452575E-02  4.8426E-02  4.8451E-02
  4.9599999353E+02  9.6942215700E-02  4.8463E-02  4.8479E-02
  4.9699999353E+02  9.5751376446E-02  4.7871E-02  4.7881E-02
  4.9799999353E+02  9.3542646153E-02  4.6768E-02  4.6774E-02
  4.9899999353E+02  1.1876387442E-01  5.9380E-02  5.9384E-02
  4.9999999353E+02  7.6444450559E-02  3.8221E-02  3.8223E-02
  5.0099999353E+02  6.8938143498E-02  3.4468E-02  3.4470E-02
  5.0199999353E+02  6.1851619084E-02  3.0925E-02  3.0926E-02
  5.0299999353E+02  5.5286315674E-02  2.7643E-02  2.7643E-02
  5.0399999353E+02  4.9242233267E-02  2.4621E-02  2.4621E-02
  5.0499999353E+02  4.3719371863E-02  2.1860E-02  2.1860E-02
  5.0599999353E+02  3.8717731462E-02  1.9359E-02  1.9359E-02
  5.0699999353E+02  3.5687932981E-02  1.7844E-02  1.7844E-02
  5.0799999353E+02  3.2916259026E-02  1.6458E-02  1.6458E-02
  5.0899999353E+02  3.0410066681E-02  1.5205E-02  1.5205E-02
  5.0999999353E+02  2.7906058373E-02  1.3953E-02  1.3953E-02
  5.1099999353E+02  2.5404234101E-02  1.2702E-02  1.2702E-02
  5.1199999353E+02  2.3091907341E-02  1.1546E-02  1.1546E-02
  5.1299999353E+02  3.1594014895E-02  1.5797E-02  1.5797E-02
  5.1399999353E+02  1.8932257321E-02  9.4661E-03  9.4661E-03
  5.1499999353E+02  1.6779164889E-02  8.3896E-03  8.3896E-03
  5.1599999353E+02  1.4296172572E-02  7.1481E-03  7.1481E-03
  5.1699999353E+02  1.5727613056E-02  7.8638E-03  7.8638E-03
  5.1799999353E+02  6.1852235585E-03  3.0926E-03  3.0926E-03
  5.1899999353E+02  3.9446836558E-03  1.9723E-03  1.9723E-03
  5.1999999353E+02  2.2059217292E-03  1.1030E-03  1.1030E-03
  5.2099999353E+02  9.6893777868E-04  4.8447E-04  4.8447E-04
  5.2199999353E+02  2.3373180422E-04  1.1687E-04  1.1687E-04
  5.2299999353E+02  0.0000000000E+00  0.0000E+00  0.0000E+00
