#  E (eV)   dos(E)     Int dos(E) EFermi =    2.578 eV
 -16.773  0.0000E+00  0.0000E+00
 -16.763  0.9097E-01  0.3032E-03
 -16.753  0.3564E+00  0.2417E-02
 -16.743  0.5683E+00  0.7347E-02
 -16.733  0.5852E+00  0.1320E-01
 -16.723  0.6825E+00  0.1948E-01
 -16.713  0.7972E+00  0.2688E-01
 -16.703  0.9145E+00  0.3544E-01
 -16.693  0.1007E+01  0.4509E-01
 -16.683  0.1052E+01  0.5540E-01
 -16.673  0.1101E+01  0.6617E-01
 -16.663  0.1160E+01  0.7746E-01
 -16.653  0.1230E+01  0.8940E-01
 -16.643  0.1301E+01  0.1021E+00
 -16.633  0.1372E+01  0.1154E+00
 -16.623  0.1450E+01  0.1295E+00
 -16.613  0.1524E+01  0.1444E+00
 -16.603  0.1585E+01  0.1600E+00
 -16.593  0.1633E+01  0.1761E+00
 -16.583  0.1691E+01  0.1927E+00
 -16.573  0.1747E+01  0.2099E+00
 -16.563  0.1802E+01  0.2276E+00
 -16.553  0.1864E+01  0.2459E+00
 -16.543  0.1936E+01  0.2649E+00
 -16.533  0.2010E+01  0.2847E+00
 -16.523  0.2086E+01  0.3051E+00
 -16.513  0.2162E+01  0.3264E+00
 -16.503  0.2234E+01  0.3484E+00
 -16.493  0.2303E+01  0.3710E+00
 -16.483  0.2367E+01  0.3944E+00
 -16.473  0.2437E+01  0.4184E+00
 -16.463  0.2518E+01  0.4432E+00
 -16.453  0.2605E+01  0.4688E+00
 -16.443  0.2697E+01  0.4953E+00
 -16.433  0.2791E+01  0.5227E+00
 -16.423  0.2889E+01  0.5511E+00
 -16.413  0.2993E+01  0.5805E+00
 -16.403  0.3103E+01  0.6110E+00
 -16.393  0.3217E+01  0.6426E+00
 -16.383  0.3368E+01  0.6755E+00
 -16.373  0.3769E+01  0.7110E+00
 -16.363  0.3917E+01  0.7504E+00
 -16.353  0.4083E+01  0.7904E+00
 -16.343  0.4263E+01  0.8322E+00
 -16.333  0.4467E+01  0.8758E+00
 -16.323  0.4725E+01  0.9217E+00
 -16.313  0.5033E+01  0.9704E+00
 -16.303  0.5464E+01  0.1023E+01
 -16.293  0.6280E+01  0.1082E+01
 -16.283  0.6716E+01  0.1147E+01
 -16.273  0.6961E+01  0.1216E+01
 -16.263  0.7041E+01  0.1286E+01
 -16.253  0.7226E+01  0.1357E+01
 -16.243  0.7985E+01  0.1432E+01
 -16.233  0.8968E+01  0.1517E+01
 -16.223  0.9218E+01  0.1609E+01
 -16.213  0.1102E+02  0.1709E+01
 -16.203  0.8182E+01  0.1800E+01
 -16.193  0.7470E+01  0.1878E+01
 -16.183  0.4532E+01  0.1941E+01
 -16.173  0.2442E+01  0.1974E+01
 -16.163  0.1714E+01  0.1994E+01
 -16.153  0.1396E+01  0.2010E+01
 -16.143  0.1183E+01  0.2022E+01
 -16.133  0.1064E+01  0.2034E+01
 -16.123  0.1080E+01  0.2044E+01
 -16.113  0.7093E+00  0.2054E+01
 -16.103  0.7587E+00  0.2061E+01
 -16.093  0.7701E+00  0.2069E+01
 -16.083  0.8110E+00  0.2077E+01
 -16.073  0.8533E+00  0.2085E+01
 -16.063  0.8970E+00  0.2094E+01
 -16.053  0.9464E+00  0.2103E+01
 -16.043  0.9999E+00  0.2113E+01
 -16.033  0.1053E+01  0.2123E+01
 -16.023  0.1105E+01  0.2134E+01
 -16.013  0.1158E+01  0.2145E+01
 -16.003  0.1212E+01  0.2157E+01
 -15.993  0.1261E+01  0.2169E+01
 -15.983  0.1320E+01  0.2182E+01
 -15.973  0.1394E+01  0.2196E+01
 -15.963  0.1476E+01  0.2210E+01
 -15.953  0.1715E+01  0.2226E+01
 -15.943  0.1875E+01  0.2244E+01
 -15.933  0.1973E+01  0.2264E+01
 -15.923  0.2124E+01  0.2284E+01
 -15.913  0.2288E+01  0.2306E+01
 -15.903  0.2474E+01  0.2330E+01
 -15.893  0.2700E+01  0.2356E+01
 -15.883  0.2955E+01  0.2384E+01
 -15.873  0.3230E+01  0.2415E+01
 -15.863  0.3566E+01  0.2449E+01
 -15.853  0.3947E+01  0.2486E+01
 -15.843  0.4331E+01  0.2528E+01
 -15.833  0.5297E+01  0.2577E+01
 -15.823  0.5942E+01  0.2633E+01
 -15.813  0.7047E+01  0.2697E+01
 -15.803  0.9056E+01  0.2776E+01
 -15.793  0.1283E+02  0.2883E+01
 -15.783  0.1533E+02  0.3030E+01
 -15.773  0.1059E+02  0.3165E+01
 -15.763  0.7622E+01  0.3254E+01
 -15.753  0.6255E+01  0.3323E+01
 -15.743  0.5583E+01  0.3382E+01
 -15.733  0.4545E+01  0.3433E+01
 -15.723  0.4024E+01  0.3476E+01
 -15.713  0.3601E+01  0.3514E+01
 -15.703  0.3276E+01  0.3548E+01
 -15.693  0.2987E+01  0.3579E+01
 -15.683  0.2745E+01  0.3608E+01
 -15.673  0.2566E+01  0.3634E+01
 -15.663  0.2395E+01  0.3659E+01
 -15.653  0.2227E+01  0.3682E+01
 -15.643  0.2066E+01  0.3704E+01
 -15.633  0.1796E+01  0.3725E+01
 -15.623  0.1692E+01  0.3742E+01
 -15.613  0.1596E+01  0.3758E+01
 -15.603  0.1510E+01  0.3774E+01
 -15.593  0.1439E+01  0.3789E+01
 -15.583  0.1385E+01  0.3803E+01
 -15.573  0.1332E+01  0.3816E+01
 -15.563  0.1273E+01  0.3829E+01
 -15.553  0.1209E+01  0.3842E+01
 -15.543  0.1140E+01  0.3854E+01
 -15.533  0.1075E+01  0.3865E+01
 -15.523  0.1015E+01  0.3875E+01
 -15.513  0.9639E+00  0.3885E+01
 -15.503  0.9263E+00  0.3894E+01
 -15.493  0.8970E+00  0.3904E+01
 -15.483  0.8610E+00  0.3912E+01
 -15.473  0.8201E+00  0.3921E+01
 -15.463  0.7790E+00  0.3929E+01
 -15.453  0.8752E+00  0.3938E+01
 -15.443  0.8695E+00  0.3947E+01
 -15.433  0.8652E+00  0.3956E+01
 -15.423  0.8704E+00  0.3964E+01
 -15.413  0.8944E+00  0.3973E+01
 -15.403  0.9262E+00  0.3982E+01
 -15.393  0.9656E+00  0.3992E+01
 -15.383  0.1022E+01  0.4002E+01
 -15.373  0.1112E+01  0.4012E+01
 -15.363  0.1227E+01  0.4024E+01
 -15.353  0.1368E+01  0.4037E+01
 -15.343  0.1867E+01  0.4053E+01
 -15.333  0.1897E+01  0.4072E+01
 -15.323  0.2019E+01  0.4091E+01
 -15.313  0.2388E+01  0.4114E+01
 -15.303  0.2780E+01  0.4139E+01
 -15.293  0.3282E+01  0.4169E+01
 -15.283  0.3631E+01  0.4205E+01
 -15.273  0.3829E+01  0.4242E+01
 -15.263  0.4213E+01  0.4282E+01
 -15.253  0.4700E+01  0.4326E+01
 -15.243  0.5217E+01  0.4376E+01
 -15.233  0.5990E+01  0.4432E+01
 -15.223  0.7317E+01  0.4498E+01
 -15.213  0.1132E+02  0.4589E+01
 -15.203  0.1753E+02  0.4730E+01
 -15.193  0.1684E+02  0.4896E+01
 -15.183  0.9527E+01  0.5032E+01
 -15.173  0.5842E+01  0.5103E+01
 -15.163  0.5054E+01  0.5157E+01
 -15.153  0.4436E+01  0.5204E+01
 -15.143  0.3955E+01  0.5246E+01
 -15.133  0.3559E+01  0.5283E+01
 -15.123  0.3279E+01  0.5318E+01
 -15.113  0.3091E+01  0.5349E+01
 -15.103  0.2920E+01  0.5379E+01
 -15.093  0.2766E+01  0.5408E+01
 -15.083  0.2623E+01  0.5435E+01
 -15.073  0.2490E+01  0.5460E+01
 -15.063  0.2365E+01  0.5485E+01
 -15.053  0.2255E+01  0.5508E+01
 -15.043  0.2156E+01  0.5530E+01
 -15.033  0.2075E+01  0.5551E+01
 -15.023  0.2004E+01  0.5571E+01
 -15.013  0.1935E+01  0.5591E+01
 -15.003  0.1869E+01  0.5610E+01
 -14.993  0.1806E+01  0.5628E+01
 -14.983  0.1745E+01  0.5646E+01
 -14.973  0.1684E+01  0.5663E+01
 -14.963  0.1625E+01  0.5680E+01
 -14.953  0.1563E+01  0.5696E+01
 -14.943  0.1512E+01  0.5711E+01
 -14.933  0.1470E+01  0.5726E+01
 -14.923  0.1429E+01  0.5740E+01
 -14.913  0.1388E+01  0.5755E+01
 -14.903  0.1348E+01  0.5768E+01
 -14.893  0.1309E+01  0.5782E+01
 -14.883  0.1267E+01  0.5794E+01
 -14.873  0.1221E+01  0.5807E+01
 -14.863  0.1176E+01  0.5819E+01
 -14.853  0.1135E+01  0.5830E+01
 -14.843  0.1095E+01  0.5842E+01
 -14.833  0.1057E+01  0.5852E+01
 -14.823  0.1020E+01  0.5863E+01
 -14.813  0.9827E+00  0.5873E+01
 -14.803  0.9457E+00  0.5882E+01
 -14.793  0.9089E+00  0.5892E+01
 -14.783  0.8724E+00  0.5901E+01
 -14.773  0.8370E+00  0.5909E+01
 -14.763  0.8070E+00  0.5917E+01
 -14.753  0.7789E+00  0.5925E+01
 -14.743  0.7499E+00  0.5933E+01
 -14.733  0.7196E+00  0.5940E+01
 -14.723  0.6862E+00  0.5947E+01
 -14.713  0.6496E+00  0.5954E+01
 -14.703  0.6056E+00  0.5960E+01
 -14.693  0.5569E+00  0.5966E+01
 -14.683  0.5096E+00  0.5971E+01
 -14.673  0.5423E+01  0.5983E+01
 -14.663  0.2049E+02  0.6154E+01
 -14.653  0.2207E+02  0.6361E+01
 -14.643  0.1150E+03  0.6808E+01
 -14.633  0.2939E+02  0.7309E+01
 -14.623  0.3111E+02  0.7606E+01
 -14.613  0.5257E+02  0.7990E+01
 -14.603  0.6525E+02  0.8626E+01
 -14.593  0.5072E+02  0.9162E+01
 -14.583  0.4364E+02  0.9617E+01
 -14.573  0.9373E+02  0.1034E+02
 -14.563  0.5288E+02  0.1115E+02
 -14.553  0.3013E+02  0.1154E+02
 -14.543  0.1903E+02  0.1178E+02
 -14.533  0.1022E+02  0.1192E+02
 -14.523  0.4839E+01  0.1199E+02
 -14.513  0.0000E+00  0.1200E+02
 -14.503  0.0000E+00  0.1200E+02
 -14.493  0.0000E+00  0.1200E+02
 -14.483  0.0000E+00  0.1200E+02
 -14.473  0.0000E+00  0.1200E+02
 -14.463  0.0000E+00  0.1200E+02
 -14.453  0.0000E+00  0.1200E+02
 -14.443  0.0000E+00  0.1200E+02
 -14.433  0.0000E+00  0.1200E+02
 -14.423  0.0000E+00  0.1200E+02
 -14.413  0.0000E+00  0.1200E+02
 -14.403  0.0000E+00  0.1200E+02
 -14.393  0.0000E+00  0.1200E+02
 -14.383  0.0000E+00  0.1200E+02
 -14.373  0.0000E+00  0.1200E+02
 -14.363  0.0000E+00  0.1200E+02
 -14.353  0.0000E+00  0.1200E+02
 -14.343  0.0000E+00  0.1200E+02
 -14.333  0.0000E+00  0.1200E+02
 -14.323  0.0000E+00  0.1200E+02
 -14.313  0.0000E+00  0.1200E+02
 -14.303  0.0000E+00  0.1200E+02
 -14.293  0.0000E+00  0.1200E+02
 -14.283  0.0000E+00  0.1200E+02
 -14.273  0.0000E+00  0.1200E+02
 -14.263  0.0000E+00  0.1200E+02
 -14.253  0.0000E+00  0.1200E+02
 -14.243  0.0000E+00  0.1200E+02
 -14.233  0.0000E+00  0.1200E+02
 -14.223  0.0000E+00  0.1200E+02
 -14.213  0.0000E+00  0.1200E+02
 -14.203  0.0000E+00  0.1200E+02
 -14.193  0.0000E+00  0.1200E+02
 -14.183  0.0000E+00  0.1200E+02
 -14.173  0.0000E+00  0.1200E+02
 -14.163  0.0000E+00  0.1200E+02
 -14.153  0.0000E+00  0.1200E+02
 -14.143  0.0000E+00  0.1200E+02
 -14.133  0.0000E+00  0.1200E+02
 -14.123  0.0000E+00  0.1200E+02
 -14.113  0.0000E+00  0.1200E+02
 -14.103  0.0000E+00  0.1200E+02
 -14.093  0.0000E+00  0.1200E+02
 -14.083  0.0000E+00  0.1200E+02
 -14.073  0.0000E+00  0.1200E+02
 -14.063  0.0000E+00  0.1200E+02
 -14.053  0.0000E+00  0.1200E+02
 -14.043  0.0000E+00  0.1200E+02
 -14.033  0.0000E+00  0.1200E+02
 -14.023  0.0000E+00  0.1200E+02
 -14.013  0.0000E+00  0.1200E+02
 -14.003  0.0000E+00  0.1200E+02
 -13.993  0.0000E+00  0.1200E+02
 -13.983  0.0000E+00  0.1200E+02
 -13.973  0.0000E+00  0.1200E+02
 -13.963  0.0000E+00  0.1200E+02
 -13.953  0.0000E+00  0.1200E+02
 -13.943  0.0000E+00  0.1200E+02
 -13.933  0.0000E+00  0.1200E+02
 -13.923  0.0000E+00  0.1200E+02
 -13.913  0.0000E+00  0.1200E+02
 -13.903  0.0000E+00  0.1200E+02
 -13.893  0.0000E+00  0.1200E+02
 -13.883  0.0000E+00  0.1200E+02
 -13.873  0.0000E+00  0.1200E+02
 -13.863  0.0000E+00  0.1200E+02
 -13.853  0.0000E+00  0.1200E+02
 -13.843  0.0000E+00  0.1200E+02
 -13.833  0.0000E+00  0.1200E+02
 -13.823  0.0000E+00  0.1200E+02
 -13.813  0.0000E+00  0.1200E+02
 -13.803  0.0000E+00  0.1200E+02
 -13.793  0.0000E+00  0.1200E+02
 -13.783  0.0000E+00  0.1200E+02
 -13.773  0.0000E+00  0.1200E+02
 -13.763  0.0000E+00  0.1200E+02
 -13.753  0.0000E+00  0.1200E+02
 -13.743  0.0000E+00  0.1200E+02
 -13.733  0.0000E+00  0.1200E+02
 -13.723  0.0000E+00  0.1200E+02
 -13.713  0.0000E+00  0.1200E+02
 -13.703  0.0000E+00  0.1200E+02
 -13.693  0.0000E+00  0.1200E+02
 -13.683  0.0000E+00  0.1200E+02
 -13.673  0.0000E+00  0.1200E+02
 -13.663  0.0000E+00  0.1200E+02
 -13.653  0.0000E+00  0.1200E+02
 -13.643  0.0000E+00  0.1200E+02
 -13.633  0.0000E+00  0.1200E+02
 -13.623  0.0000E+00  0.1200E+02
 -13.613  0.0000E+00  0.1200E+02
 -13.603  0.0000E+00  0.1200E+02
 -13.593  0.0000E+00  0.1200E+02
 -13.583  0.0000E+00  0.1200E+02
 -13.573  0.0000E+00  0.1200E+02
 -13.563  0.0000E+00  0.1200E+02
 -13.553  0.0000E+00  0.1200E+02
 -13.543  0.0000E+00  0.1200E+02
 -13.533  0.0000E+00  0.1200E+02
 -13.523  0.0000E+00  0.1200E+02
 -13.513  0.0000E+00  0.1200E+02
 -13.503  0.0000E+00  0.1200E+02
 -13.493  0.0000E+00  0.1200E+02
 -13.483  0.0000E+00  0.1200E+02
 -13.473  0.0000E+00  0.1200E+02
 -13.463  0.0000E+00  0.1200E+02
 -13.453  0.0000E+00  0.1200E+02
 -13.443  0.0000E+00  0.1200E+02
 -13.433  0.0000E+00  0.1200E+02
 -13.423  0.0000E+00  0.1200E+02
 -13.413  0.0000E+00  0.1200E+02
 -13.403  0.0000E+00  0.1200E+02
 -13.393  0.0000E+00  0.1200E+02
 -13.383  0.0000E+00  0.1200E+02
 -13.373  0.0000E+00  0.1200E+02
 -13.363  0.0000E+00  0.1200E+02
 -13.353  0.0000E+00  0.1200E+02
 -13.343  0.0000E+00  0.1200E+02
 -13.333  0.0000E+00  0.1200E+02
 -13.323  0.0000E+00  0.1200E+02
 -13.313  0.0000E+00  0.1200E+02
 -13.303  0.0000E+00  0.1200E+02
 -13.293  0.0000E+00  0.1200E+02
 -13.283  0.0000E+00  0.1200E+02
 -13.273  0.0000E+00  0.1200E+02
 -13.263  0.0000E+00  0.1200E+02
 -13.253  0.0000E+00  0.1200E+02
 -13.243  0.0000E+00  0.1200E+02
 -13.233  0.0000E+00  0.1200E+02
 -13.223  0.0000E+00  0.1200E+02
 -13.213  0.0000E+00  0.1200E+02
 -13.203  0.0000E+00  0.1200E+02
 -13.193  0.0000E+00  0.1200E+02
 -13.183  0.0000E+00  0.1200E+02
 -13.173  0.0000E+00  0.1200E+02
 -13.163  0.0000E+00  0.1200E+02
 -13.153  0.0000E+00  0.1200E+02
 -13.143  0.0000E+00  0.1200E+02
 -13.133  0.0000E+00  0.1200E+02
 -13.123  0.0000E+00  0.1200E+02
 -13.113  0.0000E+00  0.1200E+02
 -13.103  0.0000E+00  0.1200E+02
 -13.093  0.0000E+00  0.1200E+02
 -13.083  0.0000E+00  0.1200E+02
 -13.073  0.0000E+00  0.1200E+02
 -13.063  0.0000E+00  0.1200E+02
 -13.053  0.0000E+00  0.1200E+02
 -13.043  0.0000E+00  0.1200E+02
 -13.033  0.0000E+00  0.1200E+02
 -13.023  0.0000E+00  0.1200E+02
 -13.013  0.0000E+00  0.1200E+02
 -13.003  0.0000E+00  0.1200E+02
 -12.993  0.0000E+00  0.1200E+02
 -12.983  0.0000E+00  0.1200E+02
 -12.973  0.0000E+00  0.1200E+02
 -12.963  0.0000E+00  0.1200E+02
 -12.953  0.0000E+00  0.1200E+02
 -12.943  0.0000E+00  0.1200E+02
 -12.933  0.0000E+00  0.1200E+02
 -12.923  0.0000E+00  0.1200E+02
 -12.913  0.0000E+00  0.1200E+02
 -12.903  0.0000E+00  0.1200E+02
 -12.893  0.0000E+00  0.1200E+02
 -12.883  0.0000E+00  0.1200E+02
 -12.873  0.0000E+00  0.1200E+02
 -12.863  0.0000E+00  0.1200E+02
 -12.853  0.0000E+00  0.1200E+02
 -12.843  0.0000E+00  0.1200E+02
 -12.833  0.0000E+00  0.1200E+02
 -12.823  0.0000E+00  0.1200E+02
 -12.813  0.0000E+00  0.1200E+02
 -12.803  0.0000E+00  0.1200E+02
 -12.793  0.0000E+00  0.1200E+02
 -12.783  0.0000E+00  0.1200E+02
 -12.773  0.0000E+00  0.1200E+02
 -12.763  0.0000E+00  0.1200E+02
 -12.753  0.0000E+00  0.1200E+02
 -12.743  0.0000E+00  0.1200E+02
 -12.733  0.0000E+00  0.1200E+02
 -12.723  0.0000E+00  0.1200E+02
 -12.713  0.0000E+00  0.1200E+02
 -12.703  0.0000E+00  0.1200E+02
 -12.693  0.0000E+00  0.1200E+02
 -12.683  0.0000E+00  0.1200E+02
 -12.673  0.0000E+00  0.1200E+02
 -12.663  0.0000E+00  0.1200E+02
 -12.653  0.0000E+00  0.1200E+02
 -12.643  0.0000E+00  0.1200E+02
 -12.633  0.0000E+00  0.1200E+02
 -12.623  0.0000E+00  0.1200E+02
 -12.613  0.0000E+00  0.1200E+02
 -12.603  0.0000E+00  0.1200E+02
 -12.593  0.0000E+00  0.1200E+02
 -12.583  0.0000E+00  0.1200E+02
 -12.573  0.0000E+00  0.1200E+02
 -12.563  0.0000E+00  0.1200E+02
 -12.553  0.0000E+00  0.1200E+02
 -12.543  0.0000E+00  0.1200E+02
 -12.533  0.0000E+00  0.1200E+02
 -12.523  0.0000E+00  0.1200E+02
 -12.513  0.0000E+00  0.1200E+02
 -12.503  0.0000E+00  0.1200E+02
 -12.493  0.0000E+00  0.1200E+02
 -12.483  0.0000E+00  0.1200E+02
 -12.473  0.0000E+00  0.1200E+02
 -12.463  0.0000E+00  0.1200E+02
 -12.453  0.0000E+00  0.1200E+02
 -12.443  0.0000E+00  0.1200E+02
 -12.433  0.0000E+00  0.1200E+02
 -12.423  0.0000E+00  0.1200E+02
 -12.413  0.0000E+00  0.1200E+02
 -12.403  0.0000E+00  0.1200E+02
 -12.393  0.0000E+00  0.1200E+02
 -12.383  0.0000E+00  0.1200E+02
 -12.373  0.0000E+00  0.1200E+02
 -12.363  0.0000E+00  0.1200E+02
 -12.353  0.0000E+00  0.1200E+02
 -12.343  0.0000E+00  0.1200E+02
 -12.333  0.0000E+00  0.1200E+02
 -12.323  0.0000E+00  0.1200E+02
 -12.313  0.0000E+00  0.1200E+02
 -12.303  0.0000E+00  0.1200E+02
 -12.293  0.0000E+00  0.1200E+02
 -12.283  0.0000E+00  0.1200E+02
 -12.273  0.0000E+00  0.1200E+02
 -12.263  0.0000E+00  0.1200E+02
 -12.253  0.0000E+00  0.1200E+02
 -12.243  0.0000E+00  0.1200E+02
 -12.233  0.0000E+00  0.1200E+02
 -12.223  0.0000E+00  0.1200E+02
 -12.213  0.0000E+00  0.1200E+02
 -12.203  0.0000E+00  0.1200E+02
 -12.193  0.0000E+00  0.1200E+02
 -12.183  0.0000E+00  0.1200E+02
 -12.173  0.0000E+00  0.1200E+02
 -12.163  0.0000E+00  0.1200E+02
 -12.153  0.0000E+00  0.1200E+02
 -12.143  0.0000E+00  0.1200E+02
 -12.133  0.0000E+00  0.1200E+02
 -12.123  0.0000E+00  0.1200E+02
 -12.113  0.0000E+00  0.1200E+02
 -12.103  0.0000E+00  0.1200E+02
 -12.093  0.0000E+00  0.1200E+02
 -12.083  0.0000E+00  0.1200E+02
 -12.073  0.0000E+00  0.1200E+02
 -12.063  0.0000E+00  0.1200E+02
 -12.053  0.0000E+00  0.1200E+02
 -12.043  0.0000E+00  0.1200E+02
 -12.033  0.0000E+00  0.1200E+02
 -12.023  0.0000E+00  0.1200E+02
 -12.013  0.0000E+00  0.1200E+02
 -12.003  0.0000E+00  0.1200E+02
 -11.993  0.0000E+00  0.1200E+02
 -11.983  0.0000E+00  0.1200E+02
 -11.973  0.0000E+00  0.1200E+02
 -11.963  0.0000E+00  0.1200E+02
 -11.953  0.0000E+00  0.1200E+02
 -11.943  0.0000E+00  0.1200E+02
 -11.933  0.0000E+00  0.1200E+02
 -11.923  0.0000E+00  0.1200E+02
 -11.913  0.0000E+00  0.1200E+02
 -11.903  0.0000E+00  0.1200E+02
 -11.893  0.0000E+00  0.1200E+02
 -11.883  0.0000E+00  0.1200E+02
 -11.873  0.0000E+00  0.1200E+02
 -11.863  0.0000E+00  0.1200E+02
 -11.853  0.0000E+00  0.1200E+02
 -11.843  0.0000E+00  0.1200E+02
 -11.833  0.0000E+00  0.1200E+02
 -11.823  0.0000E+00  0.1200E+02
 -11.813  0.0000E+00  0.1200E+02
 -11.803  0.0000E+00  0.1200E+02
 -11.793  0.0000E+00  0.1200E+02
 -11.783  0.0000E+00  0.1200E+02
 -11.773  0.0000E+00  0.1200E+02
 -11.763  0.0000E+00  0.1200E+02
 -11.753  0.0000E+00  0.1200E+02
 -11.743  0.0000E+00  0.1200E+02
 -11.733  0.0000E+00  0.1200E+02
 -11.723  0.0000E+00  0.1200E+02
 -11.713  0.0000E+00  0.1200E+02
 -11.703  0.0000E+00  0.1200E+02
 -11.693  0.0000E+00  0.1200E+02
 -11.683  0.0000E+00  0.1200E+02
 -11.673  0.0000E+00  0.1200E+02
 -11.663  0.0000E+00  0.1200E+02
 -11.653  0.0000E+00  0.1200E+02
 -11.643  0.0000E+00  0.1200E+02
 -11.633  0.0000E+00  0.1200E+02
 -11.623  0.0000E+00  0.1200E+02
 -11.613  0.0000E+00  0.1200E+02
 -11.603  0.0000E+00  0.1200E+02
 -11.593  0.0000E+00  0.1200E+02
 -11.583  0.0000E+00  0.1200E+02
 -11.573  0.0000E+00  0.1200E+02
 -11.563  0.0000E+00  0.1200E+02
 -11.553  0.0000E+00  0.1200E+02
 -11.543  0.0000E+00  0.1200E+02
 -11.533  0.0000E+00  0.1200E+02
 -11.523  0.0000E+00  0.1200E+02
 -11.513  0.0000E+00  0.1200E+02
 -11.503  0.0000E+00  0.1200E+02
 -11.493  0.0000E+00  0.1200E+02
 -11.483  0.0000E+00  0.1200E+02
 -11.473  0.0000E+00  0.1200E+02
 -11.463  0.0000E+00  0.1200E+02
 -11.453  0.0000E+00  0.1200E+02
 -11.443  0.0000E+00  0.1200E+02
 -11.433  0.0000E+00  0.1200E+02
 -11.423  0.0000E+00  0.1200E+02
 -11.413  0.0000E+00  0.1200E+02
 -11.403  0.0000E+00  0.1200E+02
 -11.393  0.0000E+00  0.1200E+02
 -11.383  0.0000E+00  0.1200E+02
 -11.373  0.0000E+00  0.1200E+02
 -11.363  0.0000E+00  0.1200E+02
 -11.353  0.0000E+00  0.1200E+02
 -11.343  0.0000E+00  0.1200E+02
 -11.333  0.0000E+00  0.1200E+02
 -11.323  0.0000E+00  0.1200E+02
 -11.313  0.0000E+00  0.1200E+02
 -11.303  0.0000E+00  0.1200E+02
 -11.293  0.0000E+00  0.1200E+02
 -11.283  0.0000E+00  0.1200E+02
 -11.273  0.0000E+00  0.1200E+02
 -11.263  0.0000E+00  0.1200E+02
 -11.253  0.0000E+00  0.1200E+02
 -11.243  0.0000E+00  0.1200E+02
 -11.233  0.0000E+00  0.1200E+02
 -11.223  0.0000E+00  0.1200E+02
 -11.213  0.0000E+00  0.1200E+02
 -11.203  0.0000E+00  0.1200E+02
 -11.193  0.0000E+00  0.1200E+02
 -11.183  0.0000E+00  0.1200E+02
 -11.173  0.0000E+00  0.1200E+02
 -11.163  0.0000E+00  0.1200E+02
 -11.153  0.0000E+00  0.1200E+02
 -11.143  0.0000E+00  0.1200E+02
 -11.133  0.0000E+00  0.1200E+02
 -11.123  0.0000E+00  0.1200E+02
 -11.113  0.0000E+00  0.1200E+02
 -11.103  0.0000E+00  0.1200E+02
 -11.093  0.0000E+00  0.1200E+02
 -11.083  0.0000E+00  0.1200E+02
 -11.073  0.0000E+00  0.1200E+02
 -11.063  0.0000E+00  0.1200E+02
 -11.053  0.0000E+00  0.1200E+02
 -11.043  0.0000E+00  0.1200E+02
 -11.033  0.0000E+00  0.1200E+02
 -11.023  0.0000E+00  0.1200E+02
 -11.013  0.0000E+00  0.1200E+02
 -11.003  0.0000E+00  0.1200E+02
 -10.993  0.0000E+00  0.1200E+02
 -10.983  0.0000E+00  0.1200E+02
 -10.973  0.0000E+00  0.1200E+02
 -10.963  0.0000E+00  0.1200E+02
 -10.953  0.0000E+00  0.1200E+02
 -10.943  0.0000E+00  0.1200E+02
 -10.933  0.0000E+00  0.1200E+02
 -10.923  0.0000E+00  0.1200E+02
 -10.913  0.0000E+00  0.1200E+02
 -10.903  0.0000E+00  0.1200E+02
 -10.893  0.0000E+00  0.1200E+02
 -10.883  0.0000E+00  0.1200E+02
 -10.873  0.0000E+00  0.1200E+02
 -10.863  0.0000E+00  0.1200E+02
 -10.853  0.0000E+00  0.1200E+02
 -10.843  0.0000E+00  0.1200E+02
 -10.833  0.0000E+00  0.1200E+02
 -10.823  0.0000E+00  0.1200E+02
 -10.813  0.0000E+00  0.1200E+02
 -10.803  0.0000E+00  0.1200E+02
 -10.793  0.0000E+00  0.1200E+02
 -10.783  0.0000E+00  0.1200E+02
 -10.773  0.0000E+00  0.1200E+02
 -10.763  0.0000E+00  0.1200E+02
 -10.753  0.0000E+00  0.1200E+02
 -10.743  0.0000E+00  0.1200E+02
 -10.733  0.0000E+00  0.1200E+02
 -10.723  0.0000E+00  0.1200E+02
 -10.713  0.0000E+00  0.1200E+02
 -10.703  0.0000E+00  0.1200E+02
 -10.693  0.0000E+00  0.1200E+02
 -10.683  0.0000E+00  0.1200E+02
 -10.673  0.0000E+00  0.1200E+02
 -10.663  0.0000E+00  0.1200E+02
 -10.653  0.0000E+00  0.1200E+02
 -10.643  0.0000E+00  0.1200E+02
 -10.633  0.0000E+00  0.1200E+02
 -10.623  0.0000E+00  0.1200E+02
 -10.613  0.0000E+00  0.1200E+02
 -10.603  0.0000E+00  0.1200E+02
 -10.593  0.0000E+00  0.1200E+02
 -10.583  0.0000E+00  0.1200E+02
 -10.573  0.0000E+00  0.1200E+02
 -10.563  0.0000E+00  0.1200E+02
 -10.553  0.0000E+00  0.1200E+02
 -10.543  0.0000E+00  0.1200E+02
 -10.533  0.0000E+00  0.1200E+02
 -10.523  0.0000E+00  0.1200E+02
 -10.513  0.0000E+00  0.1200E+02
 -10.503  0.0000E+00  0.1200E+02
 -10.493  0.0000E+00  0.1200E+02
 -10.483  0.0000E+00  0.1200E+02
 -10.473  0.0000E+00  0.1200E+02
 -10.463  0.0000E+00  0.1200E+02
 -10.453  0.0000E+00  0.1200E+02
 -10.443  0.0000E+00  0.1200E+02
 -10.433  0.0000E+00  0.1200E+02
 -10.423  0.0000E+00  0.1200E+02
 -10.413  0.0000E+00  0.1200E+02
 -10.403  0.0000E+00  0.1200E+02
 -10.393  0.0000E+00  0.1200E+02
 -10.383  0.0000E+00  0.1200E+02
 -10.373  0.0000E+00  0.1200E+02
 -10.363  0.0000E+00  0.1200E+02
 -10.353  0.0000E+00  0.1200E+02
 -10.343  0.0000E+00  0.1200E+02
 -10.333  0.0000E+00  0.1200E+02
 -10.323  0.0000E+00  0.1200E+02
 -10.313  0.0000E+00  0.1200E+02
 -10.303  0.0000E+00  0.1200E+02
 -10.293  0.0000E+00  0.1200E+02
 -10.283  0.0000E+00  0.1200E+02
 -10.273  0.0000E+00  0.1200E+02
 -10.263  0.0000E+00  0.1200E+02
 -10.253  0.0000E+00  0.1200E+02
 -10.243  0.0000E+00  0.1200E+02
 -10.233  0.0000E+00  0.1200E+02
 -10.223  0.0000E+00  0.1200E+02
 -10.213  0.0000E+00  0.1200E+02
 -10.203  0.0000E+00  0.1200E+02
 -10.193  0.0000E+00  0.1200E+02
 -10.183  0.0000E+00  0.1200E+02
 -10.173  0.0000E+00  0.1200E+02
 -10.163  0.0000E+00  0.1200E+02
 -10.153  0.0000E+00  0.1200E+02
 -10.143  0.0000E+00  0.1200E+02
 -10.133  0.0000E+00  0.1200E+02
 -10.123  0.0000E+00  0.1200E+02
 -10.113  0.0000E+00  0.1200E+02
 -10.103  0.0000E+00  0.1200E+02
 -10.093  0.0000E+00  0.1200E+02
 -10.083  0.0000E+00  0.1200E+02
 -10.073  0.0000E+00  0.1200E+02
 -10.063  0.0000E+00  0.1200E+02
 -10.053  0.0000E+00  0.1200E+02
 -10.043  0.0000E+00  0.1200E+02
 -10.033  0.0000E+00  0.1200E+02
 -10.023  0.0000E+00  0.1200E+02
 -10.013  0.0000E+00  0.1200E+02
 -10.003  0.0000E+00  0.1200E+02
  -9.993  0.0000E+00  0.1200E+02
  -9.983  0.0000E+00  0.1200E+02
  -9.973  0.0000E+00  0.1200E+02
  -9.963  0.0000E+00  0.1200E+02
  -9.953  0.0000E+00  0.1200E+02
  -9.943  0.0000E+00  0.1200E+02
  -9.933  0.0000E+00  0.1200E+02
  -9.923  0.0000E+00  0.1200E+02
  -9.913  0.0000E+00  0.1200E+02
  -9.903  0.0000E+00  0.1200E+02
  -9.893  0.0000E+00  0.1200E+02
  -9.883  0.0000E+00  0.1200E+02
  -9.873  0.0000E+00  0.1200E+02
  -9.863  0.0000E+00  0.1200E+02
  -9.853  0.0000E+00  0.1200E+02
  -9.843  0.0000E+00  0.1200E+02
  -9.833  0.0000E+00  0.1200E+02
  -9.823  0.0000E+00  0.1200E+02
  -9.813  0.0000E+00  0.1200E+02
  -9.803  0.0000E+00  0.1200E+02
  -9.793  0.0000E+00  0.1200E+02
  -9.783  0.0000E+00  0.1200E+02
  -9.773  0.0000E+00  0.1200E+02
  -9.763  0.0000E+00  0.1200E+02
  -9.753  0.0000E+00  0.1200E+02
  -9.743  0.0000E+00  0.1200E+02
  -9.733  0.0000E+00  0.1200E+02
  -9.723  0.0000E+00  0.1200E+02
  -9.713  0.0000E+00  0.1200E+02
  -9.703  0.0000E+00  0.1200E+02
  -9.693  0.0000E+00  0.1200E+02
  -9.683  0.0000E+00  0.1200E+02
  -9.673  0.0000E+00  0.1200E+02
  -9.663  0.0000E+00  0.1200E+02
  -9.653  0.0000E+00  0.1200E+02
  -9.643  0.0000E+00  0.1200E+02
  -9.633  0.0000E+00  0.1200E+02
  -9.623  0.0000E+00  0.1200E+02
  -9.613  0.0000E+00  0.1200E+02
  -9.603  0.0000E+00  0.1200E+02
  -9.593  0.0000E+00  0.1200E+02
  -9.583  0.0000E+00  0.1200E+02
  -9.573  0.0000E+00  0.1200E+02
  -9.563  0.0000E+00  0.1200E+02
  -9.553  0.0000E+00  0.1200E+02
  -9.543  0.0000E+00  0.1200E+02
  -9.533  0.0000E+00  0.1200E+02
  -9.523  0.0000E+00  0.1200E+02
  -9.513  0.0000E+00  0.1200E+02
  -9.503  0.0000E+00  0.1200E+02
  -9.493  0.0000E+00  0.1200E+02
  -9.483  0.0000E+00  0.1200E+02
  -9.473  0.0000E+00  0.1200E+02
  -9.463  0.0000E+00  0.1200E+02
  -9.453  0.0000E+00  0.1200E+02
  -9.443  0.0000E+00  0.1200E+02
  -9.433  0.0000E+00  0.1200E+02
  -9.423  0.0000E+00  0.1200E+02
  -9.413  0.0000E+00  0.1200E+02
  -9.403  0.0000E+00  0.1200E+02
  -9.393  0.0000E+00  0.1200E+02
  -9.383  0.0000E+00  0.1200E+02
  -9.373  0.0000E+00  0.1200E+02
  -9.363  0.0000E+00  0.1200E+02
  -9.353  0.0000E+00  0.1200E+02
  -9.343  0.0000E+00  0.1200E+02
  -9.333  0.0000E+00  0.1200E+02
  -9.323  0.0000E+00  0.1200E+02
  -9.313  0.0000E+00  0.1200E+02
  -9.303  0.0000E+00  0.1200E+02
  -9.293  0.0000E+00  0.1200E+02
  -9.283  0.0000E+00  0.1200E+02
  -9.273  0.0000E+00  0.1200E+02
  -9.263  0.0000E+00  0.1200E+02
  -9.253  0.0000E+00  0.1200E+02
  -9.243  0.0000E+00  0.1200E+02
  -9.233  0.0000E+00  0.1200E+02
  -9.223  0.0000E+00  0.1200E+02
  -9.213  0.0000E+00  0.1200E+02
  -9.203  0.0000E+00  0.1200E+02
  -9.193  0.0000E+00  0.1200E+02
  -9.183  0.0000E+00  0.1200E+02
  -9.173  0.0000E+00  0.1200E+02
  -9.163  0.0000E+00  0.1200E+02
  -9.153  0.0000E+00  0.1200E+02
  -9.143  0.0000E+00  0.1200E+02
  -9.133  0.0000E+00  0.1200E+02
  -9.123  0.0000E+00  0.1200E+02
  -9.113  0.0000E+00  0.1200E+02
  -9.103  0.0000E+00  0.1200E+02
  -9.093  0.0000E+00  0.1200E+02
  -9.083  0.0000E+00  0.1200E+02
  -9.073  0.0000E+00  0.1200E+02
  -9.063  0.0000E+00  0.1200E+02
  -9.053  0.0000E+00  0.1200E+02
  -9.043  0.0000E+00  0.1200E+02
  -9.033  0.0000E+00  0.1200E+02
  -9.023  0.0000E+00  0.1200E+02
  -9.013  0.0000E+00  0.1200E+02
  -9.003  0.0000E+00  0.1200E+02
  -8.993  0.0000E+00  0.1200E+02
  -8.983  0.0000E+00  0.1200E+02
  -8.973  0.0000E+00  0.1200E+02
  -8.963  0.0000E+00  0.1200E+02
  -8.953  0.0000E+00  0.1200E+02
  -8.943  0.0000E+00  0.1200E+02
  -8.933  0.0000E+00  0.1200E+02
  -8.923  0.0000E+00  0.1200E+02
  -8.913  0.0000E+00  0.1200E+02
  -8.903  0.0000E+00  0.1200E+02
  -8.893  0.0000E+00  0.1200E+02
  -8.883  0.0000E+00  0.1200E+02
  -8.873  0.0000E+00  0.1200E+02
  -8.863  0.0000E+00  0.1200E+02
  -8.853  0.0000E+00  0.1200E+02
  -8.843  0.0000E+00  0.1200E+02
  -8.833  0.0000E+00  0.1200E+02
  -8.823  0.0000E+00  0.1200E+02
  -8.813  0.0000E+00  0.1200E+02
  -8.803  0.0000E+00  0.1200E+02
  -8.793  0.0000E+00  0.1200E+02
  -8.783  0.0000E+00  0.1200E+02
  -8.773  0.0000E+00  0.1200E+02
  -8.763  0.0000E+00  0.1200E+02
  -8.753  0.0000E+00  0.1200E+02
  -8.743  0.0000E+00  0.1200E+02
  -8.733  0.0000E+00  0.1200E+02
  -8.723  0.0000E+00  0.1200E+02
  -8.713  0.0000E+00  0.1200E+02
  -8.703  0.0000E+00  0.1200E+02
  -8.693  0.0000E+00  0.1200E+02
  -8.683  0.0000E+00  0.1200E+02
  -8.673  0.0000E+00  0.1200E+02
  -8.663  0.0000E+00  0.1200E+02
  -8.653  0.0000E+00  0.1200E+02
  -8.643  0.0000E+00  0.1200E+02
  -8.633  0.0000E+00  0.1200E+02
  -8.623  0.0000E+00  0.1200E+02
  -8.613  0.0000E+00  0.1200E+02
  -8.603  0.0000E+00  0.1200E+02
  -8.593  0.0000E+00  0.1200E+02
  -8.583  0.0000E+00  0.1200E+02
  -8.573  0.0000E+00  0.1200E+02
  -8.563  0.0000E+00  0.1200E+02
  -8.553  0.0000E+00  0.1200E+02
  -8.543  0.0000E+00  0.1200E+02
  -8.533  0.0000E+00  0.1200E+02
  -8.523  0.0000E+00  0.1200E+02
  -8.513  0.0000E+00  0.1200E+02
  -8.503  0.0000E+00  0.1200E+02
  -8.493  0.0000E+00  0.1200E+02
  -8.483  0.0000E+00  0.1200E+02
  -8.473  0.0000E+00  0.1200E+02
  -8.463  0.0000E+00  0.1200E+02
  -8.453  0.0000E+00  0.1200E+02
  -8.443  0.0000E+00  0.1200E+02
  -8.433  0.0000E+00  0.1200E+02
  -8.423  0.0000E+00  0.1200E+02
  -8.413  0.0000E+00  0.1200E+02
  -8.403  0.0000E+00  0.1200E+02
  -8.393  0.0000E+00  0.1200E+02
  -8.383  0.0000E+00  0.1200E+02
  -8.373  0.0000E+00  0.1200E+02
  -8.363  0.0000E+00  0.1200E+02
  -8.353  0.0000E+00  0.1200E+02
  -8.343  0.0000E+00  0.1200E+02
  -8.333  0.0000E+00  0.1200E+02
  -8.323  0.0000E+00  0.1200E+02
  -8.313  0.0000E+00  0.1200E+02
  -8.303  0.0000E+00  0.1200E+02
  -8.293  0.0000E+00  0.1200E+02
  -8.283  0.0000E+00  0.1200E+02
  -8.273  0.0000E+00  0.1200E+02
  -8.263  0.0000E+00  0.1200E+02
  -8.253  0.0000E+00  0.1200E+02
  -8.243  0.0000E+00  0.1200E+02
  -8.233  0.0000E+00  0.1200E+02
  -8.223  0.0000E+00  0.1200E+02
  -8.213  0.0000E+00  0.1200E+02
  -8.203  0.0000E+00  0.1200E+02
  -8.193  0.0000E+00  0.1200E+02
  -8.183  0.0000E+00  0.1200E+02
  -8.173  0.0000E+00  0.1200E+02
  -8.163  0.0000E+00  0.1200E+02
  -8.153  0.0000E+00  0.1200E+02
  -8.143  0.0000E+00  0.1200E+02
  -8.133  0.0000E+00  0.1200E+02
  -8.123  0.0000E+00  0.1200E+02
  -8.113  0.0000E+00  0.1200E+02
  -8.103  0.0000E+00  0.1200E+02
  -8.093  0.0000E+00  0.1200E+02
  -8.083  0.0000E+00  0.1200E+02
  -8.073  0.0000E+00  0.1200E+02
  -8.063  0.0000E+00  0.1200E+02
  -8.053  0.0000E+00  0.1200E+02
  -8.043  0.0000E+00  0.1200E+02
  -8.033  0.0000E+00  0.1200E+02
  -8.023  0.0000E+00  0.1200E+02
  -8.013  0.0000E+00  0.1200E+02
  -8.003  0.0000E+00  0.1200E+02
  -7.993  0.0000E+00  0.1200E+02
  -7.983  0.0000E+00  0.1200E+02
  -7.973  0.0000E+00  0.1200E+02
  -7.963  0.0000E+00  0.1200E+02
  -7.953  0.0000E+00  0.1200E+02
  -7.943  0.0000E+00  0.1200E+02
  -7.933  0.0000E+00  0.1200E+02
  -7.923  0.0000E+00  0.1200E+02
  -7.913  0.0000E+00  0.1200E+02
  -7.903  0.0000E+00  0.1200E+02
  -7.893  0.0000E+00  0.1200E+02
  -7.883  0.0000E+00  0.1200E+02
  -7.873  0.0000E+00  0.1200E+02
  -7.863  0.0000E+00  0.1200E+02
  -7.853  0.0000E+00  0.1200E+02
  -7.843  0.0000E+00  0.1200E+02
  -7.833  0.0000E+00  0.1200E+02
  -7.823  0.0000E+00  0.1200E+02
  -7.813  0.0000E+00  0.1200E+02
  -7.803  0.0000E+00  0.1200E+02
  -7.793  0.0000E+00  0.1200E+02
  -7.783  0.0000E+00  0.1200E+02
  -7.773  0.0000E+00  0.1200E+02
  -7.763  0.0000E+00  0.1200E+02
  -7.753  0.0000E+00  0.1200E+02
  -7.743  0.0000E+00  0.1200E+02
  -7.733  0.0000E+00  0.1200E+02
  -7.723  0.0000E+00  0.1200E+02
  -7.713  0.0000E+00  0.1200E+02
  -7.703  0.0000E+00  0.1200E+02
  -7.693  0.0000E+00  0.1200E+02
  -7.683  0.0000E+00  0.1200E+02
  -7.673  0.0000E+00  0.1200E+02
  -7.663  0.0000E+00  0.1200E+02
  -7.653  0.0000E+00  0.1200E+02
  -7.643  0.0000E+00  0.1200E+02
  -7.633  0.0000E+00  0.1200E+02
  -7.623  0.0000E+00  0.1200E+02
  -7.613  0.0000E+00  0.1200E+02
  -7.603  0.0000E+00  0.1200E+02
  -7.593  0.0000E+00  0.1200E+02
  -7.583  0.0000E+00  0.1200E+02
  -7.573  0.0000E+00  0.1200E+02
  -7.563  0.0000E+00  0.1200E+02
  -7.553  0.0000E+00  0.1200E+02
  -7.543  0.0000E+00  0.1200E+02
  -7.533  0.0000E+00  0.1200E+02
  -7.523  0.0000E+00  0.1200E+02
  -7.513  0.0000E+00  0.1200E+02
  -7.503  0.0000E+00  0.1200E+02
  -7.493  0.0000E+00  0.1200E+02
  -7.483  0.0000E+00  0.1200E+02
  -7.473  0.0000E+00  0.1200E+02
  -7.463  0.0000E+00  0.1200E+02
  -7.453  0.0000E+00  0.1200E+02
  -7.443  0.0000E+00  0.1200E+02
  -7.433  0.0000E+00  0.1200E+02
  -7.423  0.0000E+00  0.1200E+02
  -7.413  0.0000E+00  0.1200E+02
  -7.403  0.0000E+00  0.1200E+02
  -7.393  0.0000E+00  0.1200E+02
  -7.383  0.0000E+00  0.1200E+02
  -7.373  0.0000E+00  0.1200E+02
  -7.363  0.0000E+00  0.1200E+02
  -7.353  0.0000E+00  0.1200E+02
  -7.343  0.0000E+00  0.1200E+02
  -7.333  0.0000E+00  0.1200E+02
  -7.323  0.0000E+00  0.1200E+02
  -7.313  0.0000E+00  0.1200E+02
  -7.303  0.0000E+00  0.1200E+02
  -7.293  0.0000E+00  0.1200E+02
  -7.283  0.0000E+00  0.1200E+02
  -7.273  0.0000E+00  0.1200E+02
  -7.263  0.0000E+00  0.1200E+02
  -7.253  0.0000E+00  0.1200E+02
  -7.243  0.0000E+00  0.1200E+02
  -7.233  0.0000E+00  0.1200E+02
  -7.223  0.0000E+00  0.1200E+02
  -7.213  0.0000E+00  0.1200E+02
  -7.203  0.0000E+00  0.1200E+02
  -7.193  0.0000E+00  0.1200E+02
  -7.183  0.0000E+00  0.1200E+02
  -7.173  0.0000E+00  0.1200E+02
  -7.163  0.0000E+00  0.1200E+02
  -7.153  0.0000E+00  0.1200E+02
  -7.143  0.0000E+00  0.1200E+02
  -7.133  0.0000E+00  0.1200E+02
  -7.123  0.0000E+00  0.1200E+02
  -7.113  0.0000E+00  0.1200E+02
  -7.103  0.0000E+00  0.1200E+02
  -7.093  0.0000E+00  0.1200E+02
  -7.083  0.0000E+00  0.1200E+02
  -7.073  0.0000E+00  0.1200E+02
  -7.063  0.0000E+00  0.1200E+02
  -7.053  0.0000E+00  0.1200E+02
  -7.043  0.0000E+00  0.1200E+02
  -7.033  0.0000E+00  0.1200E+02
  -7.023  0.0000E+00  0.1200E+02
  -7.013  0.0000E+00  0.1200E+02
  -7.003  0.0000E+00  0.1200E+02
  -6.993  0.0000E+00  0.1200E+02
  -6.983  0.0000E+00  0.1200E+02
  -6.973  0.0000E+00  0.1200E+02
  -6.963  0.0000E+00  0.1200E+02
  -6.953  0.0000E+00  0.1200E+02
  -6.943  0.0000E+00  0.1200E+02
  -6.933  0.0000E+00  0.1200E+02
  -6.923  0.0000E+00  0.1200E+02
  -6.913  0.0000E+00  0.1200E+02
  -6.903  0.0000E+00  0.1200E+02
  -6.893  0.0000E+00  0.1200E+02
  -6.883  0.0000E+00  0.1200E+02
  -6.873  0.0000E+00  0.1200E+02
  -6.863  0.0000E+00  0.1200E+02
  -6.853  0.0000E+00  0.1200E+02
  -6.843  0.0000E+00  0.1200E+02
  -6.833  0.0000E+00  0.1200E+02
  -6.823  0.0000E+00  0.1200E+02
  -6.813  0.0000E+00  0.1200E+02
  -6.803  0.0000E+00  0.1200E+02
  -6.793  0.0000E+00  0.1200E+02
  -6.783  0.0000E+00  0.1200E+02
  -6.773  0.0000E+00  0.1200E+02
  -6.763  0.2316E-01  0.1200E+02
  -6.753  0.5398E-01  0.1200E+02
  -6.743  0.9051E-01  0.1200E+02
  -6.733  0.1328E+00  0.1200E+02
  -6.723  0.1807E+00  0.1200E+02
  -6.713  0.2344E+00  0.1201E+02
  -6.703  0.2022E+00  0.1201E+02
  -6.693  0.2252E+00  0.1201E+02
  -6.683  0.2473E+00  0.1201E+02
  -6.673  0.2668E+00  0.1202E+02
  -6.663  0.2838E+00  0.1202E+02
  -6.653  0.2982E+00  0.1202E+02
  -6.643  0.3100E+00  0.1202E+02
  -6.633  0.3191E+00  0.1203E+02
  -6.623  0.3358E+00  0.1203E+02
  -6.613  0.3543E+00  0.1203E+02
  -6.603  0.3731E+00  0.1204E+02
  -6.593  0.3922E+00  0.1204E+02
  -6.583  0.4095E+00  0.1205E+02
  -6.573  0.4243E+00  0.1205E+02
  -6.563  0.4383E+00  0.1205E+02
  -6.553  0.4514E+00  0.1206E+02
  -6.543  0.4637E+00  0.1206E+02
  -6.533  0.4753E+00  0.1207E+02
  -6.523  0.4876E+00  0.1207E+02
  -6.513  0.4991E+00  0.1208E+02
  -6.503  0.5108E+00  0.1208E+02
  -6.493  0.5227E+00  0.1209E+02
  -6.483  0.5350E+00  0.1209E+02
  -6.473  0.5490E+00  0.1210E+02
  -6.463  0.5637E+00  0.1210E+02
  -6.453  0.5784E+00  0.1211E+02
  -6.443  0.5931E+00  0.1212E+02
  -6.433  0.6080E+00  0.1212E+02
  -6.423  0.6228E+00  0.1213E+02
  -6.413  0.6378E+00  0.1213E+02
  -6.403  0.6528E+00  0.1214E+02
  -6.393  0.6679E+00  0.1215E+02
  -6.383  0.6830E+00  0.1215E+02
  -6.373  0.6985E+00  0.1216E+02
  -6.363  0.7102E+00  0.1217E+02
  -6.353  0.7256E+00  0.1217E+02
  -6.343  0.7420E+00  0.1218E+02
  -6.333  0.7594E+00  0.1219E+02
  -6.323  0.7771E+00  0.1220E+02
  -6.313  0.7947E+00  0.1221E+02
  -6.303  0.8124E+00  0.1221E+02
  -6.293  0.8295E+00  0.1222E+02
  -6.283  0.8459E+00  0.1223E+02
  -6.273  0.8615E+00  0.1224E+02
  -6.263  0.8765E+00  0.1225E+02
  -6.253  0.8931E+00  0.1226E+02
  -6.243  0.9098E+00  0.1226E+02
  -6.233  0.9267E+00  0.1227E+02
  -6.223  0.9439E+00  0.1228E+02
  -6.213  0.9612E+00  0.1229E+02
  -6.203  0.9788E+00  0.1230E+02
  -6.193  0.1003E+01  0.1231E+02
  -6.183  0.1027E+01  0.1232E+02
  -6.173  0.1051E+01  0.1233E+02
  -6.163  0.1076E+01  0.1234E+02
  -6.153  0.1102E+01  0.1235E+02
  -6.143  0.1127E+01  0.1237E+02
  -6.133  0.1154E+01  0.1238E+02
  -6.123  0.1180E+01  0.1239E+02
  -6.113  0.1207E+01  0.1240E+02
  -6.103  0.1234E+01  0.1241E+02
  -6.093  0.1261E+01  0.1243E+02
  -6.083  0.1289E+01  0.1244E+02
  -6.073  0.1318E+01  0.1245E+02
  -6.063  0.1348E+01  0.1246E+02
  -6.053  0.1379E+01  0.1248E+02
  -6.043  0.1420E+01  0.1249E+02
  -6.033  0.1466E+01  0.1251E+02
  -6.023  0.1516E+01  0.1252E+02
  -6.013  0.1570E+01  0.1254E+02
  -6.003  0.1625E+01  0.1255E+02
  -5.993  0.1682E+01  0.1257E+02
  -5.983  0.1742E+01  0.1259E+02
  -5.973  0.1807E+01  0.1260E+02
  -5.963  0.1874E+01  0.1262E+02
  -5.953  0.1947E+01  0.1264E+02
  -5.943  0.2023E+01  0.1266E+02
  -5.933  0.2104E+01  0.1268E+02
  -5.923  0.2207E+01  0.1270E+02
  -5.913  0.2346E+01  0.1273E+02
  -5.903  0.2522E+01  0.1275E+02
  -5.893  0.2727E+01  0.1278E+02
  -5.883  0.3379E+01  0.1281E+02
  -5.873  0.4467E+01  0.1285E+02
  -5.863  0.6000E+01  0.1290E+02
  -5.853  0.7414E+01  0.1296E+02
  -5.843  0.1314E+02  0.1306E+02
  -5.833  0.1284E+02  0.1318E+02
  -5.823  0.1059E+02  0.1332E+02
  -5.813  0.7518E+01  0.1340E+02
  -5.803  0.5949E+01  0.1347E+02
  -5.793  0.4817E+01  0.1352E+02
  -5.783  0.4040E+01  0.1357E+02
  -5.773  0.3584E+01  0.1361E+02
  -5.763  0.3312E+01  0.1364E+02
  -5.753  0.3062E+01  0.1367E+02
  -5.743  0.2790E+01  0.1370E+02
  -5.733  0.2578E+01  0.1373E+02
  -5.723  0.2440E+01  0.1375E+02
  -5.713  0.2137E+01  0.1378E+02
  -5.703  0.1870E+01  0.1380E+02
  -5.693  0.1651E+01  0.1381E+02
  -5.683  0.1486E+01  0.1383E+02
  -5.673  0.1347E+01  0.1384E+02
  -5.663  0.1228E+01  0.1386E+02
  -5.653  0.1128E+01  0.1387E+02
  -5.643  0.1046E+01  0.1388E+02
  -5.633  0.9886E+00  0.1389E+02
  -5.623  0.9166E+00  0.1390E+02
  -5.613  0.8687E+00  0.1391E+02
  -5.603  0.8301E+00  0.1392E+02
  -5.593  0.7968E+00  0.1392E+02
  -5.583  0.7612E+00  0.1393E+02
  -5.573  0.7232E+00  0.1394E+02
  -5.563  0.6127E+00  0.1395E+02
  -5.553  0.5917E+00  0.1395E+02
  -5.543  0.5691E+00  0.1396E+02
  -5.533  0.5447E+00  0.1396E+02
  -5.523  0.5161E+00  0.1397E+02
  -5.513  0.4884E+00  0.1397E+02
  -5.503  0.4640E+00  0.1398E+02
  -5.493  0.4430E+00  0.1398E+02
  -5.483  0.4320E+00  0.1399E+02
  -5.473  0.4227E+00  0.1399E+02
  -5.463  0.4143E+00  0.1400E+02
  -5.453  0.4069E+00  0.1400E+02
  -5.443  0.4005E+00  0.1400E+02
  -5.433  0.3951E+00  0.1401E+02
  -5.423  0.3906E+00  0.1401E+02
  -5.413  0.3872E+00  0.1402E+02
  -5.403  0.3847E+00  0.1402E+02
  -5.393  0.3832E+00  0.1402E+02
  -5.383  0.3827E+00  0.1403E+02
  -5.373  0.3832E+00  0.1403E+02
  -5.363  0.3846E+00  0.1404E+02
  -5.353  0.3871E+00  0.1404E+02
  -5.343  0.3905E+00  0.1404E+02
  -5.333  0.3335E+00  0.1405E+02
  -5.323  0.3510E+00  0.1405E+02
  -5.313  0.3684E+00  0.1406E+02
  -5.303  0.3862E+00  0.1406E+02
  -5.293  0.4044E+00  0.1406E+02
  -5.283  0.4229E+00  0.1407E+02
  -5.273  0.4397E+00  0.1407E+02
  -5.263  0.4545E+00  0.1408E+02
  -5.253  0.4686E+00  0.1408E+02
  -5.243  0.4821E+00  0.1409E+02
  -5.233  0.4948E+00  0.1409E+02
  -5.223  0.5069E+00  0.1409E+02
  -5.213  0.5183E+00  0.1410E+02
  -5.203  0.5289E+00  0.1411E+02
  -5.193  0.5389E+00  0.1411E+02
  -5.183  0.5532E+00  0.1412E+02
  -5.173  0.5701E+00  0.1412E+02
  -5.163  0.5889E+00  0.1413E+02
  -5.153  0.6097E+00  0.1413E+02
  -5.143  0.6324E+00  0.1414E+02
  -5.133  0.6563E+00  0.1415E+02
  -5.123  0.6808E+00  0.1415E+02
  -5.113  0.7061E+00  0.1416E+02
  -5.103  0.7322E+00  0.1417E+02
  -5.093  0.7569E+00  0.1417E+02
  -5.083  0.7784E+00  0.1418E+02
  -5.073  0.7991E+00  0.1419E+02
  -5.063  0.8198E+00  0.1420E+02
  -5.053  0.8404E+00  0.1421E+02
  -5.043  0.8610E+00  0.1421E+02
  -5.033  0.8821E+00  0.1422E+02
  -5.023  0.9108E+00  0.1423E+02
  -5.013  0.9433E+00  0.1424E+02
  -5.003  0.9788E+00  0.1425E+02
  -4.993  0.1018E+01  0.1426E+02
  -4.983  0.1061E+01  0.1427E+02
  -4.973  0.1107E+01  0.1428E+02
  -4.963  0.1156E+01  0.1429E+02
  -4.953  0.1289E+01  0.1431E+02
  -4.943  0.1354E+01  0.1432E+02
  -4.933  0.1420E+01  0.1433E+02
  -4.923  0.1485E+01  0.1435E+02
  -4.913  0.1549E+01  0.1436E+02
  -4.903  0.1615E+01  0.1438E+02
  -4.893  0.1680E+01  0.1440E+02
  -4.883  0.1747E+01  0.1441E+02
  -4.873  0.1823E+01  0.1443E+02
  -4.863  0.1948E+01  0.1445E+02
  -4.853  0.2180E+01  0.1447E+02
  -4.843  0.2611E+01  0.1450E+02
  -4.833  0.2809E+01  0.1452E+02
  -4.823  0.2949E+01  0.1455E+02
  -4.813  0.3052E+01  0.1458E+02
  -4.803  0.3136E+01  0.1461E+02
  -4.793  0.3300E+01  0.1464E+02
  -4.783  0.3485E+01  0.1468E+02
  -4.773  0.3839E+01  0.1471E+02
  -4.763  0.4000E+01  0.1475E+02
  -4.753  0.4462E+01  0.1480E+02
  -4.743  0.4858E+01  0.1484E+02
  -4.733  0.5509E+01  0.1490E+02
  -4.723  0.5687E+01  0.1495E+02
  -4.713  0.5656E+01  0.1501E+02
  -4.703  0.5595E+01  0.1507E+02
  -4.693  0.5441E+01  0.1512E+02
  -4.683  0.5014E+01  0.1517E+02
  -4.673  0.4570E+01  0.1522E+02
  -4.663  0.4192E+01  0.1527E+02
  -4.653  0.3804E+01  0.1531E+02
  -4.643  0.3409E+01  0.1534E+02
  -4.633  0.3032E+01  0.1537E+02
  -4.623  0.2776E+01  0.1540E+02
  -4.613  0.2546E+01  0.1543E+02
  -4.603  0.2398E+01  0.1545E+02
  -4.593  0.2285E+01  0.1548E+02
  -4.583  0.2184E+01  0.1550E+02
  -4.573  0.2088E+01  0.1552E+02
  -4.563  0.1995E+01  0.1554E+02
  -4.553  0.1905E+01  0.1556E+02
  -4.543  0.1819E+01  0.1558E+02
  -4.533  0.1736E+01  0.1560E+02
  -4.523  0.1657E+01  0.1561E+02
  -4.513  0.1582E+01  0.1563E+02
  -4.503  0.1511E+01  0.1565E+02
  -4.493  0.1447E+01  0.1566E+02
  -4.483  0.1388E+01  0.1567E+02
  -4.473  0.1347E+01  0.1569E+02
  -4.463  0.1297E+01  0.1570E+02
  -4.453  0.1248E+01  0.1571E+02
  -4.443  0.1201E+01  0.1573E+02
  -4.433  0.1155E+01  0.1574E+02
  -4.423  0.1111E+01  0.1575E+02
  -4.413  0.1067E+01  0.1576E+02
  -4.403  0.1024E+01  0.1577E+02
  -4.393  0.9810E+00  0.1578E+02
  -4.383  0.9970E+00  0.1579E+02
  -4.373  0.9366E+00  0.1580E+02
  -4.363  0.8782E+00  0.1581E+02
  -4.353  0.7317E+00  0.1582E+02
  -4.343  0.7109E+00  0.1583E+02
  -4.333  0.6928E+00  0.1583E+02
  -4.323  0.6763E+00  0.1584E+02
  -4.313  0.6597E+00  0.1585E+02
  -4.303  0.6431E+00  0.1585E+02
  -4.293  0.6263E+00  0.1586E+02
  -4.283  0.6093E+00  0.1587E+02
  -4.273  0.5924E+00  0.1587E+02
  -4.263  0.5757E+00  0.1588E+02
  -4.253  0.5592E+00  0.1588E+02
  -4.243  0.5428E+00  0.1589E+02
  -4.233  0.5273E+00  0.1589E+02
  -4.223  0.5121E+00  0.1590E+02
  -4.213  0.4963E+00  0.1590E+02
  -4.203  0.4806E+00  0.1591E+02
  -4.193  0.4652E+00  0.1591E+02
  -4.183  0.4502E+00  0.1592E+02
  -4.173  0.4356E+00  0.1592E+02
  -4.163  0.4214E+00  0.1593E+02
  -4.153  0.4141E+00  0.1593E+02
  -4.143  0.4003E+00  0.1593E+02
  -4.133  0.3866E+00  0.1594E+02
  -4.123  0.3732E+00  0.1594E+02
  -4.113  0.3600E+00  0.1595E+02
  -4.103  0.3470E+00  0.1595E+02
  -4.093  0.3343E+00  0.1595E+02
  -4.083  0.3217E+00  0.1596E+02
  -4.073  0.3093E+00  0.1596E+02
  -4.063  0.2972E+00  0.1596E+02
  -4.053  0.2853E+00  0.1597E+02
  -4.043  0.2735E+00  0.1597E+02
  -4.033  0.2661E+00  0.1597E+02
  -4.023  0.2604E+00  0.1597E+02
  -4.013  0.2546E+00  0.1598E+02
  -4.003  0.2488E+00  0.1598E+02
  -3.993  0.2220E+01  0.1600E+02
  -3.983  0.2234E+01  0.1602E+02
  -3.973  0.2064E+01  0.1604E+02
  -3.963  0.2176E+01  0.1606E+02
  -3.953  0.2301E+01  0.1609E+02
  -3.943  0.2375E+01  0.1611E+02
  -3.933  0.2447E+01  0.1613E+02
  -3.923  0.2508E+01  0.1616E+02
  -3.913  0.2678E+01  0.1619E+02
  -3.903  0.2725E+01  0.1621E+02
  -3.893  0.2773E+01  0.1624E+02
  -3.883  0.2825E+01  0.1627E+02
  -3.873  0.3305E+01  0.1630E+02
  -3.863  0.3666E+01  0.1633E+02
  -3.853  0.3996E+01  0.1637E+02
  -3.843  0.3874E+01  0.1641E+02
  -3.833  0.3634E+01  0.1645E+02
  -3.823  0.3546E+01  0.1649E+02
  -3.813  0.3463E+01  0.1652E+02
  -3.803  0.3368E+01  0.1655E+02
  -3.793  0.3244E+01  0.1659E+02
  -3.783  0.3126E+01  0.1662E+02
  -3.773  0.3066E+01  0.1665E+02
  -3.763  0.3004E+01  0.1668E+02
  -3.753  0.2943E+01  0.1671E+02
  -3.743  0.2866E+01  0.1674E+02
  -3.733  0.2820E+01  0.1677E+02
  -3.723  0.2775E+01  0.1680E+02
  -3.713  0.2726E+01  0.1682E+02
  -3.703  0.2687E+01  0.1685E+02
  -3.693  0.2659E+01  0.1688E+02
  -3.683  0.2632E+01  0.1690E+02
  -3.673  0.2609E+01  0.1693E+02
  -3.663  0.2577E+01  0.1696E+02
  -3.653  0.2545E+01  0.1698E+02
  -3.643  0.2513E+01  0.1701E+02
  -3.633  0.2520E+01  0.1703E+02
  -3.623  0.2461E+01  0.1706E+02
  -3.613  0.2397E+01  0.1708E+02
  -3.603  0.2329E+01  0.1710E+02
  -3.593  0.2264E+01  0.1713E+02
  -3.583  0.2227E+01  0.1715E+02
  -3.573  0.2205E+01  0.1717E+02
  -3.563  0.2185E+01  0.1719E+02
  -3.553  0.2165E+01  0.1722E+02
  -3.543  0.2145E+01  0.1724E+02
  -3.533  0.2120E+01  0.1726E+02
  -3.523  0.2097E+01  0.1728E+02
  -3.513  0.2078E+01  0.1730E+02
  -3.503  0.2063E+01  0.1732E+02
  -3.493  0.2053E+01  0.1734E+02
  -3.483  0.2045E+01  0.1736E+02
  -3.473  0.2037E+01  0.1738E+02
  -3.463  0.2030E+01  0.1740E+02
  -3.453  0.2014E+01  0.1742E+02
  -3.443  0.1988E+01  0.1744E+02
  -3.433  0.1967E+01  0.1746E+02
  -3.423  0.1942E+01  0.1748E+02
  -3.413  0.1911E+01  0.1750E+02
  -3.403  0.1870E+01  0.1752E+02
  -3.393  0.1819E+01  0.1754E+02
  -3.383  0.1763E+01  0.1756E+02
  -3.373  0.1706E+01  0.1757E+02
  -3.363  0.1645E+01  0.1759E+02
  -3.353  0.1583E+01  0.1761E+02
  -3.343  0.1518E+01  0.1762E+02
  -3.333  0.1470E+01  0.1764E+02
  -3.323  0.1427E+01  0.1765E+02
  -3.313  0.1384E+01  0.1767E+02
  -3.303  0.1339E+01  0.1768E+02
  -3.293  0.1308E+01  0.1769E+02
  -3.283  0.1279E+01  0.1771E+02
  -3.273  0.1252E+01  0.1772E+02
  -3.263  0.1225E+01  0.1773E+02
  -3.253  0.1198E+01  0.1774E+02
  -3.243  0.1172E+01  0.1776E+02
  -3.233  0.1146E+01  0.1777E+02
  -3.223  0.1116E+01  0.1778E+02
  -3.213  0.1080E+01  0.1779E+02
  -3.203  0.1046E+01  0.1780E+02
  -3.193  0.1013E+01  0.1781E+02
  -3.183  0.9805E+00  0.1782E+02
  -3.173  0.9492E+00  0.1783E+02
  -3.163  0.9196E+00  0.1784E+02
  -3.153  0.8930E+00  0.1785E+02
  -3.143  0.8701E+00  0.1786E+02
  -3.133  0.8493E+00  0.1787E+02
  -3.123  0.8289E+00  0.1787E+02
  -3.113  0.8091E+00  0.1788E+02
  -3.103  0.7903E+00  0.1789E+02
  -3.093  0.7743E+00  0.1790E+02
  -3.083  0.7584E+00  0.1791E+02
  -3.073  0.7984E+00  0.1791E+02
  -3.063  0.9431E+00  0.1792E+02
  -3.053  0.1173E+01  0.1793E+02
  -3.043  0.1450E+01  0.1795E+02
  -3.033  0.1577E+01  0.1796E+02
  -3.023  0.1737E+01  0.1798E+02
  -3.013  0.1919E+01  0.1800E+02
  -3.003  0.2142E+01  0.1802E+02
  -2.993  0.2369E+01  0.1804E+02
  -2.983  0.2658E+01  0.1806E+02
  -2.973  0.3051E+01  0.1809E+02
  -2.963  0.3408E+01  0.1812E+02
  -2.953  0.3862E+01  0.1816E+02
  -2.943  0.4748E+01  0.1820E+02
  -2.933  0.9672E+01  0.1827E+02
  -2.923  0.1765E+02  0.1841E+02
  -2.913  0.2083E+02  0.1860E+02
  -2.903  0.2347E+02  0.1882E+02
  -2.893  0.2258E+02  0.1905E+02
  -2.883  0.1596E+02  0.1925E+02
  -2.873  0.1432E+02  0.1940E+02
  -2.863  0.1332E+02  0.1953E+02
  -2.853  0.1022E+02  0.1965E+02
  -2.843  0.9365E+01  0.1975E+02
  -2.833  0.8753E+01  0.1984E+02
  -2.823  0.8598E+01  0.1992E+02
  -2.813  0.8841E+01  0.2001E+02
  -2.803  0.9317E+01  0.2010E+02
  -2.793  0.9054E+01  0.2019E+02
  -2.783  0.9366E+01  0.2029E+02
  -2.773  0.1003E+02  0.2038E+02
  -2.763  0.9659E+01  0.2048E+02
  -2.753  0.8966E+01  0.2058E+02
  -2.743  0.7522E+01  0.2066E+02
  -2.733  0.6522E+01  0.2073E+02
  -2.723  0.5985E+01  0.2079E+02
  -2.713  0.5762E+01  0.2085E+02
  -2.703  0.5599E+01  0.2090E+02
  -2.693  0.5507E+01  0.2096E+02
  -2.683  0.4976E+01  0.2102E+02
  -2.673  0.5290E+01  0.2107E+02
  -2.663  0.5479E+01  0.2112E+02
  -2.653  0.5239E+01  0.2118E+02
  -2.643  0.5173E+01  0.2123E+02
  -2.633  0.5134E+01  0.2128E+02
  -2.623  0.5123E+01  0.2133E+02
  -2.613  0.5293E+01  0.2138E+02
  -2.603  0.5466E+01  0.2144E+02
  -2.593  0.5726E+01  0.2149E+02
  -2.583  0.6007E+01  0.2155E+02
  -2.573  0.6241E+01  0.2161E+02
  -2.563  0.7959E+01  0.2168E+02
  -2.553  0.7932E+01  0.2177E+02
  -2.543  0.7255E+01  0.2185E+02
  -2.533  0.6404E+01  0.2192E+02
  -2.523  0.5595E+01  0.2198E+02
  -2.513  0.4864E+01  0.2203E+02
  -2.503  0.3004E+01  0.2207E+02
  -2.493  0.1677E+01  0.2210E+02
  -2.483  0.1360E+01  0.2211E+02
  -2.473  0.1569E+01  0.2213E+02
  -2.463  0.2787E+01  0.2215E+02
  -2.453  0.3810E+01  0.2218E+02
  -2.443  0.7101E+01  0.2224E+02
  -2.433  0.9757E+01  0.2232E+02
  -2.423  0.8896E+01  0.2242E+02
  -2.413  0.8462E+01  0.2250E+02
  -2.403  0.8138E+01  0.2259E+02
  -2.393  0.7958E+01  0.2267E+02
  -2.383  0.8214E+01  0.2275E+02
  -2.373  0.8643E+01  0.2283E+02
  -2.363  0.7947E+01  0.2291E+02
  -2.353  0.7165E+01  0.2299E+02
  -2.343  0.6451E+01  0.2306E+02
  -2.333  0.5891E+01  0.2312E+02
  -2.323  0.5548E+01  0.2318E+02
  -2.313  0.5268E+01  0.2323E+02
  -2.303  0.5047E+01  0.2328E+02
  -2.293  0.4841E+01  0.2333E+02
  -2.283  0.4637E+01  0.2338E+02
  -2.273  0.4434E+01  0.2342E+02
  -2.263  0.4251E+01  0.2347E+02
  -2.253  0.4097E+01  0.2351E+02
  -2.243  0.3953E+01  0.2355E+02
  -2.233  0.3825E+01  0.2359E+02
  -2.223  0.3733E+01  0.2363E+02
  -2.213  0.3616E+01  0.2366E+02
  -2.203  0.3426E+01  0.2370E+02
  -2.193  0.3219E+01  0.2373E+02
  -2.183  0.3059E+01  0.2376E+02
  -2.173  0.2965E+01  0.2379E+02
  -2.163  0.2580E+01  0.2382E+02
  -2.153  0.2646E+01  0.2385E+02
  -2.143  0.2618E+01  0.2387E+02
  -2.133  0.2356E+01  0.2390E+02
  -2.123  0.1864E+01  0.2392E+02
  -2.113  0.1554E+01  0.2394E+02
  -2.103  0.1402E+01  0.2395E+02
  -2.093  0.1227E+01  0.2396E+02
  -2.083  0.1020E+01  0.2398E+02
  -2.073  0.7971E+00  0.2399E+02
  -2.063  0.5872E+00  0.2399E+02
  -2.053  0.3524E+00  0.2400E+02
  -2.043  0.1650E+00  0.2400E+02
  -2.033  0.0000E+00  0.2400E+02
  -2.023  0.0000E+00  0.2400E+02
  -2.013  0.0000E+00  0.2400E+02
  -2.003  0.0000E+00  0.2400E+02
  -1.993  0.0000E+00  0.2400E+02
  -1.983  0.0000E+00  0.2400E+02
  -1.973  0.0000E+00  0.2400E+02
  -1.963  0.0000E+00  0.2400E+02
  -1.953  0.0000E+00  0.2400E+02
  -1.943  0.0000E+00  0.2400E+02
  -1.933  0.0000E+00  0.2400E+02
  -1.923  0.0000E+00  0.2400E+02
  -1.913  0.0000E+00  0.2400E+02
  -1.903  0.0000E+00  0.2400E+02
  -1.893  0.0000E+00  0.2400E+02
  -1.883  0.0000E+00  0.2400E+02
  -1.873  0.0000E+00  0.2400E+02
  -1.863  0.0000E+00  0.2400E+02
  -1.853  0.0000E+00  0.2400E+02
  -1.843  0.0000E+00  0.2400E+02
  -1.833  0.0000E+00  0.2400E+02
  -1.823  0.0000E+00  0.2400E+02
  -1.813  0.0000E+00  0.2400E+02
  -1.803  0.0000E+00  0.2400E+02
  -1.793  0.0000E+00  0.2400E+02
  -1.783  0.0000E+00  0.2400E+02
  -1.773  0.0000E+00  0.2400E+02
  -1.763  0.0000E+00  0.2400E+02
  -1.753  0.0000E+00  0.2400E+02
  -1.743  0.0000E+00  0.2400E+02
  -1.733  0.0000E+00  0.2400E+02
  -1.723  0.0000E+00  0.2400E+02
  -1.713  0.0000E+00  0.2400E+02
  -1.703  0.0000E+00  0.2400E+02
  -1.693  0.0000E+00  0.2400E+02
  -1.683  0.0000E+00  0.2400E+02
  -1.673  0.0000E+00  0.2400E+02
  -1.663  0.0000E+00  0.2400E+02
  -1.653  0.0000E+00  0.2400E+02
  -1.643  0.0000E+00  0.2400E+02
  -1.633  0.0000E+00  0.2400E+02
  -1.623  0.0000E+00  0.2400E+02
  -1.613  0.0000E+00  0.2400E+02
  -1.603  0.0000E+00  0.2400E+02
  -1.593  0.0000E+00  0.2400E+02
  -1.583  0.0000E+00  0.2400E+02
  -1.573  0.0000E+00  0.2400E+02
  -1.563  0.0000E+00  0.2400E+02
  -1.553  0.0000E+00  0.2400E+02
  -1.543  0.0000E+00  0.2400E+02
  -1.533  0.0000E+00  0.2400E+02
  -1.523  0.0000E+00  0.2400E+02
  -1.513  0.0000E+00  0.2400E+02
  -1.503  0.0000E+00  0.2400E+02
  -1.493  0.0000E+00  0.2400E+02
  -1.483  0.0000E+00  0.2400E+02
  -1.473  0.0000E+00  0.2400E+02
  -1.463  0.0000E+00  0.2400E+02
  -1.453  0.0000E+00  0.2400E+02
  -1.443  0.0000E+00  0.2400E+02
  -1.433  0.0000E+00  0.2400E+02
  -1.423  0.0000E+00  0.2400E+02
  -1.413  0.0000E+00  0.2400E+02
  -1.403  0.0000E+00  0.2400E+02
  -1.393  0.0000E+00  0.2400E+02
  -1.383  0.0000E+00  0.2400E+02
  -1.373  0.0000E+00  0.2400E+02
  -1.363  0.0000E+00  0.2400E+02
  -1.353  0.0000E+00  0.2400E+02
  -1.343  0.0000E+00  0.2400E+02
  -1.333  0.0000E+00  0.2400E+02
  -1.323  0.0000E+00  0.2400E+02
  -1.313  0.0000E+00  0.2400E+02
  -1.303  0.0000E+00  0.2400E+02
  -1.293  0.0000E+00  0.2400E+02
  -1.283  0.0000E+00  0.2400E+02
  -1.273  0.0000E+00  0.2400E+02
  -1.263  0.0000E+00  0.2400E+02
  -1.253  0.0000E+00  0.2400E+02
  -1.243  0.0000E+00  0.2400E+02
  -1.233  0.0000E+00  0.2400E+02
  -1.223  0.0000E+00  0.2400E+02
  -1.213  0.0000E+00  0.2400E+02
  -1.203  0.0000E+00  0.2400E+02
  -1.193  0.0000E+00  0.2400E+02
  -1.183  0.0000E+00  0.2400E+02
  -1.173  0.0000E+00  0.2400E+02
  -1.163  0.0000E+00  0.2400E+02
  -1.153  0.0000E+00  0.2400E+02
  -1.143  0.0000E+00  0.2400E+02
  -1.133  0.0000E+00  0.2400E+02
  -1.123  0.0000E+00  0.2400E+02
  -1.113  0.0000E+00  0.2400E+02
  -1.103  0.0000E+00  0.2400E+02
  -1.093  0.0000E+00  0.2400E+02
  -1.083  0.0000E+00  0.2400E+02
  -1.073  0.0000E+00  0.2400E+02
  -1.063  0.0000E+00  0.2400E+02
  -1.053  0.0000E+00  0.2400E+02
  -1.043  0.0000E+00  0.2400E+02
  -1.033  0.0000E+00  0.2400E+02
  -1.023  0.0000E+00  0.2400E+02
  -1.013  0.0000E+00  0.2400E+02
  -1.003  0.0000E+00  0.2400E+02
  -0.993  0.0000E+00  0.2400E+02
  -0.983  0.0000E+00  0.2400E+02
  -0.973  0.0000E+00  0.2400E+02
  -0.963  0.0000E+00  0.2400E+02
  -0.953  0.0000E+00  0.2400E+02
  -0.943  0.0000E+00  0.2400E+02
  -0.933  0.0000E+00  0.2400E+02
  -0.923  0.0000E+00  0.2400E+02
  -0.913  0.0000E+00  0.2400E+02
  -0.903  0.0000E+00  0.2400E+02
  -0.893  0.0000E+00  0.2400E+02
  -0.883  0.0000E+00  0.2400E+02
  -0.873  0.0000E+00  0.2400E+02
  -0.863  0.0000E+00  0.2400E+02
  -0.853  0.0000E+00  0.2400E+02
  -0.843  0.0000E+00  0.2400E+02
  -0.833  0.0000E+00  0.2400E+02
  -0.823  0.0000E+00  0.2400E+02
  -0.813  0.0000E+00  0.2400E+02
  -0.803  0.0000E+00  0.2400E+02
  -0.793  0.0000E+00  0.2400E+02
  -0.783  0.0000E+00  0.2400E+02
  -0.773  0.0000E+00  0.2400E+02
  -0.763  0.0000E+00  0.2400E+02
  -0.753  0.0000E+00  0.2400E+02
  -0.743  0.0000E+00  0.2400E+02
  -0.733  0.0000E+00  0.2400E+02
  -0.723  0.0000E+00  0.2400E+02
  -0.713  0.0000E+00  0.2400E+02
  -0.703  0.0000E+00  0.2400E+02
  -0.693  0.0000E+00  0.2400E+02
  -0.683  0.0000E+00  0.2400E+02
  -0.673  0.1194E+01  0.2401E+02
  -0.663  0.2279E+01  0.2402E+02
  -0.653  0.2852E+01  0.2405E+02
  -0.643  0.3361E+01  0.2408E+02
  -0.633  0.4141E+01  0.2412E+02
  -0.623  0.5867E+01  0.2417E+02
  -0.613  0.1195E+02  0.2425E+02
  -0.603  0.1132E+02  0.2437E+02
  -0.593  0.1074E+02  0.2448E+02
  -0.583  0.1128E+02  0.2459E+02
  -0.573  0.1176E+02  0.2471E+02
  -0.563  0.1134E+02  0.2482E+02
  -0.553  0.1164E+02  0.2493E+02
  -0.543  0.1151E+02  0.2505E+02
  -0.533  0.1320E+02  0.2517E+02
  -0.523  0.1279E+02  0.2531E+02
  -0.513  0.1104E+02  0.2543E+02
  -0.503  0.9940E+01  0.2553E+02
  -0.493  0.9193E+01  0.2563E+02
  -0.483  0.8781E+01  0.2572E+02
  -0.473  0.7687E+01  0.2580E+02
  -0.463  0.7169E+01  0.2587E+02
  -0.453  0.6890E+01  0.2594E+02
  -0.443  0.7238E+01  0.2601E+02
  -0.433  0.6884E+01  0.2608E+02
  -0.423  0.6158E+01  0.2615E+02
  -0.413  0.5734E+01  0.2621E+02
  -0.403  0.5438E+01  0.2626E+02
  -0.393  0.5243E+01  0.2632E+02
  -0.383  0.5048E+01  0.2637E+02
  -0.373  0.4850E+01  0.2642E+02
  -0.363  0.4758E+01  0.2647E+02
  -0.353  0.4834E+01  0.2651E+02
  -0.343  0.4955E+01  0.2656E+02
  -0.333  0.5167E+01  0.2661E+02
  -0.323  0.5502E+01  0.2667E+02
  -0.313  0.6207E+01  0.2672E+02
  -0.303  0.7245E+01  0.2679E+02
  -0.293  0.9027E+01  0.2687E+02
  -0.283  0.8849E+01  0.2697E+02
  -0.273  0.8041E+01  0.2705E+02
  -0.263  0.7975E+01  0.2713E+02
  -0.253  0.7917E+01  0.2721E+02
  -0.243  0.7891E+01  0.2729E+02
  -0.233  0.8205E+01  0.2737E+02
  -0.223  0.7622E+01  0.2745E+02
  -0.213  0.7249E+01  0.2752E+02
  -0.203  0.7145E+01  0.2760E+02
  -0.193  0.6696E+01  0.2766E+02
  -0.183  0.6024E+01  0.2773E+02
  -0.173  0.5779E+01  0.2779E+02
  -0.163  0.5673E+01  0.2784E+02
  -0.153  0.5659E+01  0.2790E+02
  -0.143  0.5373E+01  0.2796E+02
  -0.133  0.5769E+01  0.2801E+02
  -0.123  0.5459E+01  0.2807E+02
  -0.113  0.5516E+01  0.2812E+02
  -0.103  0.5892E+01  0.2818E+02
  -0.093  0.7480E+01  0.2825E+02
  -0.083  0.8026E+01  0.2833E+02
  -0.073  0.7773E+01  0.2840E+02
  -0.063  0.7730E+01  0.2848E+02
  -0.053  0.7810E+01  0.2856E+02
  -0.043  0.8311E+01  0.2864E+02
  -0.033  0.9107E+01  0.2873E+02
  -0.023  0.1024E+02  0.2882E+02
  -0.013  0.1231E+02  0.2893E+02
  -0.003  0.1669E+02  0.2908E+02
   0.007  0.1326E+02  0.2924E+02
   0.017  0.7832E+01  0.2934E+02
   0.027  0.5908E+01  0.2941E+02
   0.037  0.5069E+01  0.2946E+02
   0.047  0.4747E+01  0.2951E+02
   0.057  0.4588E+01  0.2956E+02
   0.067  0.4449E+01  0.2960E+02
   0.077  0.4329E+01  0.2965E+02
   0.087  0.4215E+01  0.2969E+02
   0.097  0.4113E+01  0.2973E+02
   0.107  0.4036E+01  0.2977E+02
   0.117  0.3998E+01  0.2981E+02
   0.127  0.3946E+01  0.2985E+02
   0.137  0.3882E+01  0.2989E+02
   0.147  0.3577E+01  0.2993E+02
   0.157  0.3251E+01  0.2996E+02
   0.167  0.2757E+01  0.2999E+02
   0.177  0.2126E+01  0.3002E+02
   0.187  0.1579E+01  0.3004E+02
   0.197  0.1826E+01  0.3005E+02
   0.207  0.2206E+01  0.3007E+02
   0.217  0.2601E+01  0.3010E+02
   0.227  0.3029E+01  0.3013E+02
   0.237  0.3620E+01  0.3016E+02
   0.247  0.4676E+01  0.3020E+02
   0.257  0.5853E+01  0.3025E+02
   0.267  0.6837E+01  0.3032E+02
   0.277  0.8412E+01  0.3039E+02
   0.287  0.1033E+02  0.3048E+02
   0.297  0.1438E+02  0.3061E+02
   0.307  0.1432E+02  0.3076E+02
   0.317  0.1369E+02  0.3090E+02
   0.327  0.1292E+02  0.3103E+02
   0.337  0.1070E+02  0.3115E+02
   0.347  0.9082E+01  0.3125E+02
   0.357  0.7939E+01  0.3133E+02
   0.367  0.7200E+01  0.3141E+02
   0.377  0.6556E+01  0.3148E+02
   0.387  0.5662E+01  0.3154E+02
   0.397  0.5024E+01  0.3159E+02
   0.407  0.4571E+01  0.3164E+02
   0.417  0.4227E+01  0.3168E+02
   0.427  0.4088E+01  0.3172E+02
   0.437  0.3820E+01  0.3176E+02
   0.447  0.3516E+01  0.3180E+02
   0.457  0.3341E+01  0.3183E+02
   0.467  0.3444E+01  0.3187E+02
   0.477  0.3388E+01  0.3190E+02
   0.487  0.3773E+01  0.3194E+02
   0.497  0.4088E+01  0.3198E+02
   0.507  0.5402E+01  0.3203E+02
   0.517  0.8326E+01  0.3209E+02
   0.527  0.1121E+02  0.3220E+02
   0.537  0.1287E+02  0.3232E+02
   0.547  0.1243E+02  0.3245E+02
   0.557  0.1332E+02  0.3258E+02
   0.567  0.1584E+02  0.3272E+02
   0.577  0.1548E+02  0.3288E+02
   0.587  0.1536E+02  0.3304E+02
   0.597  0.1535E+02  0.3319E+02
   0.607  0.1462E+02  0.3334E+02
   0.617  0.1295E+02  0.3348E+02
   0.627  0.1251E+02  0.3360E+02
   0.637  0.1188E+02  0.3373E+02
   0.647  0.5407E+01  0.3381E+02
   0.657  0.1377E+01  0.3384E+02
   0.667  0.1044E+01  0.3385E+02
   0.677  0.9403E+00  0.3386E+02
   0.687  0.8487E+00  0.3387E+02
   0.697  0.7605E+00  0.3388E+02
   0.707  0.1933E+01  0.3390E+02
   0.717  0.2340E+01  0.3392E+02
   0.727  0.2598E+01  0.3395E+02
   0.737  0.2675E+01  0.3398E+02
   0.747  0.2829E+01  0.3400E+02
   0.757  0.2985E+01  0.3403E+02
   0.767  0.3140E+01  0.3406E+02
   0.777  0.3326E+01  0.3410E+02
   0.787  0.4170E+01  0.3413E+02
   0.797  0.4835E+01  0.3418E+02
   0.807  0.5495E+01  0.3423E+02
   0.817  0.6017E+01  0.3429E+02
   0.827  0.6384E+01  0.3435E+02
   0.837  0.6779E+01  0.3441E+02
   0.847  0.6640E+01  0.3448E+02
   0.857  0.6548E+01  0.3455E+02
   0.867  0.6025E+01  0.3461E+02
   0.877  0.5895E+01  0.3467E+02
   0.887  0.5888E+01  0.3473E+02
   0.897  0.6009E+01  0.3479E+02
   0.907  0.6198E+01  0.3485E+02
   0.917  0.6510E+01  0.3491E+02
   0.927  0.6989E+01  0.3498E+02
   0.937  0.7712E+01  0.3505E+02
   0.947  0.8989E+01  0.3514E+02
   0.957  0.9838E+01  0.3523E+02
   0.967  0.1081E+02  0.3533E+02
   0.977  0.1146E+02  0.3544E+02
   0.987  0.1119E+02  0.3556E+02
   0.997  0.1213E+02  0.3567E+02
   1.007  0.1080E+02  0.3579E+02
   1.017  0.1044E+02  0.3589E+02
   1.027  0.1040E+02  0.3600E+02
   1.037  0.1026E+02  0.3610E+02
   1.047  0.1030E+02  0.3620E+02
   1.057  0.1067E+02  0.3631E+02
   1.067  0.1037E+02  0.3641E+02
   1.077  0.1048E+02  0.3652E+02
   1.087  0.9533E+01  0.3662E+02
   1.097  0.1225E+02  0.3672E+02
   1.107  0.1874E+02  0.3687E+02
   1.117  0.1279E+02  0.3703E+02
   1.127  0.1012E+02  0.3714E+02
   1.137  0.8403E+01  0.3723E+02
   1.147  0.7468E+01  0.3731E+02
   1.157  0.6169E+01  0.3738E+02
   1.167  0.5705E+01  0.3744E+02
   1.177  0.5419E+01  0.3749E+02
   1.187  0.5180E+01  0.3755E+02
   1.197  0.5004E+01  0.3760E+02
   1.207  0.4702E+01  0.3765E+02
   1.217  0.4552E+01  0.3769E+02
   1.227  0.4500E+01  0.3774E+02
   1.237  0.4455E+01  0.3778E+02
   1.247  0.4415E+01  0.3783E+02
   1.257  0.5434E+01  0.3787E+02
   1.267  0.6000E+01  0.3793E+02
   1.277  0.6850E+01  0.3799E+02
   1.287  0.8405E+01  0.3807E+02
   1.297  0.8058E+01  0.3815E+02
   1.307  0.8061E+01  0.3823E+02
   1.317  0.7132E+01  0.3831E+02
   1.327  0.7157E+01  0.3839E+02
   1.337  0.7360E+01  0.3846E+02
   1.347  0.7740E+01  0.3853E+02
   1.357  0.8267E+01  0.3861E+02
   1.367  0.8749E+01  0.3870E+02
   1.377  0.9462E+01  0.3879E+02
   1.387  0.1081E+02  0.3889E+02
   1.397  0.1182E+02  0.3900E+02
   1.407  0.1276E+02  0.3913E+02
   1.417  0.1364E+02  0.3926E+02
   1.427  0.1429E+02  0.3940E+02
   1.437  0.1209E+02  0.3953E+02
   1.447  0.1055E+02  0.3964E+02
   1.457  0.9451E+01  0.3974E+02
   1.467  0.7823E+01  0.3983E+02
   1.477  0.6770E+01  0.3990E+02
   1.487  0.5810E+01  0.3997E+02
   1.497  0.5386E+01  0.4002E+02
   1.507  0.5308E+01  0.4008E+02
   1.517  0.5330E+01  0.4013E+02
   1.527  0.5486E+01  0.4018E+02
   1.537  0.6033E+01  0.4024E+02
   1.547  0.8053E+01  0.4031E+02
   1.557  0.1137E+02  0.4040E+02
   1.567  0.9527E+01  0.4051E+02
   1.577  0.9198E+01  0.4060E+02
   1.587  0.9365E+01  0.4070E+02
   1.597  0.9999E+01  0.4080E+02
   1.607  0.1080E+02  0.4090E+02
   1.617  0.1151E+02  0.4101E+02
   1.627  0.1253E+02  0.4113E+02
   1.637  0.1395E+02  0.4126E+02
   1.647  0.1427E+02  0.4141E+02
   1.657  0.1500E+02  0.4155E+02
   1.667  0.1347E+02  0.4169E+02
   1.677  0.1141E+02  0.4182E+02
   1.687  0.8521E+01  0.4192E+02
   1.697  0.3431E+01  0.4197E+02
   1.707  0.1017E+01  0.4200E+02
   1.717  0.6866E-01  0.4200E+02
   1.727  0.0000E+00  0.4200E+02
   1.737  0.1257E+00  0.4200E+02
   1.747  0.1671E+01  0.4201E+02
   1.757  0.3742E+01  0.4204E+02
   1.767  0.4739E+01  0.4208E+02
   1.777  0.6523E+01  0.4213E+02
   1.787  0.8774E+01  0.4221E+02
   1.797  0.9344E+01  0.4230E+02
   1.807  0.9522E+01  0.4240E+02
   1.817  0.9641E+01  0.4249E+02
   1.827  0.9742E+01  0.4259E+02
   1.837  0.1070E+02  0.4269E+02
   1.847  0.9961E+01  0.4280E+02
   1.857  0.9450E+01  0.4289E+02
   1.867  0.9023E+01  0.4299E+02
   1.877  0.8974E+01  0.4308E+02
   1.887  0.8867E+01  0.4317E+02
   1.897  0.8297E+01  0.4325E+02
   1.907  0.7485E+01  0.4333E+02
   1.917  0.6682E+01  0.4340E+02
   1.927  0.5798E+01  0.4346E+02
   1.937  0.4802E+01  0.4352E+02
   1.947  0.4252E+01  0.4356E+02
   1.957  0.4344E+01  0.4361E+02
   1.967  0.4936E+01  0.4365E+02
   1.977  0.6510E+01  0.4371E+02
   1.987  0.6100E+01  0.4377E+02
   1.997  0.5722E+01  0.4383E+02
   2.007  0.5286E+01  0.4389E+02
   2.017  0.4961E+01  0.4394E+02
   2.027  0.4720E+01  0.4399E+02
   2.037  0.4553E+01  0.4403E+02
   2.047  0.4528E+01  0.4408E+02
   2.057  0.4554E+01  0.4413E+02
   2.067  0.4511E+01  0.4417E+02
   2.077  0.4552E+01  0.4422E+02
   2.087  0.4136E+01  0.4426E+02
   2.097  0.4192E+01  0.4430E+02
   2.107  0.4467E+01  0.4435E+02
   2.117  0.4559E+01  0.4439E+02
   2.127  0.4700E+01  0.4444E+02
   2.137  0.4879E+01  0.4448E+02
   2.147  0.5185E+01  0.4454E+02
   2.157  0.5439E+01  0.4459E+02
   2.167  0.5685E+01  0.4464E+02
   2.177  0.5980E+01  0.4470E+02
   2.187  0.6312E+01  0.4476E+02
   2.197  0.7066E+01  0.4483E+02
   2.207  0.7288E+01  0.4490E+02
   2.217  0.7782E+01  0.4498E+02
   2.227  0.8338E+01  0.4506E+02
   2.237  0.9150E+01  0.4515E+02
   2.247  0.1168E+02  0.4525E+02
   2.257  0.1164E+02  0.4537E+02
   2.267  0.1159E+02  0.4549E+02
   2.277  0.1126E+02  0.4560E+02
   2.287  0.1037E+02  0.4571E+02
   2.297  0.9852E+01  0.4581E+02
   2.307  0.9229E+01  0.4590E+02
   2.317  0.8299E+01  0.4599E+02
   2.327  0.7776E+01  0.4607E+02
   2.337  0.5123E+01  0.4614E+02
   2.347  0.4311E+01  0.4618E+02
   2.357  0.5088E+01  0.4623E+02
   2.367  0.6176E+01  0.4629E+02
   2.377  0.7111E+01  0.4635E+02
   2.387  0.7324E+01  0.4643E+02
   2.397  0.6969E+01  0.4650E+02
   2.407  0.6749E+01  0.4657E+02
   2.417  0.6655E+01  0.4663E+02
   2.427  0.6712E+01  0.4670E+02
   2.437  0.7011E+01  0.4677E+02
   2.447  0.7521E+01  0.4684E+02
   2.457  0.8182E+01  0.4692E+02
   2.467  0.9614E+01  0.4701E+02
   2.477  0.1138E+02  0.4711E+02
   2.487  0.1228E+02  0.4723E+02
   2.497  0.1306E+02  0.4736E+02
   2.507  0.1239E+02  0.4749E+02
   2.517  0.1150E+02  0.4760E+02
   2.527  0.1165E+02  0.4772E+02
   2.537  0.1164E+02  0.4783E+02
   2.547  0.4935E+01  0.4793E+02
   2.557  0.2911E+01  0.4797E+02
   2.567  0.1303E+01  0.4799E+02
   2.577  0.1749E+00  0.4800E+02
