#  E (eV)   dos(E)     Int dos(E) EFermi =    2.581 eV
 -16.773  0.0000E+00  0.0000E+00
 -16.763  0.1177E+00  0.3924E-03
 -16.753  0.4422E+00  0.3080E-02
 -16.743  0.5398E+00  0.8189E-02
 -16.733  0.5972E+00  0.1372E-01
 -16.723  0.7196E+00  0.2029E-01
 -16.713  0.8446E+00  0.2812E-01
 -16.703  0.9316E+00  0.3706E-01
 -16.693  0.9771E+00  0.4659E-01
 -16.683  0.1031E+01  0.5662E-01
 -16.673  0.1103E+01  0.6728E-01
 -16.663  0.1177E+01  0.7868E-01
 -16.653  0.1252E+01  0.9082E-01
 -16.643  0.1332E+01  0.1037E+00
 -16.633  0.1404E+01  0.1174E+00
 -16.623  0.1454E+01  0.1317E+00
 -16.613  0.1508E+01  0.1465E+00
 -16.603  0.1564E+01  0.1619E+00
 -16.593  0.1618E+01  0.1778E+00
 -16.583  0.1681E+01  0.1943E+00
 -16.573  0.1751E+01  0.2114E+00
 -16.563  0.1823E+01  0.2293E+00
 -16.553  0.1896E+01  0.2479E+00
 -16.543  0.1962E+01  0.2672E+00
 -16.533  0.2027E+01  0.2871E+00
 -16.523  0.2083E+01  0.3077E+00
 -16.513  0.2145E+01  0.3288E+00
 -16.503  0.2215E+01  0.3506E+00
 -16.493  0.2288E+01  0.3731E+00
 -16.483  0.2363E+01  0.3964E+00
 -16.473  0.2440E+01  0.4204E+00
 -16.463  0.2520E+01  0.4452E+00
 -16.453  0.2603E+01  0.4708E+00
 -16.443  0.2688E+01  0.4973E+00
 -16.433  0.2793E+01  0.5247E+00
 -16.423  0.2895E+01  0.5531E+00
 -16.413  0.3002E+01  0.5826E+00
 -16.403  0.3113E+01  0.6132E+00
 -16.393  0.3231E+01  0.6449E+00
 -16.383  0.3364E+01  0.6778E+00
 -16.373  0.3513E+01  0.7122E+00
 -16.363  0.3685E+01  0.7482E+00
 -16.353  0.3892E+01  0.7860E+00
 -16.343  0.4123E+01  0.8261E+00
 -16.333  0.4397E+01  0.8686E+00
 -16.323  0.4708E+01  0.9141E+00
 -16.313  0.5058E+01  0.9629E+00
 -16.303  0.5443E+01  0.1015E+01
 -16.293  0.5771E+01  0.1071E+01
 -16.283  0.7711E+01  0.1133E+01
 -16.273  0.7243E+01  0.1208E+01
 -16.263  0.7422E+01  0.1281E+01
 -16.253  0.7682E+01  0.1357E+01
 -16.243  0.8080E+01  0.1435E+01
 -16.233  0.8726E+01  0.1519E+01
 -16.223  0.9608E+01  0.1611E+01
 -16.213  0.1063E+02  0.1712E+01
 -16.203  0.7938E+01  0.1802E+01
 -16.193  0.6726E+01  0.1873E+01
 -16.183  0.5491E+01  0.1942E+01
 -16.173  0.2623E+01  0.1978E+01
 -16.163  0.1662E+01  0.1999E+01
 -16.153  0.1253E+01  0.2013E+01
 -16.143  0.1067E+01  0.2025E+01
 -16.133  0.9444E+00  0.2035E+01
 -16.123  0.8799E+00  0.2044E+01
 -16.113  0.8542E+00  0.2052E+01
 -16.103  0.8407E+00  0.2061E+01
 -16.093  0.8390E+00  0.2069E+01
 -16.083  0.8505E+00  0.2078E+01
 -16.073  0.8688E+00  0.2086E+01
 -16.063  0.9010E+00  0.2095E+01
 -16.053  0.9570E+00  0.2104E+01
 -16.043  0.1013E+01  0.2114E+01
 -16.033  0.1064E+01  0.2125E+01
 -16.023  0.1115E+01  0.2136E+01
 -16.013  0.1169E+01  0.2147E+01
 -16.003  0.1227E+01  0.2159E+01
 -15.993  0.1293E+01  0.2172E+01
 -15.983  0.1374E+01  0.2185E+01
 -15.973  0.1463E+01  0.2199E+01
 -15.963  0.1561E+01  0.2214E+01
 -15.953  0.1673E+01  0.2230E+01
 -15.943  0.1799E+01  0.2248E+01
 -15.933  0.1938E+01  0.2266E+01
 -15.923  0.2082E+01  0.2286E+01
 -15.913  0.2233E+01  0.2308E+01
 -15.903  0.2426E+01  0.2331E+01
 -15.893  0.2819E+01  0.2357E+01
 -15.883  0.3099E+01  0.2387E+01
 -15.873  0.3364E+01  0.2419E+01
 -15.863  0.3615E+01  0.2454E+01
 -15.853  0.3933E+01  0.2492E+01
 -15.843  0.4353E+01  0.2533E+01
 -15.833  0.4953E+01  0.2579E+01
 -15.823  0.5752E+01  0.2633E+01
 -15.813  0.6772E+01  0.2695E+01
 -15.803  0.8337E+01  0.2770E+01
 -15.793  0.1403E+02  0.2880E+01
 -15.783  0.1485E+02  0.3030E+01
 -15.773  0.1166E+02  0.3171E+01
 -15.763  0.7139E+01  0.3259E+01
 -15.753  0.6006E+01  0.3324E+01
 -15.743  0.5181E+01  0.3380E+01
 -15.733  0.4528E+01  0.3428E+01
 -15.723  0.4029E+01  0.3471E+01
 -15.713  0.3668E+01  0.3509E+01
 -15.703  0.3363E+01  0.3544E+01
 -15.693  0.3108E+01  0.3577E+01
 -15.683  0.2835E+01  0.3606E+01
 -15.673  0.2561E+01  0.3633E+01
 -15.663  0.2340E+01  0.3658E+01
 -15.653  0.2129E+01  0.3680E+01
 -15.643  0.1980E+01  0.3701E+01
 -15.633  0.1883E+01  0.3720E+01
 -15.623  0.1784E+01  0.3738E+01
 -15.613  0.1681E+01  0.3756E+01
 -15.603  0.1579E+01  0.3772E+01
 -15.593  0.1483E+01  0.3787E+01
 -15.583  0.1397E+01  0.3802E+01
 -15.573  0.1318E+01  0.3815E+01
 -15.563  0.1245E+01  0.3828E+01
 -15.553  0.1183E+01  0.3840E+01
 -15.543  0.1139E+01  0.3852E+01
 -15.533  0.1098E+01  0.3863E+01
 -15.523  0.1058E+01  0.3874E+01
 -15.513  0.1012E+01  0.3884E+01
 -15.503  0.9608E+00  0.3894E+01
 -15.493  0.9117E+00  0.3903E+01
 -15.483  0.8741E+00  0.3912E+01
 -15.473  0.8578E+00  0.3921E+01
 -15.463  0.8485E+00  0.3929E+01
 -15.453  0.8383E+00  0.3938E+01
 -15.443  0.8385E+00  0.3946E+01
 -15.433  0.8520E+00  0.3955E+01
 -15.423  0.8800E+00  0.3963E+01
 -15.413  0.9282E+00  0.3972E+01
 -15.403  0.1015E+01  0.3982E+01
 -15.393  0.1078E+01  0.3992E+01
 -15.383  0.1149E+01  0.4004E+01
 -15.373  0.1197E+01  0.4015E+01
 -15.363  0.1262E+01  0.4028E+01
 -15.353  0.1379E+01  0.4041E+01
 -15.343  0.1536E+01  0.4055E+01
 -15.333  0.1725E+01  0.4072E+01
 -15.323  0.1955E+01  0.4090E+01
 -15.313  0.2326E+01  0.4111E+01
 -15.303  0.3530E+01  0.4141E+01
 -15.293  0.3375E+01  0.4175E+01
 -15.283  0.3649E+01  0.4210E+01
 -15.273  0.3898E+01  0.4247E+01
 -15.263  0.4233E+01  0.4288E+01
 -15.253  0.4494E+01  0.4332E+01
 -15.243  0.5186E+01  0.4379E+01
 -15.233  0.6011E+01  0.4436E+01
 -15.223  0.7004E+01  0.4500E+01
 -15.213  0.1129E+02  0.4589E+01
 -15.203  0.1690E+02  0.4725E+01
 -15.193  0.1653E+02  0.4895E+01
 -15.183  0.1060E+02  0.5034E+01
 -15.173  0.6089E+01  0.5108E+01
 -15.163  0.4865E+01  0.5161E+01
 -15.153  0.4330E+01  0.5206E+01
 -15.143  0.3889E+01  0.5248E+01
 -15.133  0.3534E+01  0.5285E+01
 -15.123  0.3247E+01  0.5318E+01
 -15.113  0.3013E+01  0.5350E+01
 -15.103  0.2850E+01  0.5379E+01
 -15.093  0.2716E+01  0.5407E+01
 -15.083  0.2592E+01  0.5433E+01
 -15.073  0.2476E+01  0.5459E+01
 -15.063  0.2367E+01  0.5483E+01
 -15.053  0.2262E+01  0.5506E+01
 -15.043  0.2159E+01  0.5528E+01
 -15.033  0.2067E+01  0.5549E+01
 -15.023  0.1999E+01  0.5569E+01
 -15.013  0.1933E+01  0.5589E+01
 -15.003  0.1869E+01  0.5608E+01
 -14.993  0.1806E+01  0.5627E+01
 -14.983  0.1745E+01  0.5644E+01
 -14.973  0.1685E+01  0.5661E+01
 -14.963  0.1627E+01  0.5678E+01
 -14.953  0.1571E+01  0.5694E+01
 -14.943  0.1518E+01  0.5709E+01
 -14.933  0.1474E+01  0.5724E+01
 -14.923  0.1432E+01  0.5739E+01
 -14.913  0.1390E+01  0.5753E+01
 -14.903  0.1345E+01  0.5767E+01
 -14.893  0.1300E+01  0.5780E+01
 -14.883  0.1256E+01  0.5793E+01
 -14.873  0.1212E+01  0.5805E+01
 -14.863  0.1168E+01  0.5817E+01
 -14.853  0.1129E+01  0.5828E+01
 -14.843  0.1095E+01  0.5840E+01
 -14.833  0.1062E+01  0.5850E+01
 -14.823  0.1030E+01  0.5861E+01
 -14.813  0.9993E+00  0.5871E+01
 -14.803  0.9626E+00  0.5881E+01
 -14.793  0.9253E+00  0.5890E+01
 -14.783  0.8864E+00  0.5899E+01
 -14.773  0.8452E+00  0.5908E+01
 -14.763  0.8069E+00  0.5916E+01
 -14.753  0.7723E+00  0.5924E+01
 -14.743  0.7378E+00  0.5932E+01
 -14.733  0.7033E+00  0.5939E+01
 -14.723  0.6715E+00  0.5946E+01
 -14.713  0.6448E+00  0.5952E+01
 -14.703  0.6145E+00  0.5959E+01
 -14.693  0.5923E+00  0.5965E+01
 -14.683  0.5534E+00  0.5970E+01
 -14.673  0.7244E+01  0.5984E+01
 -14.663  0.1987E+02  0.6155E+01
 -14.653  0.2200E+02  0.6364E+01
 -14.643  0.1137E+03  0.6812E+01
 -14.633  0.2917E+02  0.7309E+01
 -14.623  0.3180E+02  0.7606E+01
 -14.613  0.5466E+02  0.7994E+01
 -14.603  0.6292E+02  0.8620E+01
 -14.593  0.5381E+02  0.9161E+01
 -14.583  0.4394E+02  0.9619E+01
 -14.573  0.9454E+02  0.1034E+02
 -14.563  0.5016E+02  0.1115E+02
 -14.553  0.2934E+02  0.1154E+02
 -14.543  0.1901E+02  0.1178E+02
 -14.533  0.1007E+02  0.1192E+02
 -14.523  0.4311E+01  0.1199E+02
 -14.513  0.0000E+00  0.1200E+02
 -14.503  0.0000E+00  0.1200E+02
 -14.493  0.0000E+00  0.1200E+02
 -14.483  0.0000E+00  0.1200E+02
 -14.473  0.0000E+00  0.1200E+02
 -14.463  0.0000E+00  0.1200E+02
 -14.453  0.0000E+00  0.1200E+02
 -14.443  0.0000E+00  0.1200E+02
 -14.433  0.0000E+00  0.1200E+02
 -14.423  0.0000E+00  0.1200E+02
 -14.413  0.0000E+00  0.1200E+02
 -14.403  0.0000E+00  0.1200E+02
 -14.393  0.0000E+00  0.1200E+02
 -14.383  0.0000E+00  0.1200E+02
 -14.373  0.0000E+00  0.1200E+02
 -14.363  0.0000E+00  0.1200E+02
 -14.353  0.0000E+00  0.1200E+02
 -14.343  0.0000E+00  0.1200E+02
 -14.333  0.0000E+00  0.1200E+02
 -14.323  0.0000E+00  0.1200E+02
 -14.313  0.0000E+00  0.1200E+02
 -14.303  0.0000E+00  0.1200E+02
 -14.293  0.0000E+00  0.1200E+02
 -14.283  0.0000E+00  0.1200E+02
 -14.273  0.0000E+00  0.1200E+02
 -14.263  0.0000E+00  0.1200E+02
 -14.253  0.0000E+00  0.1200E+02
 -14.243  0.0000E+00  0.1200E+02
 -14.233  0.0000E+00  0.1200E+02
 -14.223  0.0000E+00  0.1200E+02
 -14.213  0.0000E+00  0.1200E+02
 -14.203  0.0000E+00  0.1200E+02
 -14.193  0.0000E+00  0.1200E+02
 -14.183  0.0000E+00  0.1200E+02
 -14.173  0.0000E+00  0.1200E+02
 -14.163  0.0000E+00  0.1200E+02
 -14.153  0.0000E+00  0.1200E+02
 -14.143  0.0000E+00  0.1200E+02
 -14.133  0.0000E+00  0.1200E+02
 -14.123  0.0000E+00  0.1200E+02
 -14.113  0.0000E+00  0.1200E+02
 -14.103  0.0000E+00  0.1200E+02
 -14.093  0.0000E+00  0.1200E+02
 -14.083  0.0000E+00  0.1200E+02
 -14.073  0.0000E+00  0.1200E+02
 -14.063  0.0000E+00  0.1200E+02
 -14.053  0.0000E+00  0.1200E+02
 -14.043  0.0000E+00  0.1200E+02
 -14.033  0.0000E+00  0.1200E+02
 -14.023  0.0000E+00  0.1200E+02
 -14.013  0.0000E+00  0.1200E+02
 -14.003  0.0000E+00  0.1200E+02
 -13.993  0.0000E+00  0.1200E+02
 -13.983  0.0000E+00  0.1200E+02
 -13.973  0.0000E+00  0.1200E+02
 -13.963  0.0000E+00  0.1200E+02
 -13.953  0.0000E+00  0.1200E+02
 -13.943  0.0000E+00  0.1200E+02
 -13.933  0.0000E+00  0.1200E+02
 -13.923  0.0000E+00  0.1200E+02
 -13.913  0.0000E+00  0.1200E+02
 -13.903  0.0000E+00  0.1200E+02
 -13.893  0.0000E+00  0.1200E+02
 -13.883  0.0000E+00  0.1200E+02
 -13.873  0.0000E+00  0.1200E+02
 -13.863  0.0000E+00  0.1200E+02
 -13.853  0.0000E+00  0.1200E+02
 -13.843  0.0000E+00  0.1200E+02
 -13.833  0.0000E+00  0.1200E+02
 -13.823  0.0000E+00  0.1200E+02
 -13.813  0.0000E+00  0.1200E+02
 -13.803  0.0000E+00  0.1200E+02
 -13.793  0.0000E+00  0.1200E+02
 -13.783  0.0000E+00  0.1200E+02
 -13.773  0.0000E+00  0.1200E+02
 -13.763  0.0000E+00  0.1200E+02
 -13.753  0.0000E+00  0.1200E+02
 -13.743  0.0000E+00  0.1200E+02
 -13.733  0.0000E+00  0.1200E+02
 -13.723  0.0000E+00  0.1200E+02
 -13.713  0.0000E+00  0.1200E+02
 -13.703  0.0000E+00  0.1200E+02
 -13.693  0.0000E+00  0.1200E+02
 -13.683  0.0000E+00  0.1200E+02
 -13.673  0.0000E+00  0.1200E+02
 -13.663  0.0000E+00  0.1200E+02
 -13.653  0.0000E+00  0.1200E+02
 -13.643  0.0000E+00  0.1200E+02
 -13.633  0.0000E+00  0.1200E+02
 -13.623  0.0000E+00  0.1200E+02
 -13.613  0.0000E+00  0.1200E+02
 -13.603  0.0000E+00  0.1200E+02
 -13.593  0.0000E+00  0.1200E+02
 -13.583  0.0000E+00  0.1200E+02
 -13.573  0.0000E+00  0.1200E+02
 -13.563  0.0000E+00  0.1200E+02
 -13.553  0.0000E+00  0.1200E+02
 -13.543  0.0000E+00  0.1200E+02
 -13.533  0.0000E+00  0.1200E+02
 -13.523  0.0000E+00  0.1200E+02
 -13.513  0.0000E+00  0.1200E+02
 -13.503  0.0000E+00  0.1200E+02
 -13.493  0.0000E+00  0.1200E+02
 -13.483  0.0000E+00  0.1200E+02
 -13.473  0.0000E+00  0.1200E+02
 -13.463  0.0000E+00  0.1200E+02
 -13.453  0.0000E+00  0.1200E+02
 -13.443  0.0000E+00  0.1200E+02
 -13.433  0.0000E+00  0.1200E+02
 -13.423  0.0000E+00  0.1200E+02
 -13.413  0.0000E+00  0.1200E+02
 -13.403  0.0000E+00  0.1200E+02
 -13.393  0.0000E+00  0.1200E+02
 -13.383  0.0000E+00  0.1200E+02
 -13.373  0.0000E+00  0.1200E+02
 -13.363  0.0000E+00  0.1200E+02
 -13.353  0.0000E+00  0.1200E+02
 -13.343  0.0000E+00  0.1200E+02
 -13.333  0.0000E+00  0.1200E+02
 -13.323  0.0000E+00  0.1200E+02
 -13.313  0.0000E+00  0.1200E+02
 -13.303  0.0000E+00  0.1200E+02
 -13.293  0.0000E+00  0.1200E+02
 -13.283  0.0000E+00  0.1200E+02
 -13.273  0.0000E+00  0.1200E+02
 -13.263  0.0000E+00  0.1200E+02
 -13.253  0.0000E+00  0.1200E+02
 -13.243  0.0000E+00  0.1200E+02
 -13.233  0.0000E+00  0.1200E+02
 -13.223  0.0000E+00  0.1200E+02
 -13.213  0.0000E+00  0.1200E+02
 -13.203  0.0000E+00  0.1200E+02
 -13.193  0.0000E+00  0.1200E+02
 -13.183  0.0000E+00  0.1200E+02
 -13.173  0.0000E+00  0.1200E+02
 -13.163  0.0000E+00  0.1200E+02
 -13.153  0.0000E+00  0.1200E+02
 -13.143  0.0000E+00  0.1200E+02
 -13.133  0.0000E+00  0.1200E+02
 -13.123  0.0000E+00  0.1200E+02
 -13.113  0.0000E+00  0.1200E+02
 -13.103  0.0000E+00  0.1200E+02
 -13.093  0.0000E+00  0.1200E+02
 -13.083  0.0000E+00  0.1200E+02
 -13.073  0.0000E+00  0.1200E+02
 -13.063  0.0000E+00  0.1200E+02
 -13.053  0.0000E+00  0.1200E+02
 -13.043  0.0000E+00  0.1200E+02
 -13.033  0.0000E+00  0.1200E+02
 -13.023  0.0000E+00  0.1200E+02
 -13.013  0.0000E+00  0.1200E+02
 -13.003  0.0000E+00  0.1200E+02
 -12.993  0.0000E+00  0.1200E+02
 -12.983  0.0000E+00  0.1200E+02
 -12.973  0.0000E+00  0.1200E+02
 -12.963  0.0000E+00  0.1200E+02
 -12.953  0.0000E+00  0.1200E+02
 -12.943  0.0000E+00  0.1200E+02
 -12.933  0.0000E+00  0.1200E+02
 -12.923  0.0000E+00  0.1200E+02
 -12.913  0.0000E+00  0.1200E+02
 -12.903  0.0000E+00  0.1200E+02
 -12.893  0.0000E+00  0.1200E+02
 -12.883  0.0000E+00  0.1200E+02
 -12.873  0.0000E+00  0.1200E+02
 -12.863  0.0000E+00  0.1200E+02
 -12.853  0.0000E+00  0.1200E+02
 -12.843  0.0000E+00  0.1200E+02
 -12.833  0.0000E+00  0.1200E+02
 -12.823  0.0000E+00  0.1200E+02
 -12.813  0.0000E+00  0.1200E+02
 -12.803  0.0000E+00  0.1200E+02
 -12.793  0.0000E+00  0.1200E+02
 -12.783  0.0000E+00  0.1200E+02
 -12.773  0.0000E+00  0.1200E+02
 -12.763  0.0000E+00  0.1200E+02
 -12.753  0.0000E+00  0.1200E+02
 -12.743  0.0000E+00  0.1200E+02
 -12.733  0.0000E+00  0.1200E+02
 -12.723  0.0000E+00  0.1200E+02
 -12.713  0.0000E+00  0.1200E+02
 -12.703  0.0000E+00  0.1200E+02
 -12.693  0.0000E+00  0.1200E+02
 -12.683  0.0000E+00  0.1200E+02
 -12.673  0.0000E+00  0.1200E+02
 -12.663  0.0000E+00  0.1200E+02
 -12.653  0.0000E+00  0.1200E+02
 -12.643  0.0000E+00  0.1200E+02
 -12.633  0.0000E+00  0.1200E+02
 -12.623  0.0000E+00  0.1200E+02
 -12.613  0.0000E+00  0.1200E+02
 -12.603  0.0000E+00  0.1200E+02
 -12.593  0.0000E+00  0.1200E+02
 -12.583  0.0000E+00  0.1200E+02
 -12.573  0.0000E+00  0.1200E+02
 -12.563  0.0000E+00  0.1200E+02
 -12.553  0.0000E+00  0.1200E+02
 -12.543  0.0000E+00  0.1200E+02
 -12.533  0.0000E+00  0.1200E+02
 -12.523  0.0000E+00  0.1200E+02
 -12.513  0.0000E+00  0.1200E+02
 -12.503  0.0000E+00  0.1200E+02
 -12.493  0.0000E+00  0.1200E+02
 -12.483  0.0000E+00  0.1200E+02
 -12.473  0.0000E+00  0.1200E+02
 -12.463  0.0000E+00  0.1200E+02
 -12.453  0.0000E+00  0.1200E+02
 -12.443  0.0000E+00  0.1200E+02
 -12.433  0.0000E+00  0.1200E+02
 -12.423  0.0000E+00  0.1200E+02
 -12.413  0.0000E+00  0.1200E+02
 -12.403  0.0000E+00  0.1200E+02
 -12.393  0.0000E+00  0.1200E+02
 -12.383  0.0000E+00  0.1200E+02
 -12.373  0.0000E+00  0.1200E+02
 -12.363  0.0000E+00  0.1200E+02
 -12.353  0.0000E+00  0.1200E+02
 -12.343  0.0000E+00  0.1200E+02
 -12.333  0.0000E+00  0.1200E+02
 -12.323  0.0000E+00  0.1200E+02
 -12.313  0.0000E+00  0.1200E+02
 -12.303  0.0000E+00  0.1200E+02
 -12.293  0.0000E+00  0.1200E+02
 -12.283  0.0000E+00  0.1200E+02
 -12.273  0.0000E+00  0.1200E+02
 -12.263  0.0000E+00  0.1200E+02
 -12.253  0.0000E+00  0.1200E+02
 -12.243  0.0000E+00  0.1200E+02
 -12.233  0.0000E+00  0.1200E+02
 -12.223  0.0000E+00  0.1200E+02
 -12.213  0.0000E+00  0.1200E+02
 -12.203  0.0000E+00  0.1200E+02
 -12.193  0.0000E+00  0.1200E+02
 -12.183  0.0000E+00  0.1200E+02
 -12.173  0.0000E+00  0.1200E+02
 -12.163  0.0000E+00  0.1200E+02
 -12.153  0.0000E+00  0.1200E+02
 -12.143  0.0000E+00  0.1200E+02
 -12.133  0.0000E+00  0.1200E+02
 -12.123  0.0000E+00  0.1200E+02
 -12.113  0.0000E+00  0.1200E+02
 -12.103  0.0000E+00  0.1200E+02
 -12.093  0.0000E+00  0.1200E+02
 -12.083  0.0000E+00  0.1200E+02
 -12.073  0.0000E+00  0.1200E+02
 -12.063  0.0000E+00  0.1200E+02
 -12.053  0.0000E+00  0.1200E+02
 -12.043  0.0000E+00  0.1200E+02
 -12.033  0.0000E+00  0.1200E+02
 -12.023  0.0000E+00  0.1200E+02
 -12.013  0.0000E+00  0.1200E+02
 -12.003  0.0000E+00  0.1200E+02
 -11.993  0.0000E+00  0.1200E+02
 -11.983  0.0000E+00  0.1200E+02
 -11.973  0.0000E+00  0.1200E+02
 -11.963  0.0000E+00  0.1200E+02
 -11.953  0.0000E+00  0.1200E+02
 -11.943  0.0000E+00  0.1200E+02
 -11.933  0.0000E+00  0.1200E+02
 -11.923  0.0000E+00  0.1200E+02
 -11.913  0.0000E+00  0.1200E+02
 -11.903  0.0000E+00  0.1200E+02
 -11.893  0.0000E+00  0.1200E+02
 -11.883  0.0000E+00  0.1200E+02
 -11.873  0.0000E+00  0.1200E+02
 -11.863  0.0000E+00  0.1200E+02
 -11.853  0.0000E+00  0.1200E+02
 -11.843  0.0000E+00  0.1200E+02
 -11.833  0.0000E+00  0.1200E+02
 -11.823  0.0000E+00  0.1200E+02
 -11.813  0.0000E+00  0.1200E+02
 -11.803  0.0000E+00  0.1200E+02
 -11.793  0.0000E+00  0.1200E+02
 -11.783  0.0000E+00  0.1200E+02
 -11.773  0.0000E+00  0.1200E+02
 -11.763  0.0000E+00  0.1200E+02
 -11.753  0.0000E+00  0.1200E+02
 -11.743  0.0000E+00  0.1200E+02
 -11.733  0.0000E+00  0.1200E+02
 -11.723  0.0000E+00  0.1200E+02
 -11.713  0.0000E+00  0.1200E+02
 -11.703  0.0000E+00  0.1200E+02
 -11.693  0.0000E+00  0.1200E+02
 -11.683  0.0000E+00  0.1200E+02
 -11.673  0.0000E+00  0.1200E+02
 -11.663  0.0000E+00  0.1200E+02
 -11.653  0.0000E+00  0.1200E+02
 -11.643  0.0000E+00  0.1200E+02
 -11.633  0.0000E+00  0.1200E+02
 -11.623  0.0000E+00  0.1200E+02
 -11.613  0.0000E+00  0.1200E+02
 -11.603  0.0000E+00  0.1200E+02
 -11.593  0.0000E+00  0.1200E+02
 -11.583  0.0000E+00  0.1200E+02
 -11.573  0.0000E+00  0.1200E+02
 -11.563  0.0000E+00  0.1200E+02
 -11.553  0.0000E+00  0.1200E+02
 -11.543  0.0000E+00  0.1200E+02
 -11.533  0.0000E+00  0.1200E+02
 -11.523  0.0000E+00  0.1200E+02
 -11.513  0.0000E+00  0.1200E+02
 -11.503  0.0000E+00  0.1200E+02
 -11.493  0.0000E+00  0.1200E+02
 -11.483  0.0000E+00  0.1200E+02
 -11.473  0.0000E+00  0.1200E+02
 -11.463  0.0000E+00  0.1200E+02
 -11.453  0.0000E+00  0.1200E+02
 -11.443  0.0000E+00  0.1200E+02
 -11.433  0.0000E+00  0.1200E+02
 -11.423  0.0000E+00  0.1200E+02
 -11.413  0.0000E+00  0.1200E+02
 -11.403  0.0000E+00  0.1200E+02
 -11.393  0.0000E+00  0.1200E+02
 -11.383  0.0000E+00  0.1200E+02
 -11.373  0.0000E+00  0.1200E+02
 -11.363  0.0000E+00  0.1200E+02
 -11.353  0.0000E+00  0.1200E+02
 -11.343  0.0000E+00  0.1200E+02
 -11.333  0.0000E+00  0.1200E+02
 -11.323  0.0000E+00  0.1200E+02
 -11.313  0.0000E+00  0.1200E+02
 -11.303  0.0000E+00  0.1200E+02
 -11.293  0.0000E+00  0.1200E+02
 -11.283  0.0000E+00  0.1200E+02
 -11.273  0.0000E+00  0.1200E+02
 -11.263  0.0000E+00  0.1200E+02
 -11.253  0.0000E+00  0.1200E+02
 -11.243  0.0000E+00  0.1200E+02
 -11.233  0.0000E+00  0.1200E+02
 -11.223  0.0000E+00  0.1200E+02
 -11.213  0.0000E+00  0.1200E+02
 -11.203  0.0000E+00  0.1200E+02
 -11.193  0.0000E+00  0.1200E+02
 -11.183  0.0000E+00  0.1200E+02
 -11.173  0.0000E+00  0.1200E+02
 -11.163  0.0000E+00  0.1200E+02
 -11.153  0.0000E+00  0.1200E+02
 -11.143  0.0000E+00  0.1200E+02
 -11.133  0.0000E+00  0.1200E+02
 -11.123  0.0000E+00  0.1200E+02
 -11.113  0.0000E+00  0.1200E+02
 -11.103  0.0000E+00  0.1200E+02
 -11.093  0.0000E+00  0.1200E+02
 -11.083  0.0000E+00  0.1200E+02
 -11.073  0.0000E+00  0.1200E+02
 -11.063  0.0000E+00  0.1200E+02
 -11.053  0.0000E+00  0.1200E+02
 -11.043  0.0000E+00  0.1200E+02
 -11.033  0.0000E+00  0.1200E+02
 -11.023  0.0000E+00  0.1200E+02
 -11.013  0.0000E+00  0.1200E+02
 -11.003  0.0000E+00  0.1200E+02
 -10.993  0.0000E+00  0.1200E+02
 -10.983  0.0000E+00  0.1200E+02
 -10.973  0.0000E+00  0.1200E+02
 -10.963  0.0000E+00  0.1200E+02
 -10.953  0.0000E+00  0.1200E+02
 -10.943  0.0000E+00  0.1200E+02
 -10.933  0.0000E+00  0.1200E+02
 -10.923  0.0000E+00  0.1200E+02
 -10.913  0.0000E+00  0.1200E+02
 -10.903  0.0000E+00  0.1200E+02
 -10.893  0.0000E+00  0.1200E+02
 -10.883  0.0000E+00  0.1200E+02
 -10.873  0.0000E+00  0.1200E+02
 -10.863  0.0000E+00  0.1200E+02
 -10.853  0.0000E+00  0.1200E+02
 -10.843  0.0000E+00  0.1200E+02
 -10.833  0.0000E+00  0.1200E+02
 -10.823  0.0000E+00  0.1200E+02
 -10.813  0.0000E+00  0.1200E+02
 -10.803  0.0000E+00  0.1200E+02
 -10.793  0.0000E+00  0.1200E+02
 -10.783  0.0000E+00  0.1200E+02
 -10.773  0.0000E+00  0.1200E+02
 -10.763  0.0000E+00  0.1200E+02
 -10.753  0.0000E+00  0.1200E+02
 -10.743  0.0000E+00  0.1200E+02
 -10.733  0.0000E+00  0.1200E+02
 -10.723  0.0000E+00  0.1200E+02
 -10.713  0.0000E+00  0.1200E+02
 -10.703  0.0000E+00  0.1200E+02
 -10.693  0.0000E+00  0.1200E+02
 -10.683  0.0000E+00  0.1200E+02
 -10.673  0.0000E+00  0.1200E+02
 -10.663  0.0000E+00  0.1200E+02
 -10.653  0.0000E+00  0.1200E+02
 -10.643  0.0000E+00  0.1200E+02
 -10.633  0.0000E+00  0.1200E+02
 -10.623  0.0000E+00  0.1200E+02
 -10.613  0.0000E+00  0.1200E+02
 -10.603  0.0000E+00  0.1200E+02
 -10.593  0.0000E+00  0.1200E+02
 -10.583  0.0000E+00  0.1200E+02
 -10.573  0.0000E+00  0.1200E+02
 -10.563  0.0000E+00  0.1200E+02
 -10.553  0.0000E+00  0.1200E+02
 -10.543  0.0000E+00  0.1200E+02
 -10.533  0.0000E+00  0.1200E+02
 -10.523  0.0000E+00  0.1200E+02
 -10.513  0.0000E+00  0.1200E+02
 -10.503  0.0000E+00  0.1200E+02
 -10.493  0.0000E+00  0.1200E+02
 -10.483  0.0000E+00  0.1200E+02
 -10.473  0.0000E+00  0.1200E+02
 -10.463  0.0000E+00  0.1200E+02
 -10.453  0.0000E+00  0.1200E+02
 -10.443  0.0000E+00  0.1200E+02
 -10.433  0.0000E+00  0.1200E+02
 -10.423  0.0000E+00  0.1200E+02
 -10.413  0.0000E+00  0.1200E+02
 -10.403  0.0000E+00  0.1200E+02
 -10.393  0.0000E+00  0.1200E+02
 -10.383  0.0000E+00  0.1200E+02
 -10.373  0.0000E+00  0.1200E+02
 -10.363  0.0000E+00  0.1200E+02
 -10.353  0.0000E+00  0.1200E+02
 -10.343  0.0000E+00  0.1200E+02
 -10.333  0.0000E+00  0.1200E+02
 -10.323  0.0000E+00  0.1200E+02
 -10.313  0.0000E+00  0.1200E+02
 -10.303  0.0000E+00  0.1200E+02
 -10.293  0.0000E+00  0.1200E+02
 -10.283  0.0000E+00  0.1200E+02
 -10.273  0.0000E+00  0.1200E+02
 -10.263  0.0000E+00  0.1200E+02
 -10.253  0.0000E+00  0.1200E+02
 -10.243  0.0000E+00  0.1200E+02
 -10.233  0.0000E+00  0.1200E+02
 -10.223  0.0000E+00  0.1200E+02
 -10.213  0.0000E+00  0.1200E+02
 -10.203  0.0000E+00  0.1200E+02
 -10.193  0.0000E+00  0.1200E+02
 -10.183  0.0000E+00  0.1200E+02
 -10.173  0.0000E+00  0.1200E+02
 -10.163  0.0000E+00  0.1200E+02
 -10.153  0.0000E+00  0.1200E+02
 -10.143  0.0000E+00  0.1200E+02
 -10.133  0.0000E+00  0.1200E+02
 -10.123  0.0000E+00  0.1200E+02
 -10.113  0.0000E+00  0.1200E+02
 -10.103  0.0000E+00  0.1200E+02
 -10.093  0.0000E+00  0.1200E+02
 -10.083  0.0000E+00  0.1200E+02
 -10.073  0.0000E+00  0.1200E+02
 -10.063  0.0000E+00  0.1200E+02
 -10.053  0.0000E+00  0.1200E+02
 -10.043  0.0000E+00  0.1200E+02
 -10.033  0.0000E+00  0.1200E+02
 -10.023  0.0000E+00  0.1200E+02
 -10.013  0.0000E+00  0.1200E+02
 -10.003  0.0000E+00  0.1200E+02
  -9.993  0.0000E+00  0.1200E+02
  -9.983  0.0000E+00  0.1200E+02
  -9.973  0.0000E+00  0.1200E+02
  -9.963  0.0000E+00  0.1200E+02
  -9.953  0.0000E+00  0.1200E+02
  -9.943  0.0000E+00  0.1200E+02
  -9.933  0.0000E+00  0.1200E+02
  -9.923  0.0000E+00  0.1200E+02
  -9.913  0.0000E+00  0.1200E+02
  -9.903  0.0000E+00  0.1200E+02
  -9.893  0.0000E+00  0.1200E+02
  -9.883  0.0000E+00  0.1200E+02
  -9.873  0.0000E+00  0.1200E+02
  -9.863  0.0000E+00  0.1200E+02
  -9.853  0.0000E+00  0.1200E+02
  -9.843  0.0000E+00  0.1200E+02
  -9.833  0.0000E+00  0.1200E+02
  -9.823  0.0000E+00  0.1200E+02
  -9.813  0.0000E+00  0.1200E+02
  -9.803  0.0000E+00  0.1200E+02
  -9.793  0.0000E+00  0.1200E+02
  -9.783  0.0000E+00  0.1200E+02
  -9.773  0.0000E+00  0.1200E+02
  -9.763  0.0000E+00  0.1200E+02
  -9.753  0.0000E+00  0.1200E+02
  -9.743  0.0000E+00  0.1200E+02
  -9.733  0.0000E+00  0.1200E+02
  -9.723  0.0000E+00  0.1200E+02
  -9.713  0.0000E+00  0.1200E+02
  -9.703  0.0000E+00  0.1200E+02
  -9.693  0.0000E+00  0.1200E+02
  -9.683  0.0000E+00  0.1200E+02
  -9.673  0.0000E+00  0.1200E+02
  -9.663  0.0000E+00  0.1200E+02
  -9.653  0.0000E+00  0.1200E+02
  -9.643  0.0000E+00  0.1200E+02
  -9.633  0.0000E+00  0.1200E+02
  -9.623  0.0000E+00  0.1200E+02
  -9.613  0.0000E+00  0.1200E+02
  -9.603  0.0000E+00  0.1200E+02
  -9.593  0.0000E+00  0.1200E+02
  -9.583  0.0000E+00  0.1200E+02
  -9.573  0.0000E+00  0.1200E+02
  -9.563  0.0000E+00  0.1200E+02
  -9.553  0.0000E+00  0.1200E+02
  -9.543  0.0000E+00  0.1200E+02
  -9.533  0.0000E+00  0.1200E+02
  -9.523  0.0000E+00  0.1200E+02
  -9.513  0.0000E+00  0.1200E+02
  -9.503  0.0000E+00  0.1200E+02
  -9.493  0.0000E+00  0.1200E+02
  -9.483  0.0000E+00  0.1200E+02
  -9.473  0.0000E+00  0.1200E+02
  -9.463  0.0000E+00  0.1200E+02
  -9.453  0.0000E+00  0.1200E+02
  -9.443  0.0000E+00  0.1200E+02
  -9.433  0.0000E+00  0.1200E+02
  -9.423  0.0000E+00  0.1200E+02
  -9.413  0.0000E+00  0.1200E+02
  -9.403  0.0000E+00  0.1200E+02
  -9.393  0.0000E+00  0.1200E+02
  -9.383  0.0000E+00  0.1200E+02
  -9.373  0.0000E+00  0.1200E+02
  -9.363  0.0000E+00  0.1200E+02
  -9.353  0.0000E+00  0.1200E+02
  -9.343  0.0000E+00  0.1200E+02
  -9.333  0.0000E+00  0.1200E+02
  -9.323  0.0000E+00  0.1200E+02
  -9.313  0.0000E+00  0.1200E+02
  -9.303  0.0000E+00  0.1200E+02
  -9.293  0.0000E+00  0.1200E+02
  -9.283  0.0000E+00  0.1200E+02
  -9.273  0.0000E+00  0.1200E+02
  -9.263  0.0000E+00  0.1200E+02
  -9.253  0.0000E+00  0.1200E+02
  -9.243  0.0000E+00  0.1200E+02
  -9.233  0.0000E+00  0.1200E+02
  -9.223  0.0000E+00  0.1200E+02
  -9.213  0.0000E+00  0.1200E+02
  -9.203  0.0000E+00  0.1200E+02
  -9.193  0.0000E+00  0.1200E+02
  -9.183  0.0000E+00  0.1200E+02
  -9.173  0.0000E+00  0.1200E+02
  -9.163  0.0000E+00  0.1200E+02
  -9.153  0.0000E+00  0.1200E+02
  -9.143  0.0000E+00  0.1200E+02
  -9.133  0.0000E+00  0.1200E+02
  -9.123  0.0000E+00  0.1200E+02
  -9.113  0.0000E+00  0.1200E+02
  -9.103  0.0000E+00  0.1200E+02
  -9.093  0.0000E+00  0.1200E+02
  -9.083  0.0000E+00  0.1200E+02
  -9.073  0.0000E+00  0.1200E+02
  -9.063  0.0000E+00  0.1200E+02
  -9.053  0.0000E+00  0.1200E+02
  -9.043  0.0000E+00  0.1200E+02
  -9.033  0.0000E+00  0.1200E+02
  -9.023  0.0000E+00  0.1200E+02
  -9.013  0.0000E+00  0.1200E+02
  -9.003  0.0000E+00  0.1200E+02
  -8.993  0.0000E+00  0.1200E+02
  -8.983  0.0000E+00  0.1200E+02
  -8.973  0.0000E+00  0.1200E+02
  -8.963  0.0000E+00  0.1200E+02
  -8.953  0.0000E+00  0.1200E+02
  -8.943  0.0000E+00  0.1200E+02
  -8.933  0.0000E+00  0.1200E+02
  -8.923  0.0000E+00  0.1200E+02
  -8.913  0.0000E+00  0.1200E+02
  -8.903  0.0000E+00  0.1200E+02
  -8.893  0.0000E+00  0.1200E+02
  -8.883  0.0000E+00  0.1200E+02
  -8.873  0.0000E+00  0.1200E+02
  -8.863  0.0000E+00  0.1200E+02
  -8.853  0.0000E+00  0.1200E+02
  -8.843  0.0000E+00  0.1200E+02
  -8.833  0.0000E+00  0.1200E+02
  -8.823  0.0000E+00  0.1200E+02
  -8.813  0.0000E+00  0.1200E+02
  -8.803  0.0000E+00  0.1200E+02
  -8.793  0.0000E+00  0.1200E+02
  -8.783  0.0000E+00  0.1200E+02
  -8.773  0.0000E+00  0.1200E+02
  -8.763  0.0000E+00  0.1200E+02
  -8.753  0.0000E+00  0.1200E+02
  -8.743  0.0000E+00  0.1200E+02
  -8.733  0.0000E+00  0.1200E+02
  -8.723  0.0000E+00  0.1200E+02
  -8.713  0.0000E+00  0.1200E+02
  -8.703  0.0000E+00  0.1200E+02
  -8.693  0.0000E+00  0.1200E+02
  -8.683  0.0000E+00  0.1200E+02
  -8.673  0.0000E+00  0.1200E+02
  -8.663  0.0000E+00  0.1200E+02
  -8.653  0.0000E+00  0.1200E+02
  -8.643  0.0000E+00  0.1200E+02
  -8.633  0.0000E+00  0.1200E+02
  -8.623  0.0000E+00  0.1200E+02
  -8.613  0.0000E+00  0.1200E+02
  -8.603  0.0000E+00  0.1200E+02
  -8.593  0.0000E+00  0.1200E+02
  -8.583  0.0000E+00  0.1200E+02
  -8.573  0.0000E+00  0.1200E+02
  -8.563  0.0000E+00  0.1200E+02
  -8.553  0.0000E+00  0.1200E+02
  -8.543  0.0000E+00  0.1200E+02
  -8.533  0.0000E+00  0.1200E+02
  -8.523  0.0000E+00  0.1200E+02
  -8.513  0.0000E+00  0.1200E+02
  -8.503  0.0000E+00  0.1200E+02
  -8.493  0.0000E+00  0.1200E+02
  -8.483  0.0000E+00  0.1200E+02
  -8.473  0.0000E+00  0.1200E+02
  -8.463  0.0000E+00  0.1200E+02
  -8.453  0.0000E+00  0.1200E+02
  -8.443  0.0000E+00  0.1200E+02
  -8.433  0.0000E+00  0.1200E+02
  -8.423  0.0000E+00  0.1200E+02
  -8.413  0.0000E+00  0.1200E+02
  -8.403  0.0000E+00  0.1200E+02
  -8.393  0.0000E+00  0.1200E+02
  -8.383  0.0000E+00  0.1200E+02
  -8.373  0.0000E+00  0.1200E+02
  -8.363  0.0000E+00  0.1200E+02
  -8.353  0.0000E+00  0.1200E+02
  -8.343  0.0000E+00  0.1200E+02
  -8.333  0.0000E+00  0.1200E+02
  -8.323  0.0000E+00  0.1200E+02
  -8.313  0.0000E+00  0.1200E+02
  -8.303  0.0000E+00  0.1200E+02
  -8.293  0.0000E+00  0.1200E+02
  -8.283  0.0000E+00  0.1200E+02
  -8.273  0.0000E+00  0.1200E+02
  -8.263  0.0000E+00  0.1200E+02
  -8.253  0.0000E+00  0.1200E+02
  -8.243  0.0000E+00  0.1200E+02
  -8.233  0.0000E+00  0.1200E+02
  -8.223  0.0000E+00  0.1200E+02
  -8.213  0.0000E+00  0.1200E+02
  -8.203  0.0000E+00  0.1200E+02
  -8.193  0.0000E+00  0.1200E+02
  -8.183  0.0000E+00  0.1200E+02
  -8.173  0.0000E+00  0.1200E+02
  -8.163  0.0000E+00  0.1200E+02
  -8.153  0.0000E+00  0.1200E+02
  -8.143  0.0000E+00  0.1200E+02
  -8.133  0.0000E+00  0.1200E+02
  -8.123  0.0000E+00  0.1200E+02
  -8.113  0.0000E+00  0.1200E+02
  -8.103  0.0000E+00  0.1200E+02
  -8.093  0.0000E+00  0.1200E+02
  -8.083  0.0000E+00  0.1200E+02
  -8.073  0.0000E+00  0.1200E+02
  -8.063  0.0000E+00  0.1200E+02
  -8.053  0.0000E+00  0.1200E+02
  -8.043  0.0000E+00  0.1200E+02
  -8.033  0.0000E+00  0.1200E+02
  -8.023  0.0000E+00  0.1200E+02
  -8.013  0.0000E+00  0.1200E+02
  -8.003  0.0000E+00  0.1200E+02
  -7.993  0.0000E+00  0.1200E+02
  -7.983  0.0000E+00  0.1200E+02
  -7.973  0.0000E+00  0.1200E+02
  -7.963  0.0000E+00  0.1200E+02
  -7.953  0.0000E+00  0.1200E+02
  -7.943  0.0000E+00  0.1200E+02
  -7.933  0.0000E+00  0.1200E+02
  -7.923  0.0000E+00  0.1200E+02
  -7.913  0.0000E+00  0.1200E+02
  -7.903  0.0000E+00  0.1200E+02
  -7.893  0.0000E+00  0.1200E+02
  -7.883  0.0000E+00  0.1200E+02
  -7.873  0.0000E+00  0.1200E+02
  -7.863  0.0000E+00  0.1200E+02
  -7.853  0.0000E+00  0.1200E+02
  -7.843  0.0000E+00  0.1200E+02
  -7.833  0.0000E+00  0.1200E+02
  -7.823  0.0000E+00  0.1200E+02
  -7.813  0.0000E+00  0.1200E+02
  -7.803  0.0000E+00  0.1200E+02
  -7.793  0.0000E+00  0.1200E+02
  -7.783  0.0000E+00  0.1200E+02
  -7.773  0.0000E+00  0.1200E+02
  -7.763  0.0000E+00  0.1200E+02
  -7.753  0.0000E+00  0.1200E+02
  -7.743  0.0000E+00  0.1200E+02
  -7.733  0.0000E+00  0.1200E+02
  -7.723  0.0000E+00  0.1200E+02
  -7.713  0.0000E+00  0.1200E+02
  -7.703  0.0000E+00  0.1200E+02
  -7.693  0.0000E+00  0.1200E+02
  -7.683  0.0000E+00  0.1200E+02
  -7.673  0.0000E+00  0.1200E+02
  -7.663  0.0000E+00  0.1200E+02
  -7.653  0.0000E+00  0.1200E+02
  -7.643  0.0000E+00  0.1200E+02
  -7.633  0.0000E+00  0.1200E+02
  -7.623  0.0000E+00  0.1200E+02
  -7.613  0.0000E+00  0.1200E+02
  -7.603  0.0000E+00  0.1200E+02
  -7.593  0.0000E+00  0.1200E+02
  -7.583  0.0000E+00  0.1200E+02
  -7.573  0.0000E+00  0.1200E+02
  -7.563  0.0000E+00  0.1200E+02
  -7.553  0.0000E+00  0.1200E+02
  -7.543  0.0000E+00  0.1200E+02
  -7.533  0.0000E+00  0.1200E+02
  -7.523  0.0000E+00  0.1200E+02
  -7.513  0.0000E+00  0.1200E+02
  -7.503  0.0000E+00  0.1200E+02
  -7.493  0.0000E+00  0.1200E+02
  -7.483  0.0000E+00  0.1200E+02
  -7.473  0.0000E+00  0.1200E+02
  -7.463  0.0000E+00  0.1200E+02
  -7.453  0.0000E+00  0.1200E+02
  -7.443  0.0000E+00  0.1200E+02
  -7.433  0.0000E+00  0.1200E+02
  -7.423  0.0000E+00  0.1200E+02
  -7.413  0.0000E+00  0.1200E+02
  -7.403  0.0000E+00  0.1200E+02
  -7.393  0.0000E+00  0.1200E+02
  -7.383  0.0000E+00  0.1200E+02
  -7.373  0.0000E+00  0.1200E+02
  -7.363  0.0000E+00  0.1200E+02
  -7.353  0.0000E+00  0.1200E+02
  -7.343  0.0000E+00  0.1200E+02
  -7.333  0.0000E+00  0.1200E+02
  -7.323  0.0000E+00  0.1200E+02
  -7.313  0.0000E+00  0.1200E+02
  -7.303  0.0000E+00  0.1200E+02
  -7.293  0.0000E+00  0.1200E+02
  -7.283  0.0000E+00  0.1200E+02
  -7.273  0.0000E+00  0.1200E+02
  -7.263  0.0000E+00  0.1200E+02
  -7.253  0.0000E+00  0.1200E+02
  -7.243  0.0000E+00  0.1200E+02
  -7.233  0.0000E+00  0.1200E+02
  -7.223  0.0000E+00  0.1200E+02
  -7.213  0.0000E+00  0.1200E+02
  -7.203  0.0000E+00  0.1200E+02
  -7.193  0.0000E+00  0.1200E+02
  -7.183  0.0000E+00  0.1200E+02
  -7.173  0.0000E+00  0.1200E+02
  -7.163  0.0000E+00  0.1200E+02
  -7.153  0.0000E+00  0.1200E+02
  -7.143  0.0000E+00  0.1200E+02
  -7.133  0.0000E+00  0.1200E+02
  -7.123  0.0000E+00  0.1200E+02
  -7.113  0.0000E+00  0.1200E+02
  -7.103  0.0000E+00  0.1200E+02
  -7.093  0.0000E+00  0.1200E+02
  -7.083  0.0000E+00  0.1200E+02
  -7.073  0.0000E+00  0.1200E+02
  -7.063  0.0000E+00  0.1200E+02
  -7.053  0.0000E+00  0.1200E+02
  -7.043  0.0000E+00  0.1200E+02
  -7.033  0.0000E+00  0.1200E+02
  -7.023  0.0000E+00  0.1200E+02
  -7.013  0.0000E+00  0.1200E+02
  -7.003  0.0000E+00  0.1200E+02
  -6.993  0.0000E+00  0.1200E+02
  -6.983  0.0000E+00  0.1200E+02
  -6.973  0.0000E+00  0.1200E+02
  -6.963  0.0000E+00  0.1200E+02
  -6.953  0.0000E+00  0.1200E+02
  -6.943  0.0000E+00  0.1200E+02
  -6.933  0.0000E+00  0.1200E+02
  -6.923  0.0000E+00  0.1200E+02
  -6.913  0.0000E+00  0.1200E+02
  -6.903  0.0000E+00  0.1200E+02
  -6.893  0.0000E+00  0.1200E+02
  -6.883  0.0000E+00  0.1200E+02
  -6.873  0.0000E+00  0.1200E+02
  -6.863  0.0000E+00  0.1200E+02
  -6.853  0.0000E+00  0.1200E+02
  -6.843  0.0000E+00  0.1200E+02
  -6.833  0.0000E+00  0.1200E+02
  -6.823  0.0000E+00  0.1200E+02
  -6.813  0.0000E+00  0.1200E+02
  -6.803  0.0000E+00  0.1200E+02
  -6.793  0.0000E+00  0.1200E+02
  -6.783  0.0000E+00  0.1200E+02
  -6.773  0.6323E-02  0.1200E+02
  -6.763  0.2697E-01  0.1200E+02
  -6.753  0.6196E-01  0.1200E+02
  -6.743  0.1103E+00  0.1200E+02
  -6.733  0.1658E+00  0.1200E+02
  -6.723  0.2012E+00  0.1200E+02
  -6.713  0.2132E+00  0.1201E+02
  -6.703  0.2165E+00  0.1201E+02
  -6.693  0.2190E+00  0.1201E+02
  -6.683  0.2386E+00  0.1201E+02
  -6.673  0.2588E+00  0.1202E+02
  -6.663  0.2794E+00  0.1202E+02
  -6.653  0.3006E+00  0.1202E+02
  -6.643  0.3222E+00  0.1202E+02
  -6.633  0.3425E+00  0.1203E+02
  -6.623  0.3609E+00  0.1203E+02
  -6.613  0.3754E+00  0.1204E+02
  -6.603  0.3854E+00  0.1204E+02
  -6.593  0.3963E+00  0.1204E+02
  -6.583  0.4073E+00  0.1205E+02
  -6.573  0.4176E+00  0.1205E+02
  -6.563  0.4287E+00  0.1206E+02
  -6.553  0.4412E+00  0.1206E+02
  -6.543  0.4550E+00  0.1206E+02
  -6.533  0.4691E+00  0.1207E+02
  -6.523  0.4831E+00  0.1207E+02
  -6.513  0.4971E+00  0.1208E+02
  -6.503  0.5112E+00  0.1208E+02
  -6.493  0.5259E+00  0.1209E+02
  -6.483  0.5418E+00  0.1209E+02
  -6.473  0.5582E+00  0.1210E+02
  -6.463  0.5745E+00  0.1211E+02
  -6.453  0.5903E+00  0.1211E+02
  -6.443  0.6050E+00  0.1212E+02
  -6.433  0.6203E+00  0.1212E+02
  -6.423  0.6325E+00  0.1213E+02
  -6.413  0.6441E+00  0.1214E+02
  -6.403  0.6562E+00  0.1214E+02
  -6.393  0.6693E+00  0.1215E+02
  -6.383  0.6823E+00  0.1216E+02
  -6.373  0.6952E+00  0.1216E+02
  -6.363  0.7079E+00  0.1217E+02
  -6.353  0.7209E+00  0.1218E+02
  -6.343  0.7360E+00  0.1218E+02
  -6.333  0.7536E+00  0.1219E+02
  -6.323  0.7711E+00  0.1220E+02
  -6.313  0.7883E+00  0.1221E+02
  -6.303  0.8059E+00  0.1221E+02
  -6.293  0.8237E+00  0.1222E+02
  -6.283  0.8418E+00  0.1223E+02
  -6.273  0.8602E+00  0.1224E+02
  -6.263  0.8789E+00  0.1225E+02
  -6.253  0.8974E+00  0.1226E+02
  -6.243  0.9153E+00  0.1227E+02
  -6.233  0.9324E+00  0.1228E+02
  -6.223  0.9494E+00  0.1228E+02
  -6.213  0.9672E+00  0.1229E+02
  -6.203  0.9879E+00  0.1230E+02
  -6.193  0.1009E+01  0.1231E+02
  -6.183  0.1030E+01  0.1232E+02
  -6.173  0.1052E+01  0.1233E+02
  -6.163  0.1075E+01  0.1235E+02
  -6.153  0.1100E+01  0.1236E+02
  -6.143  0.1125E+01  0.1237E+02
  -6.133  0.1150E+01  0.1238E+02
  -6.123  0.1176E+01  0.1239E+02
  -6.113  0.1202E+01  0.1240E+02
  -6.103  0.1229E+01  0.1241E+02
  -6.093  0.1256E+01  0.1243E+02
  -6.083  0.1283E+01  0.1244E+02
  -6.073  0.1312E+01  0.1245E+02
  -6.063  0.1341E+01  0.1247E+02
  -6.053  0.1382E+01  0.1248E+02
  -6.043  0.1427E+01  0.1249E+02
  -6.033  0.1472E+01  0.1251E+02
  -6.023  0.1518E+01  0.1252E+02
  -6.013  0.1566E+01  0.1254E+02
  -6.003  0.1616E+01  0.1255E+02
  -5.993  0.1668E+01  0.1257E+02
  -5.983  0.1721E+01  0.1259E+02
  -5.973  0.1776E+01  0.1261E+02
  -5.963  0.1834E+01  0.1262E+02
  -5.953  0.1895E+01  0.1264E+02
  -5.943  0.1968E+01  0.1266E+02
  -5.933  0.2065E+01  0.1268E+02
  -5.923  0.2183E+01  0.1270E+02
  -5.913  0.2322E+01  0.1273E+02
  -5.903  0.2483E+01  0.1275E+02
  -5.893  0.2667E+01  0.1277E+02
  -5.883  0.3368E+01  0.1280E+02
  -5.873  0.4539E+01  0.1284E+02
  -5.863  0.5902E+01  0.1290E+02
  -5.853  0.8064E+01  0.1296E+02
  -5.843  0.1064E+02  0.1306E+02
  -5.833  0.1344E+02  0.1318E+02
  -5.823  0.1028E+02  0.1332E+02
  -5.813  0.7532E+01  0.1340E+02
  -5.803  0.5816E+01  0.1347E+02
  -5.793  0.4608E+01  0.1352E+02
  -5.783  0.4055E+01  0.1356E+02
  -5.773  0.3559E+01  0.1360E+02
  -5.763  0.3184E+01  0.1364E+02
  -5.753  0.2960E+01  0.1367E+02
  -5.743  0.2758E+01  0.1370E+02
  -5.733  0.2557E+01  0.1372E+02
  -5.723  0.2330E+01  0.1375E+02
  -5.713  0.2129E+01  0.1377E+02
  -5.703  0.1957E+01  0.1379E+02
  -5.693  0.2180E+01  0.1381E+02
  -5.683  0.1727E+01  0.1383E+02
  -5.673  0.1332E+01  0.1384E+02
  -5.663  0.1228E+01  0.1386E+02
  -5.653  0.1135E+01  0.1387E+02
  -5.643  0.1054E+01  0.1388E+02
  -5.633  0.9807E+00  0.1389E+02
  -5.623  0.9136E+00  0.1390E+02
  -5.613  0.8517E+00  0.1391E+02
  -5.603  0.7952E+00  0.1392E+02
  -5.593  0.7439E+00  0.1392E+02
  -5.583  0.6972E+00  0.1393E+02
  -5.573  0.6504E+00  0.1394E+02
  -5.563  0.6153E+00  0.1394E+02
  -5.553  0.5875E+00  0.1395E+02
  -5.543  0.5650E+00  0.1396E+02
  -5.533  0.5476E+00  0.1396E+02
  -5.523  0.5321E+00  0.1397E+02
  -5.513  0.5165E+00  0.1397E+02
  -5.503  0.5010E+00  0.1398E+02
  -5.493  0.4856E+00  0.1398E+02
  -5.483  0.4703E+00  0.1399E+02
  -5.473  0.4550E+00  0.1399E+02
  -5.463  0.4453E+00  0.1400E+02
  -5.453  0.4369E+00  0.1400E+02
  -5.443  0.4270E+00  0.1400E+02
  -5.433  0.4155E+00  0.1401E+02
  -5.423  0.4026E+00  0.1401E+02
  -5.413  0.3887E+00  0.1402E+02
  -5.403  0.3776E+00  0.1402E+02
  -5.393  0.3698E+00  0.1402E+02
  -5.383  0.3652E+00  0.1403E+02
  -5.373  0.3665E+00  0.1403E+02
  -5.363  0.3718E+00  0.1404E+02
  -5.353  0.3794E+00  0.1404E+02
  -5.343  0.3886E+00  0.1404E+02
  -5.333  0.3989E+00  0.1405E+02
  -5.323  0.4094E+00  0.1405E+02
  -5.313  0.4194E+00  0.1405E+02
  -5.303  0.4281E+00  0.1406E+02
  -5.293  0.4361E+00  0.1406E+02
  -5.283  0.4439E+00  0.1407E+02
  -5.273  0.4512E+00  0.1407E+02
  -5.263  0.4582E+00  0.1408E+02
  -5.253  0.4649E+00  0.1408E+02
  -5.243  0.4712E+00  0.1409E+02
  -5.233  0.4828E+00  0.1409E+02
  -5.223  0.4971E+00  0.1410E+02
  -5.213  0.5137E+00  0.1410E+02
  -5.203  0.5327E+00  0.1411E+02
  -5.193  0.5535E+00  0.1411E+02
  -5.183  0.5750E+00  0.1412E+02
  -5.173  0.5946E+00  0.1412E+02
  -5.163  0.6117E+00  0.1413E+02
  -5.153  0.6281E+00  0.1414E+02
  -5.143  0.6447E+00  0.1414E+02
  -5.133  0.6613E+00  0.1415E+02
  -5.123  0.6781E+00  0.1415E+02
  -5.113  0.6951E+00  0.1416E+02
  -5.103  0.7137E+00  0.1417E+02
  -5.093  0.7374E+00  0.1418E+02
  -5.083  0.7627E+00  0.1418E+02
  -5.073  0.7902E+00  0.1419E+02
  -5.063  0.8200E+00  0.1420E+02
  -5.053  0.8521E+00  0.1421E+02
  -5.043  0.8865E+00  0.1422E+02
  -5.033  0.9229E+00  0.1423E+02
  -5.023  0.9610E+00  0.1423E+02
  -5.013  0.1000E+01  0.1424E+02
  -5.003  0.1039E+01  0.1425E+02
  -4.993  0.1078E+01  0.1427E+02
  -4.983  0.1117E+01  0.1428E+02
  -4.973  0.1155E+01  0.1429E+02
  -4.963  0.1193E+01  0.1430E+02
  -4.953  0.1231E+01  0.1431E+02
  -4.943  0.1265E+01  0.1432E+02
  -4.933  0.1311E+01  0.1434E+02
  -4.923  0.1421E+01  0.1435E+02
  -4.913  0.1531E+01  0.1437E+02
  -4.903  0.1631E+01  0.1438E+02
  -4.893  0.1741E+01  0.1440E+02
  -4.883  0.1857E+01  0.1442E+02
  -4.873  0.1977E+01  0.1444E+02
  -4.863  0.2099E+01  0.1446E+02
  -4.853  0.2224E+01  0.1448E+02
  -4.843  0.2360E+01  0.1450E+02
  -4.833  0.2557E+01  0.1452E+02
  -4.823  0.2812E+01  0.1455E+02
  -4.813  0.3097E+01  0.1458E+02
  -4.803  0.3377E+01  0.1461E+02
  -4.793  0.3339E+01  0.1465E+02
  -4.783  0.3420E+01  0.1468E+02
  -4.773  0.3631E+01  0.1472E+02
  -4.763  0.3985E+01  0.1475E+02
  -4.753  0.4259E+01  0.1480E+02
  -4.743  0.4755E+01  0.1484E+02
  -4.733  0.5449E+01  0.1489E+02
  -4.723  0.6065E+01  0.1495E+02
  -4.713  0.6666E+01  0.1501E+02
  -4.703  0.5714E+01  0.1508E+02
  -4.693  0.5290E+01  0.1513E+02
  -4.683  0.4764E+01  0.1518E+02
  -4.673  0.4280E+01  0.1523E+02
  -4.663  0.3872E+01  0.1527E+02
  -4.653  0.3530E+01  0.1530E+02
  -4.643  0.3228E+01  0.1534E+02
  -4.633  0.2966E+01  0.1537E+02
  -4.623  0.2745E+01  0.1540E+02
  -4.613  0.2560E+01  0.1542E+02
  -4.603  0.2432E+01  0.1545E+02
  -4.593  0.2324E+01  0.1547E+02
  -4.583  0.2227E+01  0.1550E+02
  -4.573  0.2131E+01  0.1552E+02
  -4.563  0.2035E+01  0.1554E+02
  -4.553  0.1939E+01  0.1556E+02
  -4.543  0.1842E+01  0.1558E+02
  -4.533  0.1747E+01  0.1560E+02
  -4.523  0.1669E+01  0.1561E+02
  -4.513  0.1598E+01  0.1563E+02
  -4.503  0.1527E+01  0.1564E+02
  -4.493  0.1461E+01  0.1566E+02
  -4.483  0.1407E+01  0.1567E+02
  -4.473  0.1336E+01  0.1569E+02
  -4.463  0.1262E+01  0.1570E+02
  -4.453  0.1211E+01  0.1571E+02
  -4.443  0.1161E+01  0.1572E+02
  -4.433  0.1113E+01  0.1574E+02
  -4.423  0.1068E+01  0.1575E+02
  -4.413  0.1025E+01  0.1576E+02
  -4.403  0.9857E+00  0.1577E+02
  -4.393  0.9488E+00  0.1578E+02
  -4.383  0.9137E+00  0.1579E+02
  -4.373  0.8798E+00  0.1580E+02
  -4.363  0.8470E+00  0.1580E+02
  -4.353  0.8153E+00  0.1581E+02
  -4.343  0.7861E+00  0.1582E+02
  -4.333  0.7586E+00  0.1583E+02
  -4.323  0.7330E+00  0.1584E+02
  -4.313  0.7088E+00  0.1584E+02
  -4.303  0.6853E+00  0.1585E+02
  -4.293  0.6625E+00  0.1586E+02
  -4.283  0.6406E+00  0.1586E+02
  -4.273  0.6193E+00  0.1587E+02
  -4.263  0.5978E+00  0.1587E+02
  -4.253  0.5758E+00  0.1588E+02
  -4.243  0.5542E+00  0.1589E+02
  -4.233  0.5331E+00  0.1589E+02
  -4.223  0.5127E+00  0.1590E+02
  -4.213  0.4932E+00  0.1590E+02
  -4.203  0.4748E+00  0.1591E+02
  -4.193  0.4608E+00  0.1591E+02
  -4.183  0.4481E+00  0.1592E+02
  -4.173  0.4356E+00  0.1592E+02
  -4.163  0.4233E+00  0.1592E+02
  -4.153  0.4113E+00  0.1593E+02
  -4.143  0.3996E+00  0.1593E+02
  -4.133  0.3885E+00  0.1594E+02
  -4.123  0.3780E+00  0.1594E+02
  -4.113  0.3678E+00  0.1594E+02
  -4.103  0.3574E+00  0.1595E+02
  -4.093  0.3471E+00  0.1595E+02
  -4.083  0.3386E+00  0.1596E+02
  -4.073  0.3321E+00  0.1596E+02
  -4.063  0.3278E+00  0.1596E+02
  -4.053  0.3283E+00  0.1597E+02
  -4.043  0.3375E+00  0.1597E+02
  -4.033  0.3546E+00  0.1597E+02
  -4.023  0.3947E+00  0.1598E+02
  -4.013  0.5036E+00  0.1598E+02
  -4.003  0.1089E+01  0.1599E+02
  -3.993  0.1882E+01  0.1600E+02
  -3.983  0.2059E+01  0.1602E+02
  -3.973  0.2095E+01  0.1604E+02
  -3.963  0.2143E+01  0.1607E+02
  -3.953  0.2223E+01  0.1609E+02
  -3.943  0.2317E+01  0.1611E+02
  -3.933  0.2418E+01  0.1613E+02
  -3.923  0.2504E+01  0.1616E+02
  -3.913  0.2587E+01  0.1618E+02
  -3.903  0.2700E+01  0.1621E+02
  -3.893  0.2826E+01  0.1624E+02
  -3.883  0.2947E+01  0.1627E+02
  -3.873  0.3285E+01  0.1630E+02
  -3.863  0.3744E+01  0.1633E+02
  -3.853  0.4090E+01  0.1637E+02
  -3.843  0.4046E+01  0.1641E+02
  -3.833  0.3792E+01  0.1645E+02
  -3.823  0.3616E+01  0.1649E+02
  -3.813  0.3538E+01  0.1652E+02
  -3.803  0.3416E+01  0.1656E+02
  -3.793  0.3297E+01  0.1659E+02
  -3.783  0.3190E+01  0.1663E+02
  -3.773  0.3100E+01  0.1666E+02
  -3.763  0.3017E+01  0.1669E+02
  -3.753  0.2941E+01  0.1672E+02
  -3.743  0.2878E+01  0.1675E+02
  -3.733  0.2830E+01  0.1678E+02
  -3.723  0.2768E+01  0.1680E+02
  -3.713  0.2709E+01  0.1683E+02
  -3.703  0.2657E+01  0.1686E+02
  -3.693  0.2611E+01  0.1688E+02
  -3.683  0.2567E+01  0.1691E+02
  -3.673  0.2525E+01  0.1694E+02
  -3.663  0.2485E+01  0.1696E+02
  -3.653  0.2437E+01  0.1698E+02
  -3.643  0.2402E+01  0.1701E+02
  -3.633  0.2372E+01  0.1703E+02
  -3.623  0.2346E+01  0.1706E+02
  -3.613  0.2322E+01  0.1708E+02
  -3.603  0.2298E+01  0.1710E+02
  -3.593  0.2274E+01  0.1713E+02
  -3.583  0.2249E+01  0.1715E+02
  -3.573  0.2226E+01  0.1717E+02
  -3.563  0.2202E+01  0.1719E+02
  -3.553  0.2178E+01  0.1721E+02
  -3.543  0.2155E+01  0.1724E+02
  -3.533  0.2131E+01  0.1726E+02
  -3.523  0.2105E+01  0.1728E+02
  -3.513  0.2074E+01  0.1730E+02
  -3.503  0.2049E+01  0.1732E+02
  -3.493  0.2023E+01  0.1734E+02
  -3.483  0.1992E+01  0.1736E+02
  -3.473  0.1986E+01  0.1738E+02
  -3.463  0.1982E+01  0.1740E+02
  -3.453  0.1980E+01  0.1742E+02
  -3.443  0.1979E+01  0.1744E+02
  -3.433  0.1964E+01  0.1746E+02
  -3.423  0.1934E+01  0.1748E+02
  -3.413  0.1904E+01  0.1750E+02
  -3.403  0.1870E+01  0.1752E+02
  -3.393  0.1829E+01  0.1754E+02
  -3.383  0.1780E+01  0.1755E+02
  -3.373  0.1716E+01  0.1757E+02
  -3.363  0.1656E+01  0.1759E+02
  -3.353  0.1598E+01  0.1760E+02
  -3.343  0.1543E+01  0.1762E+02
  -3.333  0.1491E+01  0.1764E+02
  -3.323  0.1442E+01  0.1765E+02
  -3.313  0.1397E+01  0.1766E+02
  -3.303  0.1357E+01  0.1768E+02
  -3.293  0.1320E+01  0.1769E+02
  -3.283  0.1283E+01  0.1770E+02
  -3.273  0.1248E+01  0.1772E+02
  -3.263  0.1214E+01  0.1773E+02
  -3.253  0.1180E+01  0.1774E+02
  -3.243  0.1144E+01  0.1775E+02
  -3.233  0.1115E+01  0.1776E+02
  -3.223  0.1091E+01  0.1778E+02
  -3.213  0.1069E+01  0.1779E+02
  -3.203  0.1046E+01  0.1780E+02
  -3.193  0.1025E+01  0.1781E+02
  -3.183  0.1005E+01  0.1782E+02
  -3.173  0.9841E+00  0.1783E+02
  -3.163  0.9578E+00  0.1784E+02
  -3.153  0.9230E+00  0.1785E+02
  -3.143  0.8890E+00  0.1786E+02
  -3.133  0.8564E+00  0.1786E+02
  -3.123  0.8258E+00  0.1787E+02
  -3.113  0.7985E+00  0.1788E+02
  -3.103  0.7749E+00  0.1789E+02
  -3.093  0.7554E+00  0.1790E+02
  -3.083  0.7368E+00  0.1790E+02
  -3.073  0.7785E+00  0.1791E+02
  -3.063  0.9616E+00  0.1792E+02
  -3.053  0.1228E+01  0.1793E+02
  -3.043  0.1428E+01  0.1794E+02
  -3.033  0.1604E+01  0.1796E+02
  -3.023  0.1782E+01  0.1798E+02
  -3.013  0.1968E+01  0.1800E+02
  -3.003  0.2214E+01  0.1802E+02
  -2.993  0.2464E+01  0.1804E+02
  -2.983  0.2683E+01  0.1807E+02
  -2.973  0.3020E+01  0.1809E+02
  -2.963  0.3426E+01  0.1813E+02
  -2.953  0.3862E+01  0.1816E+02
  -2.943  0.4716E+01  0.1820E+02
  -2.933  0.1014E+02  0.1827E+02
  -2.923  0.1771E+02  0.1841E+02
  -2.913  0.1983E+02  0.1860E+02
  -2.903  0.2214E+02  0.1882E+02
  -2.893  0.2357E+02  0.1905E+02
  -2.883  0.1615E+02  0.1925E+02
  -2.873  0.1389E+02  0.1940E+02
  -2.863  0.1331E+02  0.1954E+02
  -2.853  0.1065E+02  0.1965E+02
  -2.843  0.9056E+01  0.1975E+02
  -2.833  0.8805E+01  0.1984E+02
  -2.823  0.8733E+01  0.1993E+02
  -2.813  0.9026E+01  0.2002E+02
  -2.803  0.9012E+01  0.2011E+02
  -2.793  0.8979E+01  0.2020E+02
  -2.783  0.9475E+01  0.2029E+02
  -2.773  0.1002E+02  0.2039E+02
  -2.763  0.9968E+01  0.2049E+02
  -2.753  0.8292E+01  0.2058E+02
  -2.743  0.7166E+01  0.2066E+02
  -2.733  0.6275E+01  0.2072E+02
  -2.723  0.5962E+01  0.2078E+02
  -2.713  0.5766E+01  0.2084E+02
  -2.703  0.5609E+01  0.2090E+02
  -2.693  0.5599E+01  0.2095E+02
  -2.683  0.5711E+01  0.2101E+02
  -2.673  0.5392E+01  0.2107E+02
  -2.663  0.5192E+01  0.2112E+02
  -2.653  0.5105E+01  0.2117E+02
  -2.643  0.5077E+01  0.2122E+02
  -2.633  0.5105E+01  0.2127E+02
  -2.623  0.5202E+01  0.2133E+02
  -2.613  0.5400E+01  0.2138E+02
  -2.603  0.5645E+01  0.2143E+02
  -2.593  0.6150E+01  0.2149E+02
  -2.583  0.6584E+01  0.2156E+02
  -2.573  0.6812E+01  0.2162E+02
  -2.563  0.6656E+01  0.2169E+02
  -2.553  0.6785E+01  0.2176E+02
  -2.543  0.6784E+01  0.2183E+02
  -2.533  0.6750E+01  0.2189E+02
  -2.523  0.7473E+01  0.2196E+02
  -2.513  0.8265E+01  0.2205E+02
  -2.503  0.1330E+01  0.2209E+02
  -2.493  0.1343E+01  0.2210E+02
  -2.483  0.1525E+01  0.2212E+02
  -2.473  0.2173E+01  0.2213E+02
  -2.463  0.3640E+01  0.2216E+02
  -2.453  0.3994E+01  0.2220E+02
  -2.443  0.6115E+01  0.2225E+02
  -2.433  0.8660E+01  0.2232E+02
  -2.423  0.8386E+01  0.2241E+02
  -2.413  0.8655E+01  0.2250E+02
  -2.403  0.8645E+01  0.2258E+02
  -2.393  0.8697E+01  0.2267E+02
  -2.383  0.8644E+01  0.2276E+02
  -2.373  0.8005E+01  0.2284E+02
  -2.363  0.7590E+01  0.2292E+02
  -2.353  0.6930E+01  0.2299E+02
  -2.343  0.6337E+01  0.2306E+02
  -2.333  0.5874E+01  0.2312E+02
  -2.323  0.5517E+01  0.2317E+02
  -2.313  0.5216E+01  0.2323E+02
  -2.303  0.4981E+01  0.2328E+02
  -2.293  0.4776E+01  0.2333E+02
  -2.283  0.4597E+01  0.2337E+02
  -2.273  0.4431E+01  0.2342E+02
  -2.263  0.4283E+01  0.2346E+02
  -2.253  0.4149E+01  0.2351E+02
  -2.243  0.3982E+01  0.2355E+02
  -2.233  0.3825E+01  0.2359E+02
  -2.223  0.3682E+01  0.2362E+02
  -2.213  0.3558E+01  0.2366E+02
  -2.203  0.3467E+01  0.2369E+02
  -2.193  0.3334E+01  0.2373E+02
  -2.183  0.3183E+01  0.2376E+02
  -2.173  0.2897E+01  0.2379E+02
  -2.163  0.2566E+01  0.2382E+02
  -2.153  0.2440E+01  0.2384E+02
  -2.143  0.2433E+01  0.2387E+02
  -2.133  0.2508E+01  0.2389E+02
  -2.123  0.2341E+01  0.2392E+02
  -2.113  0.1647E+01  0.2394E+02
  -2.103  0.1328E+01  0.2395E+02
  -2.093  0.1091E+01  0.2396E+02
  -2.083  0.9404E+00  0.2397E+02
  -2.073  0.8718E+00  0.2398E+02
  -2.063  0.7163E+00  0.2399E+02
  -2.053  0.4291E+00  0.2400E+02
  -2.043  0.1517E+00  0.2400E+02
  -2.033  0.1537E-01  0.2400E+02
  -2.023  0.0000E+00  0.2400E+02
  -2.013  0.0000E+00  0.2400E+02
  -2.003  0.0000E+00  0.2400E+02
  -1.993  0.0000E+00  0.2400E+02
  -1.983  0.0000E+00  0.2400E+02
  -1.973  0.0000E+00  0.2400E+02
  -1.963  0.0000E+00  0.2400E+02
  -1.953  0.0000E+00  0.2400E+02
  -1.943  0.0000E+00  0.2400E+02
  -1.933  0.0000E+00  0.2400E+02
  -1.923  0.0000E+00  0.2400E+02
  -1.913  0.0000E+00  0.2400E+02
  -1.903  0.0000E+00  0.2400E+02
  -1.893  0.0000E+00  0.2400E+02
  -1.883  0.0000E+00  0.2400E+02
  -1.873  0.0000E+00  0.2400E+02
  -1.863  0.0000E+00  0.2400E+02
  -1.853  0.0000E+00  0.2400E+02
  -1.843  0.0000E+00  0.2400E+02
  -1.833  0.0000E+00  0.2400E+02
  -1.823  0.0000E+00  0.2400E+02
  -1.813  0.0000E+00  0.2400E+02
  -1.803  0.0000E+00  0.2400E+02
  -1.793  0.0000E+00  0.2400E+02
  -1.783  0.0000E+00  0.2400E+02
  -1.773  0.0000E+00  0.2400E+02
  -1.763  0.0000E+00  0.2400E+02
  -1.753  0.0000E+00  0.2400E+02
  -1.743  0.0000E+00  0.2400E+02
  -1.733  0.0000E+00  0.2400E+02
  -1.723  0.0000E+00  0.2400E+02
  -1.713  0.0000E+00  0.2400E+02
  -1.703  0.0000E+00  0.2400E+02
  -1.693  0.0000E+00  0.2400E+02
  -1.683  0.0000E+00  0.2400E+02
  -1.673  0.0000E+00  0.2400E+02
  -1.663  0.0000E+00  0.2400E+02
  -1.653  0.0000E+00  0.2400E+02
  -1.643  0.0000E+00  0.2400E+02
  -1.633  0.0000E+00  0.2400E+02
  -1.623  0.0000E+00  0.2400E+02
  -1.613  0.0000E+00  0.2400E+02
  -1.603  0.0000E+00  0.2400E+02
  -1.593  0.0000E+00  0.2400E+02
  -1.583  0.0000E+00  0.2400E+02
  -1.573  0.0000E+00  0.2400E+02
  -1.563  0.0000E+00  0.2400E+02
  -1.553  0.0000E+00  0.2400E+02
  -1.543  0.0000E+00  0.2400E+02
  -1.533  0.0000E+00  0.2400E+02
  -1.523  0.0000E+00  0.2400E+02
  -1.513  0.0000E+00  0.2400E+02
  -1.503  0.0000E+00  0.2400E+02
  -1.493  0.0000E+00  0.2400E+02
  -1.483  0.0000E+00  0.2400E+02
  -1.473  0.0000E+00  0.2400E+02
  -1.463  0.0000E+00  0.2400E+02
  -1.453  0.0000E+00  0.2400E+02
  -1.443  0.0000E+00  0.2400E+02
  -1.433  0.0000E+00  0.2400E+02
  -1.423  0.0000E+00  0.2400E+02
  -1.413  0.0000E+00  0.2400E+02
  -1.403  0.0000E+00  0.2400E+02
  -1.393  0.0000E+00  0.2400E+02
  -1.383  0.0000E+00  0.2400E+02
  -1.373  0.0000E+00  0.2400E+02
  -1.363  0.0000E+00  0.2400E+02
  -1.353  0.0000E+00  0.2400E+02
  -1.343  0.0000E+00  0.2400E+02
  -1.333  0.0000E+00  0.2400E+02
  -1.323  0.0000E+00  0.2400E+02
  -1.313  0.0000E+00  0.2400E+02
  -1.303  0.0000E+00  0.2400E+02
  -1.293  0.0000E+00  0.2400E+02
  -1.283  0.0000E+00  0.2400E+02
  -1.273  0.0000E+00  0.2400E+02
  -1.263  0.0000E+00  0.2400E+02
  -1.253  0.0000E+00  0.2400E+02
  -1.243  0.0000E+00  0.2400E+02
  -1.233  0.0000E+00  0.2400E+02
  -1.223  0.0000E+00  0.2400E+02
  -1.213  0.0000E+00  0.2400E+02
  -1.203  0.0000E+00  0.2400E+02
  -1.193  0.0000E+00  0.2400E+02
  -1.183  0.0000E+00  0.2400E+02
  -1.173  0.0000E+00  0.2400E+02
  -1.163  0.0000E+00  0.2400E+02
  -1.153  0.0000E+00  0.2400E+02
  -1.143  0.0000E+00  0.2400E+02
  -1.133  0.0000E+00  0.2400E+02
  -1.123  0.0000E+00  0.2400E+02
  -1.113  0.0000E+00  0.2400E+02
  -1.103  0.0000E+00  0.2400E+02
  -1.093  0.0000E+00  0.2400E+02
  -1.083  0.0000E+00  0.2400E+02
  -1.073  0.0000E+00  0.2400E+02
  -1.063  0.0000E+00  0.2400E+02
  -1.053  0.0000E+00  0.2400E+02
  -1.043  0.0000E+00  0.2400E+02
  -1.033  0.0000E+00  0.2400E+02
  -1.023  0.0000E+00  0.2400E+02
  -1.013  0.0000E+00  0.2400E+02
  -1.003  0.0000E+00  0.2400E+02
  -0.993  0.0000E+00  0.2400E+02
  -0.983  0.0000E+00  0.2400E+02
  -0.973  0.0000E+00  0.2400E+02
  -0.963  0.0000E+00  0.2400E+02
  -0.953  0.0000E+00  0.2400E+02
  -0.943  0.0000E+00  0.2400E+02
  -0.933  0.0000E+00  0.2400E+02
  -0.923  0.0000E+00  0.2400E+02
  -0.913  0.0000E+00  0.2400E+02
  -0.903  0.0000E+00  0.2400E+02
  -0.893  0.0000E+00  0.2400E+02
  -0.883  0.0000E+00  0.2400E+02
  -0.873  0.0000E+00  0.2400E+02
  -0.863  0.0000E+00  0.2400E+02
  -0.853  0.0000E+00  0.2400E+02
  -0.843  0.0000E+00  0.2400E+02
  -0.833  0.0000E+00  0.2400E+02
  -0.823  0.0000E+00  0.2400E+02
  -0.813  0.0000E+00  0.2400E+02
  -0.803  0.0000E+00  0.2400E+02
  -0.793  0.0000E+00  0.2400E+02
  -0.783  0.0000E+00  0.2400E+02
  -0.773  0.0000E+00  0.2400E+02
  -0.763  0.0000E+00  0.2400E+02
  -0.753  0.0000E+00  0.2400E+02
  -0.743  0.0000E+00  0.2400E+02
  -0.733  0.0000E+00  0.2400E+02
  -0.723  0.0000E+00  0.2400E+02
  -0.713  0.0000E+00  0.2400E+02
  -0.703  0.0000E+00  0.2400E+02
  -0.693  0.0000E+00  0.2400E+02
  -0.683  0.1267E+00  0.2400E+02
  -0.673  0.1618E+01  0.2401E+02
  -0.663  0.2019E+01  0.2403E+02
  -0.653  0.2734E+01  0.2405E+02
  -0.643  0.3712E+01  0.2408E+02
  -0.633  0.4379E+01  0.2412E+02
  -0.623  0.5471E+01  0.2417E+02
  -0.613  0.1157E+02  0.2426E+02
  -0.603  0.1130E+02  0.2437E+02
  -0.593  0.1116E+02  0.2449E+02
  -0.583  0.1115E+02  0.2460E+02
  -0.573  0.1137E+02  0.2471E+02
  -0.563  0.1109E+02  0.2482E+02
  -0.553  0.1128E+02  0.2494E+02
  -0.543  0.1179E+02  0.2505E+02
  -0.533  0.1290E+02  0.2517E+02
  -0.523  0.1302E+02  0.2531E+02
  -0.513  0.1104E+02  0.2543E+02
  -0.503  0.9605E+01  0.2553E+02
  -0.493  0.9075E+01  0.2563E+02
  -0.483  0.8627E+01  0.2571E+02
  -0.473  0.8223E+01  0.2580E+02
  -0.463  0.7229E+01  0.2587E+02
  -0.453  0.6855E+01  0.2594E+02
  -0.443  0.6915E+01  0.2601E+02
  -0.433  0.6718E+01  0.2608E+02
  -0.423  0.6377E+01  0.2615E+02
  -0.413  0.5888E+01  0.2621E+02
  -0.403  0.5396E+01  0.2626E+02
  -0.393  0.5129E+01  0.2632E+02
  -0.383  0.5035E+01  0.2637E+02
  -0.373  0.4982E+01  0.2642E+02
  -0.363  0.4972E+01  0.2647E+02
  -0.353  0.4852E+01  0.2652E+02
  -0.343  0.4801E+01  0.2657E+02
  -0.333  0.4922E+01  0.2661E+02
  -0.323  0.5256E+01  0.2666E+02
  -0.313  0.5751E+01  0.2672E+02
  -0.303  0.7055E+01  0.2678E+02
  -0.293  0.8602E+01  0.2686E+02
  -0.283  0.9539E+01  0.2695E+02
  -0.273  0.8600E+01  0.2704E+02
  -0.263  0.8404E+01  0.2713E+02
  -0.253  0.8292E+01  0.2721E+02
  -0.243  0.8070E+01  0.2729E+02
  -0.233  0.7529E+01  0.2737E+02
  -0.223  0.7474E+01  0.2745E+02
  -0.213  0.7334E+01  0.2752E+02
  -0.203  0.7057E+01  0.2759E+02
  -0.193  0.6809E+01  0.2766E+02
  -0.183  0.6348E+01  0.2773E+02
  -0.173  0.6104E+01  0.2779E+02
  -0.163  0.6243E+01  0.2785E+02
  -0.153  0.5777E+01  0.2791E+02
  -0.143  0.5669E+01  0.2797E+02
  -0.133  0.5252E+01  0.2802E+02
  -0.123  0.5291E+01  0.2807E+02
  -0.113  0.5796E+01  0.2813E+02
  -0.103  0.6086E+01  0.2819E+02
  -0.093  0.6214E+01  0.2825E+02
  -0.083  0.7427E+01  0.2832E+02
  -0.073  0.7624E+01  0.2839E+02
  -0.063  0.8007E+01  0.2847E+02
  -0.053  0.8249E+01  0.2855E+02
  -0.043  0.8370E+01  0.2864E+02
  -0.033  0.9343E+01  0.2873E+02
  -0.023  0.1083E+02  0.2883E+02
  -0.013  0.1267E+02  0.2895E+02
  -0.003  0.1519E+02  0.2908E+02
   0.007  0.1381E+02  0.2924E+02
   0.017  0.7676E+01  0.2934E+02
   0.027  0.5764E+01  0.2941E+02
   0.037  0.5084E+01  0.2946E+02
   0.047  0.4845E+01  0.2951E+02
   0.057  0.4634E+01  0.2956E+02
   0.067  0.4423E+01  0.2960E+02
   0.077  0.4247E+01  0.2965E+02
   0.087  0.4089E+01  0.2969E+02
   0.097  0.3958E+01  0.2973E+02
   0.107  0.3837E+01  0.2977E+02
   0.117  0.3876E+01  0.2981E+02
   0.127  0.4052E+01  0.2985E+02
   0.137  0.4030E+01  0.2989E+02
   0.147  0.3939E+01  0.2993E+02
   0.157  0.3545E+01  0.2996E+02
   0.167  0.2876E+01  0.3000E+02
   0.177  0.2099E+01  0.3002E+02
   0.187  0.1752E+01  0.3004E+02
   0.197  0.1929E+01  0.3006E+02
   0.207  0.2239E+01  0.3008E+02
   0.217  0.2583E+01  0.3010E+02
   0.227  0.2959E+01  0.3013E+02
   0.237  0.3520E+01  0.3016E+02
   0.247  0.4311E+01  0.3020E+02
   0.257  0.5827E+01  0.3025E+02
   0.267  0.7359E+01  0.3032E+02
   0.277  0.8600E+01  0.3040E+02
   0.287  0.1035E+02  0.3049E+02
   0.297  0.1474E+02  0.3062E+02
   0.307  0.1408E+02  0.3077E+02
   0.317  0.1266E+02  0.3090E+02
   0.327  0.1151E+02  0.3102E+02
   0.337  0.1064E+02  0.3113E+02
   0.347  0.9493E+01  0.3124E+02
   0.357  0.8184E+01  0.3132E+02
   0.367  0.7390E+01  0.3140E+02
   0.377  0.6706E+01  0.3147E+02
   0.387  0.5776E+01  0.3153E+02
   0.397  0.4979E+01  0.3159E+02
   0.407  0.4409E+01  0.3163E+02
   0.417  0.4206E+01  0.3168E+02
   0.427  0.4025E+01  0.3172E+02
   0.437  0.3788E+01  0.3176E+02
   0.447  0.3577E+01  0.3179E+02
   0.457  0.3458E+01  0.3183E+02
   0.467  0.3635E+01  0.3186E+02
   0.477  0.3753E+01  0.3190E+02
   0.487  0.3878E+01  0.3194E+02
   0.497  0.4154E+01  0.3198E+02
   0.507  0.6084E+01  0.3203E+02
   0.517  0.9732E+01  0.3211E+02
   0.527  0.1139E+02  0.3221E+02
   0.537  0.1195E+02  0.3233E+02
   0.547  0.1205E+02  0.3245E+02
   0.557  0.1277E+02  0.3258E+02
   0.567  0.1573E+02  0.3272E+02
   0.577  0.1563E+02  0.3288E+02
   0.587  0.1524E+02  0.3303E+02
   0.597  0.1516E+02  0.3318E+02
   0.607  0.1459E+02  0.3333E+02
   0.617  0.1280E+02  0.3347E+02
   0.627  0.1215E+02  0.3359E+02
   0.637  0.1106E+02  0.3372E+02
   0.647  0.5741E+01  0.3380E+02
   0.657  0.2368E+01  0.3384E+02
   0.667  0.1140E+01  0.3385E+02
   0.677  0.1234E+01  0.3387E+02
   0.687  0.1399E+01  0.3388E+02
   0.697  0.1604E+01  0.3389E+02
   0.707  0.1833E+01  0.3391E+02
   0.717  0.2081E+01  0.3393E+02
   0.727  0.2326E+01  0.3395E+02
   0.737  0.2651E+01  0.3398E+02
   0.747  0.2920E+01  0.3401E+02
   0.757  0.2989E+01  0.3404E+02
   0.767  0.3128E+01  0.3407E+02
   0.777  0.3274E+01  0.3410E+02
   0.787  0.3848E+01  0.3413E+02
   0.797  0.4992E+01  0.3418E+02
   0.807  0.5741E+01  0.3423E+02
   0.817  0.6151E+01  0.3429E+02
   0.827  0.6368E+01  0.3435E+02
   0.837  0.6437E+01  0.3442E+02
   0.847  0.6553E+01  0.3448E+02
   0.857  0.6429E+01  0.3455E+02
   0.867  0.6090E+01  0.3461E+02
   0.877  0.5962E+01  0.3467E+02
   0.887  0.5812E+01  0.3473E+02
   0.897  0.5836E+01  0.3479E+02
   0.907  0.6027E+01  0.3485E+02
   0.917  0.6469E+01  0.3491E+02
   0.927  0.7383E+01  0.3498E+02
   0.937  0.8105E+01  0.3506E+02
   0.947  0.8733E+01  0.3514E+02
   0.957  0.9513E+01  0.3523E+02
   0.967  0.1100E+02  0.3533E+02
   0.977  0.1130E+02  0.3544E+02
   0.987  0.1175E+02  0.3556E+02
   0.997  0.1152E+02  0.3568E+02
   1.007  0.1066E+02  0.3579E+02
   1.017  0.1037E+02  0.3589E+02
   1.027  0.1022E+02  0.3600E+02
   1.037  0.1011E+02  0.3610E+02
   1.047  0.1024E+02  0.3620E+02
   1.057  0.1073E+02  0.3630E+02
   1.067  0.1063E+02  0.3641E+02
   1.077  0.1057E+02  0.3652E+02
   1.087  0.9402E+01  0.3661E+02
   1.097  0.1144E+02  0.3672E+02
   1.107  0.1953E+02  0.3687E+02
   1.117  0.1300E+02  0.3702E+02
   1.127  0.1026E+02  0.3714E+02
   1.137  0.8811E+01  0.3723E+02
   1.147  0.7503E+01  0.3731E+02
   1.157  0.6298E+01  0.3738E+02
   1.167  0.5769E+01  0.3744E+02
   1.177  0.5345E+01  0.3750E+02
   1.187  0.5008E+01  0.3755E+02
   1.197  0.4831E+01  0.3760E+02
   1.207  0.4688E+01  0.3765E+02
   1.217  0.4582E+01  0.3769E+02
   1.227  0.4535E+01  0.3774E+02
   1.237  0.4633E+01  0.3778E+02
   1.247  0.4872E+01  0.3783E+02
   1.257  0.5184E+01  0.3788E+02
   1.267  0.5557E+01  0.3793E+02
   1.277  0.7533E+01  0.3800E+02
   1.287  0.8130E+01  0.3808E+02
   1.297  0.7633E+01  0.3816E+02
   1.307  0.7676E+01  0.3823E+02
   1.317  0.7689E+01  0.3831E+02
   1.327  0.7445E+01  0.3839E+02
   1.337  0.7280E+01  0.3846E+02
   1.347  0.7473E+01  0.3853E+02
   1.357  0.8134E+01  0.3861E+02
   1.367  0.9095E+01  0.3870E+02
   1.377  0.9848E+01  0.3879E+02
   1.387  0.1037E+02  0.3889E+02
   1.397  0.1118E+02  0.3900E+02
   1.407  0.1218E+02  0.3912E+02
   1.417  0.1433E+02  0.3925E+02
   1.427  0.1356E+02  0.3939E+02
   1.437  0.1170E+02  0.3952E+02
   1.447  0.1097E+02  0.3963E+02
   1.457  0.9771E+01  0.3974E+02
   1.467  0.8063E+01  0.3983E+02
   1.477  0.6708E+01  0.3990E+02
   1.487  0.5829E+01  0.3996E+02
   1.497  0.5524E+01  0.4002E+02
   1.507  0.5361E+01  0.4007E+02
   1.517  0.5291E+01  0.4013E+02
   1.527  0.5546E+01  0.4018E+02
   1.537  0.6196E+01  0.4024E+02
   1.547  0.8681E+01  0.4031E+02
   1.557  0.1006E+02  0.4042E+02
   1.567  0.9503E+01  0.4052E+02
   1.577  0.9168E+01  0.4061E+02
   1.587  0.9108E+01  0.4070E+02
   1.597  0.1000E+02  0.4080E+02
   1.607  0.1070E+02  0.4090E+02
   1.617  0.1131E+02  0.4101E+02
   1.627  0.1208E+02  0.4113E+02
   1.637  0.1373E+02  0.4125E+02
   1.647  0.1447E+02  0.4140E+02
   1.657  0.1445E+02  0.4154E+02
   1.667  0.1324E+02  0.4168E+02
   1.677  0.1131E+02  0.4180E+02
   1.687  0.8720E+01  0.4190E+02
   1.697  0.4034E+01  0.4197E+02
   1.707  0.1093E+01  0.4199E+02
   1.717  0.2493E+00  0.4200E+02
   1.727  0.1243E+00  0.4200E+02
   1.737  0.5072E+00  0.4200E+02
   1.747  0.2083E+01  0.4201E+02
   1.757  0.3917E+01  0.4205E+02
   1.767  0.4837E+01  0.4209E+02
   1.777  0.6581E+01  0.4215E+02
   1.787  0.8773E+01  0.4222E+02
   1.797  0.9324E+01  0.4232E+02
   1.807  0.9494E+01  0.4241E+02
   1.817  0.9848E+01  0.4251E+02
   1.827  0.1022E+02  0.4261E+02
   1.837  0.9935E+01  0.4271E+02
   1.847  0.9480E+01  0.4281E+02
   1.857  0.9053E+01  0.4290E+02
   1.867  0.8797E+01  0.4299E+02
   1.877  0.8613E+01  0.4308E+02
   1.887  0.8354E+01  0.4316E+02
   1.897  0.8063E+01  0.4324E+02
   1.907  0.7622E+01  0.4332E+02
   1.917  0.7153E+01  0.4339E+02
   1.927  0.6144E+01  0.4346E+02
   1.937  0.4961E+01  0.4352E+02
   1.947  0.4076E+01  0.4356E+02
   1.957  0.4041E+01  0.4360E+02
   1.967  0.5646E+01  0.4365E+02
   1.977  0.6541E+01  0.4371E+02
   1.987  0.6091E+01  0.4377E+02
   1.997  0.5441E+01  0.4383E+02
   2.007  0.5262E+01  0.4389E+02
   2.017  0.5148E+01  0.4394E+02
   2.027  0.4945E+01  0.4399E+02
   2.037  0.4594E+01  0.4404E+02
   2.047  0.4430E+01  0.4408E+02
   2.057  0.4346E+01  0.4412E+02
   2.067  0.4329E+01  0.4417E+02
   2.077  0.4405E+01  0.4421E+02
   2.087  0.4542E+01  0.4426E+02
   2.097  0.4435E+01  0.4430E+02
   2.107  0.4516E+01  0.4435E+02
   2.117  0.4599E+01  0.4439E+02
   2.127  0.4764E+01  0.4444E+02
   2.137  0.4918E+01  0.4449E+02
   2.147  0.5107E+01  0.4454E+02
   2.157  0.5439E+01  0.4459E+02
   2.167  0.5851E+01  0.4465E+02
   2.177  0.6129E+01  0.4470E+02
   2.187  0.6438E+01  0.4477E+02
   2.197  0.6816E+01  0.4483E+02
   2.207  0.7233E+01  0.4490E+02
   2.217  0.7678E+01  0.4498E+02
   2.227  0.8455E+01  0.4506E+02
   2.237  0.9134E+01  0.4515E+02
   2.247  0.1166E+02  0.4525E+02
   2.257  0.1130E+02  0.4537E+02
   2.267  0.1148E+02  0.4548E+02
   2.277  0.1098E+02  0.4560E+02
   2.287  0.1022E+02  0.4570E+02
   2.297  0.9748E+01  0.4580E+02
   2.307  0.9472E+01  0.4590E+02
   2.317  0.8474E+01  0.4599E+02
   2.327  0.7879E+01  0.4607E+02
   2.337  0.5567E+01  0.4614E+02
   2.347  0.4389E+01  0.4619E+02
   2.357  0.4911E+01  0.4623E+02
   2.367  0.6140E+01  0.4629E+02
   2.377  0.7417E+01  0.4636E+02
   2.387  0.7275E+01  0.4643E+02
   2.397  0.6780E+01  0.4650E+02
   2.407  0.6650E+01  0.4657E+02
   2.417  0.6666E+01  0.4663E+02
   2.427  0.6779E+01  0.4670E+02
   2.437  0.7060E+01  0.4677E+02
   2.447  0.7447E+01  0.4684E+02
   2.457  0.8081E+01  0.4692E+02
   2.467  0.9385E+01  0.4701E+02
   2.477  0.1145E+02  0.4711E+02
   2.487  0.1194E+02  0.4723E+02
   2.497  0.1248E+02  0.4735E+02
   2.507  0.1239E+02  0.4748E+02
   2.517  0.1167E+02  0.4760E+02
   2.527  0.1157E+02  0.4771E+02
   2.537  0.1312E+02  0.4783E+02
   2.547  0.6195E+01  0.4793E+02
   2.557  0.3088E+01  0.4797E+02
   2.567  0.1435E+01  0.4799E+02
   2.577  0.1525E+00  0.4800E+02
