#  E (eV)   dos(E)     Int dos(E) EFermi =    2.579 eV
 -16.773  0.0000E+00  0.0000E+00
 -16.763  0.1861E+00  0.6204E-03
 -16.753  0.4535E+00  0.4199E-02
 -16.743  0.5156E+00  0.8900E-02
 -16.733  0.6576E+00  0.1476E-01
 -16.723  0.7791E+00  0.2200E-01
 -16.713  0.8314E+00  0.3006E-01
 -16.703  0.8968E+00  0.3867E-01
 -16.693  0.9787E+00  0.4805E-01
 -16.683  0.1062E+01  0.5825E-01
 -16.673  0.1146E+01  0.6930E-01
 -16.663  0.1207E+01  0.8109E-01
 -16.653  0.1262E+01  0.9342E-01
 -16.643  0.1318E+01  0.1063E+00
 -16.633  0.1377E+01  0.1198E+00
 -16.623  0.1447E+01  0.1339E+00
 -16.613  0.1520E+01  0.1487E+00
 -16.603  0.1588E+01  0.1643E+00
 -16.593  0.1650E+01  0.1805E+00
 -16.583  0.1701E+01  0.1972E+00
 -16.573  0.1758E+01  0.2145E+00
 -16.563  0.1820E+01  0.2324E+00
 -16.553  0.1884E+01  0.2509E+00
 -16.543  0.1950E+01  0.2701E+00
 -16.533  0.2017E+01  0.2899E+00
 -16.523  0.2086E+01  0.3104E+00
 -16.513  0.2157E+01  0.3317E+00
 -16.503  0.2232E+01  0.3536E+00
 -16.493  0.2298E+01  0.3763E+00
 -16.483  0.2367E+01  0.3996E+00
 -16.473  0.2437E+01  0.4236E+00
 -16.463  0.2513E+01  0.4483E+00
 -16.453  0.2595E+01  0.4739E+00
 -16.443  0.2689E+01  0.5003E+00
 -16.433  0.2784E+01  0.5276E+00
 -16.423  0.2886E+01  0.5560E+00
 -16.413  0.2987E+01  0.5854E+00
 -16.403  0.3094E+01  0.6158E+00
 -16.393  0.3204E+01  0.6473E+00
 -16.383  0.3338E+01  0.6799E+00
 -16.373  0.3491E+01  0.7141E+00
 -16.363  0.3661E+01  0.7498E+00
 -16.353  0.3855E+01  0.7874E+00
 -16.343  0.4071E+01  0.8270E+00
 -16.333  0.4310E+01  0.8689E+00
 -16.323  0.4598E+01  0.9133E+00
 -16.313  0.4974E+01  0.9611E+00
 -16.303  0.5416E+01  0.1013E+01
 -16.293  0.5828E+01  0.1069E+01
 -16.283  0.7371E+01  0.1130E+01
 -16.273  0.7135E+01  0.1203E+01
 -16.263  0.7331E+01  0.1275E+01
 -16.253  0.7756E+01  0.1350E+01
 -16.243  0.8065E+01  0.1430E+01
 -16.233  0.8555E+01  0.1512E+01
 -16.223  0.9657E+01  0.1602E+01
 -16.213  0.1106E+02  0.1705E+01
 -16.203  0.8141E+01  0.1797E+01
 -16.193  0.6676E+01  0.1872E+01
 -16.183  0.5702E+01  0.1940E+01
 -16.173  0.2491E+01  0.1974E+01
 -16.163  0.1755E+01  0.1995E+01
 -16.153  0.1426E+01  0.2011E+01
 -16.143  0.1204E+01  0.2024E+01
 -16.133  0.1068E+01  0.2035E+01
 -16.123  0.9718E+00  0.2046E+01
 -16.113  0.9132E+00  0.2055E+01
 -16.103  0.9261E+00  0.2064E+01
 -16.093  0.7757E+00  0.2073E+01
 -16.083  0.8172E+00  0.2081E+01
 -16.073  0.8581E+00  0.2089E+01
 -16.063  0.8987E+00  0.2098E+01
 -16.053  0.9410E+00  0.2107E+01
 -16.043  0.9937E+00  0.2117E+01
 -16.033  0.1052E+01  0.2127E+01
 -16.023  0.1113E+01  0.2138E+01
 -16.013  0.1167E+01  0.2149E+01
 -16.003  0.1220E+01  0.2161E+01
 -15.993  0.1271E+01  0.2173E+01
 -15.983  0.1322E+01  0.2186E+01
 -15.973  0.1470E+01  0.2200E+01
 -15.963  0.1609E+01  0.2215E+01
 -15.953  0.1713E+01  0.2232E+01
 -15.943  0.1849E+01  0.2250E+01
 -15.933  0.1992E+01  0.2269E+01
 -15.923  0.2145E+01  0.2290E+01
 -15.913  0.2308E+01  0.2312E+01
 -15.903  0.2490E+01  0.2336E+01
 -15.893  0.2738E+01  0.2362E+01
 -15.883  0.2972E+01  0.2391E+01
 -15.873  0.3322E+01  0.2422E+01
 -15.863  0.3628E+01  0.2457E+01
 -15.853  0.3997E+01  0.2495E+01
 -15.843  0.4414E+01  0.2537E+01
 -15.833  0.4941E+01  0.2583E+01
 -15.823  0.5681E+01  0.2636E+01
 -15.813  0.6752E+01  0.2698E+01
 -15.803  0.8211E+01  0.2772E+01
 -15.793  0.1366E+02  0.2882E+01
 -15.783  0.1444E+02  0.3030E+01
 -15.773  0.1138E+02  0.3166E+01
 -15.763  0.7346E+01  0.3253E+01
 -15.753  0.6010E+01  0.3320E+01
 -15.743  0.5129E+01  0.3375E+01
 -15.733  0.4591E+01  0.3424E+01
 -15.723  0.4214E+01  0.3468E+01
 -15.713  0.3755E+01  0.3508E+01
 -15.703  0.3293E+01  0.3543E+01
 -15.693  0.3018E+01  0.3574E+01
 -15.683  0.2790E+01  0.3603E+01
 -15.673  0.2577E+01  0.3630E+01
 -15.663  0.2376E+01  0.3655E+01
 -15.653  0.2192E+01  0.3677E+01
 -15.643  0.2043E+01  0.3699E+01
 -15.633  0.1897E+01  0.3718E+01
 -15.623  0.1781E+01  0.3737E+01
 -15.613  0.1673E+01  0.3754E+01
 -15.603  0.1549E+01  0.3770E+01
 -15.593  0.1471E+01  0.3785E+01
 -15.583  0.1391E+01  0.3799E+01
 -15.573  0.1322E+01  0.3813E+01
 -15.563  0.1266E+01  0.3826E+01
 -15.553  0.1210E+01  0.3838E+01
 -15.543  0.1150E+01  0.3850E+01
 -15.533  0.1087E+01  0.3861E+01
 -15.523  0.1027E+01  0.3872E+01
 -15.513  0.9721E+00  0.3882E+01
 -15.503  0.9216E+00  0.3891E+01
 -15.493  0.8741E+00  0.3900E+01
 -15.483  0.8873E+00  0.3909E+01
 -15.473  0.8880E+00  0.3918E+01
 -15.463  0.8947E+00  0.3927E+01
 -15.453  0.9059E+00  0.3936E+01
 -15.443  0.8879E+00  0.3945E+01
 -15.433  0.8872E+00  0.3954E+01
 -15.423  0.9245E+00  0.3963E+01
 -15.413  0.9658E+00  0.3972E+01
 -15.403  0.1009E+01  0.3982E+01
 -15.393  0.1044E+01  0.3992E+01
 -15.383  0.1163E+01  0.4003E+01
 -15.373  0.1307E+01  0.4016E+01
 -15.363  0.1365E+01  0.4029E+01
 -15.353  0.1418E+01  0.4043E+01
 -15.343  0.1564E+01  0.4058E+01
 -15.333  0.1781E+01  0.4074E+01
 -15.323  0.2043E+01  0.4093E+01
 -15.313  0.2497E+01  0.4115E+01
 -15.303  0.3244E+01  0.4147E+01
 -15.293  0.3385E+01  0.4179E+01
 -15.283  0.3578E+01  0.4214E+01
 -15.273  0.3870E+01  0.4251E+01
 -15.263  0.4149E+01  0.4291E+01
 -15.253  0.4612E+01  0.4335E+01
 -15.243  0.5003E+01  0.4383E+01
 -15.233  0.5955E+01  0.4437E+01
 -15.223  0.7284E+01  0.4503E+01
 -15.213  0.1120E+02  0.4590E+01
 -15.203  0.1695E+02  0.4728E+01
 -15.193  0.1661E+02  0.4901E+01
 -15.183  0.1141E+02  0.5039E+01
 -15.173  0.5765E+01  0.5111E+01
 -15.163  0.4833E+01  0.5164E+01
 -15.153  0.4187E+01  0.5209E+01
 -15.143  0.3735E+01  0.5248E+01
 -15.133  0.3466E+01  0.5284E+01
 -15.123  0.3234E+01  0.5317E+01
 -15.113  0.3029E+01  0.5349E+01
 -15.103  0.2846E+01  0.5378E+01
 -15.093  0.2675E+01  0.5406E+01
 -15.083  0.2556E+01  0.5432E+01
 -15.073  0.2450E+01  0.5457E+01
 -15.063  0.2350E+01  0.5481E+01
 -15.053  0.2253E+01  0.5504E+01
 -15.043  0.2160E+01  0.5526E+01
 -15.033  0.2071E+01  0.5547E+01
 -15.023  0.1988E+01  0.5567E+01
 -15.013  0.1918E+01  0.5587E+01
 -15.003  0.1857E+01  0.5606E+01
 -14.993  0.1799E+01  0.5624E+01
 -14.983  0.1742E+01  0.5642E+01
 -14.973  0.1685E+01  0.5659E+01
 -14.963  0.1630E+01  0.5675E+01
 -14.953  0.1576E+01  0.5691E+01
 -14.943  0.1520E+01  0.5707E+01
 -14.933  0.1474E+01  0.5722E+01
 -14.923  0.1430E+01  0.5736E+01
 -14.913  0.1386E+01  0.5750E+01
 -14.903  0.1343E+01  0.5764E+01
 -14.893  0.1300E+01  0.5777E+01
 -14.883  0.1258E+01  0.5790E+01
 -14.873  0.1218E+01  0.5803E+01
 -14.863  0.1177E+01  0.5814E+01
 -14.853  0.1140E+01  0.5826E+01
 -14.843  0.1104E+01  0.5837E+01
 -14.833  0.1069E+01  0.5848E+01
 -14.823  0.1030E+01  0.5859E+01
 -14.813  0.9908E+00  0.5869E+01
 -14.803  0.9522E+00  0.5878E+01
 -14.793  0.9151E+00  0.5888E+01
 -14.783  0.8839E+00  0.5897E+01
 -14.773  0.8538E+00  0.5906E+01
 -14.763  0.8239E+00  0.5914E+01
 -14.753  0.7961E+00  0.5922E+01
 -14.743  0.7590E+00  0.5930E+01
 -14.733  0.7205E+00  0.5937E+01
 -14.723  0.6795E+00  0.5944E+01
 -14.713  0.6427E+00  0.5951E+01
 -14.703  0.6069E+00  0.5957E+01
 -14.693  0.5713E+00  0.5963E+01
 -14.683  0.5411E+00  0.5968E+01
 -14.673  0.7281E+01  0.5984E+01
 -14.663  0.1998E+02  0.6159E+01
 -14.653  0.2233E+02  0.6366E+01
 -14.643  0.1053E+03  0.6807E+01
 -14.633  0.3040E+02  0.7307E+01
 -14.623  0.3172E+02  0.7607E+01
 -14.613  0.5397E+02  0.8001E+01
 -14.603  0.6309E+02  0.8620E+01
 -14.593  0.5395E+02  0.9157E+01
 -14.583  0.4425E+02  0.9618E+01
 -14.573  0.9315E+02  0.1035E+02
 -14.563  0.5138E+02  0.1115E+02
 -14.553  0.2973E+02  0.1153E+02
 -14.543  0.1881E+02  0.1178E+02
 -14.533  0.1001E+02  0.1191E+02
 -14.523  0.4299E+01  0.1199E+02
 -14.513  0.0000E+00  0.1200E+02
 -14.503  0.0000E+00  0.1200E+02
 -14.493  0.0000E+00  0.1200E+02
 -14.483  0.0000E+00  0.1200E+02
 -14.473  0.0000E+00  0.1200E+02
 -14.463  0.0000E+00  0.1200E+02
 -14.453  0.0000E+00  0.1200E+02
 -14.443  0.0000E+00  0.1200E+02
 -14.433  0.0000E+00  0.1200E+02
 -14.423  0.0000E+00  0.1200E+02
 -14.413  0.0000E+00  0.1200E+02
 -14.403  0.0000E+00  0.1200E+02
 -14.393  0.0000E+00  0.1200E+02
 -14.383  0.0000E+00  0.1200E+02
 -14.373  0.0000E+00  0.1200E+02
 -14.363  0.0000E+00  0.1200E+02
 -14.353  0.0000E+00  0.1200E+02
 -14.343  0.0000E+00  0.1200E+02
 -14.333  0.0000E+00  0.1200E+02
 -14.323  0.0000E+00  0.1200E+02
 -14.313  0.0000E+00  0.1200E+02
 -14.303  0.0000E+00  0.1200E+02
 -14.293  0.0000E+00  0.1200E+02
 -14.283  0.0000E+00  0.1200E+02
 -14.273  0.0000E+00  0.1200E+02
 -14.263  0.0000E+00  0.1200E+02
 -14.253  0.0000E+00  0.1200E+02
 -14.243  0.0000E+00  0.1200E+02
 -14.233  0.0000E+00  0.1200E+02
 -14.223  0.0000E+00  0.1200E+02
 -14.213  0.0000E+00  0.1200E+02
 -14.203  0.0000E+00  0.1200E+02
 -14.193  0.0000E+00  0.1200E+02
 -14.183  0.0000E+00  0.1200E+02
 -14.173  0.0000E+00  0.1200E+02
 -14.163  0.0000E+00  0.1200E+02
 -14.153  0.0000E+00  0.1200E+02
 -14.143  0.0000E+00  0.1200E+02
 -14.133  0.0000E+00  0.1200E+02
 -14.123  0.0000E+00  0.1200E+02
 -14.113  0.0000E+00  0.1200E+02
 -14.103  0.0000E+00  0.1200E+02
 -14.093  0.0000E+00  0.1200E+02
 -14.083  0.0000E+00  0.1200E+02
 -14.073  0.0000E+00  0.1200E+02
 -14.063  0.0000E+00  0.1200E+02
 -14.053  0.0000E+00  0.1200E+02
 -14.043  0.0000E+00  0.1200E+02
 -14.033  0.0000E+00  0.1200E+02
 -14.023  0.0000E+00  0.1200E+02
 -14.013  0.0000E+00  0.1200E+02
 -14.003  0.0000E+00  0.1200E+02
 -13.993  0.0000E+00  0.1200E+02
 -13.983  0.0000E+00  0.1200E+02
 -13.973  0.0000E+00  0.1200E+02
 -13.963  0.0000E+00  0.1200E+02
 -13.953  0.0000E+00  0.1200E+02
 -13.943  0.0000E+00  0.1200E+02
 -13.933  0.0000E+00  0.1200E+02
 -13.923  0.0000E+00  0.1200E+02
 -13.913  0.0000E+00  0.1200E+02
 -13.903  0.0000E+00  0.1200E+02
 -13.893  0.0000E+00  0.1200E+02
 -13.883  0.0000E+00  0.1200E+02
 -13.873  0.0000E+00  0.1200E+02
 -13.863  0.0000E+00  0.1200E+02
 -13.853  0.0000E+00  0.1200E+02
 -13.843  0.0000E+00  0.1200E+02
 -13.833  0.0000E+00  0.1200E+02
 -13.823  0.0000E+00  0.1200E+02
 -13.813  0.0000E+00  0.1200E+02
 -13.803  0.0000E+00  0.1200E+02
 -13.793  0.0000E+00  0.1200E+02
 -13.783  0.0000E+00  0.1200E+02
 -13.773  0.0000E+00  0.1200E+02
 -13.763  0.0000E+00  0.1200E+02
 -13.753  0.0000E+00  0.1200E+02
 -13.743  0.0000E+00  0.1200E+02
 -13.733  0.0000E+00  0.1200E+02
 -13.723  0.0000E+00  0.1200E+02
 -13.713  0.0000E+00  0.1200E+02
 -13.703  0.0000E+00  0.1200E+02
 -13.693  0.0000E+00  0.1200E+02
 -13.683  0.0000E+00  0.1200E+02
 -13.673  0.0000E+00  0.1200E+02
 -13.663  0.0000E+00  0.1200E+02
 -13.653  0.0000E+00  0.1200E+02
 -13.643  0.0000E+00  0.1200E+02
 -13.633  0.0000E+00  0.1200E+02
 -13.623  0.0000E+00  0.1200E+02
 -13.613  0.0000E+00  0.1200E+02
 -13.603  0.0000E+00  0.1200E+02
 -13.593  0.0000E+00  0.1200E+02
 -13.583  0.0000E+00  0.1200E+02
 -13.573  0.0000E+00  0.1200E+02
 -13.563  0.0000E+00  0.1200E+02
 -13.553  0.0000E+00  0.1200E+02
 -13.543  0.0000E+00  0.1200E+02
 -13.533  0.0000E+00  0.1200E+02
 -13.523  0.0000E+00  0.1200E+02
 -13.513  0.0000E+00  0.1200E+02
 -13.503  0.0000E+00  0.1200E+02
 -13.493  0.0000E+00  0.1200E+02
 -13.483  0.0000E+00  0.1200E+02
 -13.473  0.0000E+00  0.1200E+02
 -13.463  0.0000E+00  0.1200E+02
 -13.453  0.0000E+00  0.1200E+02
 -13.443  0.0000E+00  0.1200E+02
 -13.433  0.0000E+00  0.1200E+02
 -13.423  0.0000E+00  0.1200E+02
 -13.413  0.0000E+00  0.1200E+02
 -13.403  0.0000E+00  0.1200E+02
 -13.393  0.0000E+00  0.1200E+02
 -13.383  0.0000E+00  0.1200E+02
 -13.373  0.0000E+00  0.1200E+02
 -13.363  0.0000E+00  0.1200E+02
 -13.353  0.0000E+00  0.1200E+02
 -13.343  0.0000E+00  0.1200E+02
 -13.333  0.0000E+00  0.1200E+02
 -13.323  0.0000E+00  0.1200E+02
 -13.313  0.0000E+00  0.1200E+02
 -13.303  0.0000E+00  0.1200E+02
 -13.293  0.0000E+00  0.1200E+02
 -13.283  0.0000E+00  0.1200E+02
 -13.273  0.0000E+00  0.1200E+02
 -13.263  0.0000E+00  0.1200E+02
 -13.253  0.0000E+00  0.1200E+02
 -13.243  0.0000E+00  0.1200E+02
 -13.233  0.0000E+00  0.1200E+02
 -13.223  0.0000E+00  0.1200E+02
 -13.213  0.0000E+00  0.1200E+02
 -13.203  0.0000E+00  0.1200E+02
 -13.193  0.0000E+00  0.1200E+02
 -13.183  0.0000E+00  0.1200E+02
 -13.173  0.0000E+00  0.1200E+02
 -13.163  0.0000E+00  0.1200E+02
 -13.153  0.0000E+00  0.1200E+02
 -13.143  0.0000E+00  0.1200E+02
 -13.133  0.0000E+00  0.1200E+02
 -13.123  0.0000E+00  0.1200E+02
 -13.113  0.0000E+00  0.1200E+02
 -13.103  0.0000E+00  0.1200E+02
 -13.093  0.0000E+00  0.1200E+02
 -13.083  0.0000E+00  0.1200E+02
 -13.073  0.0000E+00  0.1200E+02
 -13.063  0.0000E+00  0.1200E+02
 -13.053  0.0000E+00  0.1200E+02
 -13.043  0.0000E+00  0.1200E+02
 -13.033  0.0000E+00  0.1200E+02
 -13.023  0.0000E+00  0.1200E+02
 -13.013  0.0000E+00  0.1200E+02
 -13.003  0.0000E+00  0.1200E+02
 -12.993  0.0000E+00  0.1200E+02
 -12.983  0.0000E+00  0.1200E+02
 -12.973  0.0000E+00  0.1200E+02
 -12.963  0.0000E+00  0.1200E+02
 -12.953  0.0000E+00  0.1200E+02
 -12.943  0.0000E+00  0.1200E+02
 -12.933  0.0000E+00  0.1200E+02
 -12.923  0.0000E+00  0.1200E+02
 -12.913  0.0000E+00  0.1200E+02
 -12.903  0.0000E+00  0.1200E+02
 -12.893  0.0000E+00  0.1200E+02
 -12.883  0.0000E+00  0.1200E+02
 -12.873  0.0000E+00  0.1200E+02
 -12.863  0.0000E+00  0.1200E+02
 -12.853  0.0000E+00  0.1200E+02
 -12.843  0.0000E+00  0.1200E+02
 -12.833  0.0000E+00  0.1200E+02
 -12.823  0.0000E+00  0.1200E+02
 -12.813  0.0000E+00  0.1200E+02
 -12.803  0.0000E+00  0.1200E+02
 -12.793  0.0000E+00  0.1200E+02
 -12.783  0.0000E+00  0.1200E+02
 -12.773  0.0000E+00  0.1200E+02
 -12.763  0.0000E+00  0.1200E+02
 -12.753  0.0000E+00  0.1200E+02
 -12.743  0.0000E+00  0.1200E+02
 -12.733  0.0000E+00  0.1200E+02
 -12.723  0.0000E+00  0.1200E+02
 -12.713  0.0000E+00  0.1200E+02
 -12.703  0.0000E+00  0.1200E+02
 -12.693  0.0000E+00  0.1200E+02
 -12.683  0.0000E+00  0.1200E+02
 -12.673  0.0000E+00  0.1200E+02
 -12.663  0.0000E+00  0.1200E+02
 -12.653  0.0000E+00  0.1200E+02
 -12.643  0.0000E+00  0.1200E+02
 -12.633  0.0000E+00  0.1200E+02
 -12.623  0.0000E+00  0.1200E+02
 -12.613  0.0000E+00  0.1200E+02
 -12.603  0.0000E+00  0.1200E+02
 -12.593  0.0000E+00  0.1200E+02
 -12.583  0.0000E+00  0.1200E+02
 -12.573  0.0000E+00  0.1200E+02
 -12.563  0.0000E+00  0.1200E+02
 -12.553  0.0000E+00  0.1200E+02
 -12.543  0.0000E+00  0.1200E+02
 -12.533  0.0000E+00  0.1200E+02
 -12.523  0.0000E+00  0.1200E+02
 -12.513  0.0000E+00  0.1200E+02
 -12.503  0.0000E+00  0.1200E+02
 -12.493  0.0000E+00  0.1200E+02
 -12.483  0.0000E+00  0.1200E+02
 -12.473  0.0000E+00  0.1200E+02
 -12.463  0.0000E+00  0.1200E+02
 -12.453  0.0000E+00  0.1200E+02
 -12.443  0.0000E+00  0.1200E+02
 -12.433  0.0000E+00  0.1200E+02
 -12.423  0.0000E+00  0.1200E+02
 -12.413  0.0000E+00  0.1200E+02
 -12.403  0.0000E+00  0.1200E+02
 -12.393  0.0000E+00  0.1200E+02
 -12.383  0.0000E+00  0.1200E+02
 -12.373  0.0000E+00  0.1200E+02
 -12.363  0.0000E+00  0.1200E+02
 -12.353  0.0000E+00  0.1200E+02
 -12.343  0.0000E+00  0.1200E+02
 -12.333  0.0000E+00  0.1200E+02
 -12.323  0.0000E+00  0.1200E+02
 -12.313  0.0000E+00  0.1200E+02
 -12.303  0.0000E+00  0.1200E+02
 -12.293  0.0000E+00  0.1200E+02
 -12.283  0.0000E+00  0.1200E+02
 -12.273  0.0000E+00  0.1200E+02
 -12.263  0.0000E+00  0.1200E+02
 -12.253  0.0000E+00  0.1200E+02
 -12.243  0.0000E+00  0.1200E+02
 -12.233  0.0000E+00  0.1200E+02
 -12.223  0.0000E+00  0.1200E+02
 -12.213  0.0000E+00  0.1200E+02
 -12.203  0.0000E+00  0.1200E+02
 -12.193  0.0000E+00  0.1200E+02
 -12.183  0.0000E+00  0.1200E+02
 -12.173  0.0000E+00  0.1200E+02
 -12.163  0.0000E+00  0.1200E+02
 -12.153  0.0000E+00  0.1200E+02
 -12.143  0.0000E+00  0.1200E+02
 -12.133  0.0000E+00  0.1200E+02
 -12.123  0.0000E+00  0.1200E+02
 -12.113  0.0000E+00  0.1200E+02
 -12.103  0.0000E+00  0.1200E+02
 -12.093  0.0000E+00  0.1200E+02
 -12.083  0.0000E+00  0.1200E+02
 -12.073  0.0000E+00  0.1200E+02
 -12.063  0.0000E+00  0.1200E+02
 -12.053  0.0000E+00  0.1200E+02
 -12.043  0.0000E+00  0.1200E+02
 -12.033  0.0000E+00  0.1200E+02
 -12.023  0.0000E+00  0.1200E+02
 -12.013  0.0000E+00  0.1200E+02
 -12.003  0.0000E+00  0.1200E+02
 -11.993  0.0000E+00  0.1200E+02
 -11.983  0.0000E+00  0.1200E+02
 -11.973  0.0000E+00  0.1200E+02
 -11.963  0.0000E+00  0.1200E+02
 -11.953  0.0000E+00  0.1200E+02
 -11.943  0.0000E+00  0.1200E+02
 -11.933  0.0000E+00  0.1200E+02
 -11.923  0.0000E+00  0.1200E+02
 -11.913  0.0000E+00  0.1200E+02
 -11.903  0.0000E+00  0.1200E+02
 -11.893  0.0000E+00  0.1200E+02
 -11.883  0.0000E+00  0.1200E+02
 -11.873  0.0000E+00  0.1200E+02
 -11.863  0.0000E+00  0.1200E+02
 -11.853  0.0000E+00  0.1200E+02
 -11.843  0.0000E+00  0.1200E+02
 -11.833  0.0000E+00  0.1200E+02
 -11.823  0.0000E+00  0.1200E+02
 -11.813  0.0000E+00  0.1200E+02
 -11.803  0.0000E+00  0.1200E+02
 -11.793  0.0000E+00  0.1200E+02
 -11.783  0.0000E+00  0.1200E+02
 -11.773  0.0000E+00  0.1200E+02
 -11.763  0.0000E+00  0.1200E+02
 -11.753  0.0000E+00  0.1200E+02
 -11.743  0.0000E+00  0.1200E+02
 -11.733  0.0000E+00  0.1200E+02
 -11.723  0.0000E+00  0.1200E+02
 -11.713  0.0000E+00  0.1200E+02
 -11.703  0.0000E+00  0.1200E+02
 -11.693  0.0000E+00  0.1200E+02
 -11.683  0.0000E+00  0.1200E+02
 -11.673  0.0000E+00  0.1200E+02
 -11.663  0.0000E+00  0.1200E+02
 -11.653  0.0000E+00  0.1200E+02
 -11.643  0.0000E+00  0.1200E+02
 -11.633  0.0000E+00  0.1200E+02
 -11.623  0.0000E+00  0.1200E+02
 -11.613  0.0000E+00  0.1200E+02
 -11.603  0.0000E+00  0.1200E+02
 -11.593  0.0000E+00  0.1200E+02
 -11.583  0.0000E+00  0.1200E+02
 -11.573  0.0000E+00  0.1200E+02
 -11.563  0.0000E+00  0.1200E+02
 -11.553  0.0000E+00  0.1200E+02
 -11.543  0.0000E+00  0.1200E+02
 -11.533  0.0000E+00  0.1200E+02
 -11.523  0.0000E+00  0.1200E+02
 -11.513  0.0000E+00  0.1200E+02
 -11.503  0.0000E+00  0.1200E+02
 -11.493  0.0000E+00  0.1200E+02
 -11.483  0.0000E+00  0.1200E+02
 -11.473  0.0000E+00  0.1200E+02
 -11.463  0.0000E+00  0.1200E+02
 -11.453  0.0000E+00  0.1200E+02
 -11.443  0.0000E+00  0.1200E+02
 -11.433  0.0000E+00  0.1200E+02
 -11.423  0.0000E+00  0.1200E+02
 -11.413  0.0000E+00  0.1200E+02
 -11.403  0.0000E+00  0.1200E+02
 -11.393  0.0000E+00  0.1200E+02
 -11.383  0.0000E+00  0.1200E+02
 -11.373  0.0000E+00  0.1200E+02
 -11.363  0.0000E+00  0.1200E+02
 -11.353  0.0000E+00  0.1200E+02
 -11.343  0.0000E+00  0.1200E+02
 -11.333  0.0000E+00  0.1200E+02
 -11.323  0.0000E+00  0.1200E+02
 -11.313  0.0000E+00  0.1200E+02
 -11.303  0.0000E+00  0.1200E+02
 -11.293  0.0000E+00  0.1200E+02
 -11.283  0.0000E+00  0.1200E+02
 -11.273  0.0000E+00  0.1200E+02
 -11.263  0.0000E+00  0.1200E+02
 -11.253  0.0000E+00  0.1200E+02
 -11.243  0.0000E+00  0.1200E+02
 -11.233  0.0000E+00  0.1200E+02
 -11.223  0.0000E+00  0.1200E+02
 -11.213  0.0000E+00  0.1200E+02
 -11.203  0.0000E+00  0.1200E+02
 -11.193  0.0000E+00  0.1200E+02
 -11.183  0.0000E+00  0.1200E+02
 -11.173  0.0000E+00  0.1200E+02
 -11.163  0.0000E+00  0.1200E+02
 -11.153  0.0000E+00  0.1200E+02
 -11.143  0.0000E+00  0.1200E+02
 -11.133  0.0000E+00  0.1200E+02
 -11.123  0.0000E+00  0.1200E+02
 -11.113  0.0000E+00  0.1200E+02
 -11.103  0.0000E+00  0.1200E+02
 -11.093  0.0000E+00  0.1200E+02
 -11.083  0.0000E+00  0.1200E+02
 -11.073  0.0000E+00  0.1200E+02
 -11.063  0.0000E+00  0.1200E+02
 -11.053  0.0000E+00  0.1200E+02
 -11.043  0.0000E+00  0.1200E+02
 -11.033  0.0000E+00  0.1200E+02
 -11.023  0.0000E+00  0.1200E+02
 -11.013  0.0000E+00  0.1200E+02
 -11.003  0.0000E+00  0.1200E+02
 -10.993  0.0000E+00  0.1200E+02
 -10.983  0.0000E+00  0.1200E+02
 -10.973  0.0000E+00  0.1200E+02
 -10.963  0.0000E+00  0.1200E+02
 -10.953  0.0000E+00  0.1200E+02
 -10.943  0.0000E+00  0.1200E+02
 -10.933  0.0000E+00  0.1200E+02
 -10.923  0.0000E+00  0.1200E+02
 -10.913  0.0000E+00  0.1200E+02
 -10.903  0.0000E+00  0.1200E+02
 -10.893  0.0000E+00  0.1200E+02
 -10.883  0.0000E+00  0.1200E+02
 -10.873  0.0000E+00  0.1200E+02
 -10.863  0.0000E+00  0.1200E+02
 -10.853  0.0000E+00  0.1200E+02
 -10.843  0.0000E+00  0.1200E+02
 -10.833  0.0000E+00  0.1200E+02
 -10.823  0.0000E+00  0.1200E+02
 -10.813  0.0000E+00  0.1200E+02
 -10.803  0.0000E+00  0.1200E+02
 -10.793  0.0000E+00  0.1200E+02
 -10.783  0.0000E+00  0.1200E+02
 -10.773  0.0000E+00  0.1200E+02
 -10.763  0.0000E+00  0.1200E+02
 -10.753  0.0000E+00  0.1200E+02
 -10.743  0.0000E+00  0.1200E+02
 -10.733  0.0000E+00  0.1200E+02
 -10.723  0.0000E+00  0.1200E+02
 -10.713  0.0000E+00  0.1200E+02
 -10.703  0.0000E+00  0.1200E+02
 -10.693  0.0000E+00  0.1200E+02
 -10.683  0.0000E+00  0.1200E+02
 -10.673  0.0000E+00  0.1200E+02
 -10.663  0.0000E+00  0.1200E+02
 -10.653  0.0000E+00  0.1200E+02
 -10.643  0.0000E+00  0.1200E+02
 -10.633  0.0000E+00  0.1200E+02
 -10.623  0.0000E+00  0.1200E+02
 -10.613  0.0000E+00  0.1200E+02
 -10.603  0.0000E+00  0.1200E+02
 -10.593  0.0000E+00  0.1200E+02
 -10.583  0.0000E+00  0.1200E+02
 -10.573  0.0000E+00  0.1200E+02
 -10.563  0.0000E+00  0.1200E+02
 -10.553  0.0000E+00  0.1200E+02
 -10.543  0.0000E+00  0.1200E+02
 -10.533  0.0000E+00  0.1200E+02
 -10.523  0.0000E+00  0.1200E+02
 -10.513  0.0000E+00  0.1200E+02
 -10.503  0.0000E+00  0.1200E+02
 -10.493  0.0000E+00  0.1200E+02
 -10.483  0.0000E+00  0.1200E+02
 -10.473  0.0000E+00  0.1200E+02
 -10.463  0.0000E+00  0.1200E+02
 -10.453  0.0000E+00  0.1200E+02
 -10.443  0.0000E+00  0.1200E+02
 -10.433  0.0000E+00  0.1200E+02
 -10.423  0.0000E+00  0.1200E+02
 -10.413  0.0000E+00  0.1200E+02
 -10.403  0.0000E+00  0.1200E+02
 -10.393  0.0000E+00  0.1200E+02
 -10.383  0.0000E+00  0.1200E+02
 -10.373  0.0000E+00  0.1200E+02
 -10.363  0.0000E+00  0.1200E+02
 -10.353  0.0000E+00  0.1200E+02
 -10.343  0.0000E+00  0.1200E+02
 -10.333  0.0000E+00  0.1200E+02
 -10.323  0.0000E+00  0.1200E+02
 -10.313  0.0000E+00  0.1200E+02
 -10.303  0.0000E+00  0.1200E+02
 -10.293  0.0000E+00  0.1200E+02
 -10.283  0.0000E+00  0.1200E+02
 -10.273  0.0000E+00  0.1200E+02
 -10.263  0.0000E+00  0.1200E+02
 -10.253  0.0000E+00  0.1200E+02
 -10.243  0.0000E+00  0.1200E+02
 -10.233  0.0000E+00  0.1200E+02
 -10.223  0.0000E+00  0.1200E+02
 -10.213  0.0000E+00  0.1200E+02
 -10.203  0.0000E+00  0.1200E+02
 -10.193  0.0000E+00  0.1200E+02
 -10.183  0.0000E+00  0.1200E+02
 -10.173  0.0000E+00  0.1200E+02
 -10.163  0.0000E+00  0.1200E+02
 -10.153  0.0000E+00  0.1200E+02
 -10.143  0.0000E+00  0.1200E+02
 -10.133  0.0000E+00  0.1200E+02
 -10.123  0.0000E+00  0.1200E+02
 -10.113  0.0000E+00  0.1200E+02
 -10.103  0.0000E+00  0.1200E+02
 -10.093  0.0000E+00  0.1200E+02
 -10.083  0.0000E+00  0.1200E+02
 -10.073  0.0000E+00  0.1200E+02
 -10.063  0.0000E+00  0.1200E+02
 -10.053  0.0000E+00  0.1200E+02
 -10.043  0.0000E+00  0.1200E+02
 -10.033  0.0000E+00  0.1200E+02
 -10.023  0.0000E+00  0.1200E+02
 -10.013  0.0000E+00  0.1200E+02
 -10.003  0.0000E+00  0.1200E+02
  -9.993  0.0000E+00  0.1200E+02
  -9.983  0.0000E+00  0.1200E+02
  -9.973  0.0000E+00  0.1200E+02
  -9.963  0.0000E+00  0.1200E+02
  -9.953  0.0000E+00  0.1200E+02
  -9.943  0.0000E+00  0.1200E+02
  -9.933  0.0000E+00  0.1200E+02
  -9.923  0.0000E+00  0.1200E+02
  -9.913  0.0000E+00  0.1200E+02
  -9.903  0.0000E+00  0.1200E+02
  -9.893  0.0000E+00  0.1200E+02
  -9.883  0.0000E+00  0.1200E+02
  -9.873  0.0000E+00  0.1200E+02
  -9.863  0.0000E+00  0.1200E+02
  -9.853  0.0000E+00  0.1200E+02
  -9.843  0.0000E+00  0.1200E+02
  -9.833  0.0000E+00  0.1200E+02
  -9.823  0.0000E+00  0.1200E+02
  -9.813  0.0000E+00  0.1200E+02
  -9.803  0.0000E+00  0.1200E+02
  -9.793  0.0000E+00  0.1200E+02
  -9.783  0.0000E+00  0.1200E+02
  -9.773  0.0000E+00  0.1200E+02
  -9.763  0.0000E+00  0.1200E+02
  -9.753  0.0000E+00  0.1200E+02
  -9.743  0.0000E+00  0.1200E+02
  -9.733  0.0000E+00  0.1200E+02
  -9.723  0.0000E+00  0.1200E+02
  -9.713  0.0000E+00  0.1200E+02
  -9.703  0.0000E+00  0.1200E+02
  -9.693  0.0000E+00  0.1200E+02
  -9.683  0.0000E+00  0.1200E+02
  -9.673  0.0000E+00  0.1200E+02
  -9.663  0.0000E+00  0.1200E+02
  -9.653  0.0000E+00  0.1200E+02
  -9.643  0.0000E+00  0.1200E+02
  -9.633  0.0000E+00  0.1200E+02
  -9.623  0.0000E+00  0.1200E+02
  -9.613  0.0000E+00  0.1200E+02
  -9.603  0.0000E+00  0.1200E+02
  -9.593  0.0000E+00  0.1200E+02
  -9.583  0.0000E+00  0.1200E+02
  -9.573  0.0000E+00  0.1200E+02
  -9.563  0.0000E+00  0.1200E+02
  -9.553  0.0000E+00  0.1200E+02
  -9.543  0.0000E+00  0.1200E+02
  -9.533  0.0000E+00  0.1200E+02
  -9.523  0.0000E+00  0.1200E+02
  -9.513  0.0000E+00  0.1200E+02
  -9.503  0.0000E+00  0.1200E+02
  -9.493  0.0000E+00  0.1200E+02
  -9.483  0.0000E+00  0.1200E+02
  -9.473  0.0000E+00  0.1200E+02
  -9.463  0.0000E+00  0.1200E+02
  -9.453  0.0000E+00  0.1200E+02
  -9.443  0.0000E+00  0.1200E+02
  -9.433  0.0000E+00  0.1200E+02
  -9.423  0.0000E+00  0.1200E+02
  -9.413  0.0000E+00  0.1200E+02
  -9.403  0.0000E+00  0.1200E+02
  -9.393  0.0000E+00  0.1200E+02
  -9.383  0.0000E+00  0.1200E+02
  -9.373  0.0000E+00  0.1200E+02
  -9.363  0.0000E+00  0.1200E+02
  -9.353  0.0000E+00  0.1200E+02
  -9.343  0.0000E+00  0.1200E+02
  -9.333  0.0000E+00  0.1200E+02
  -9.323  0.0000E+00  0.1200E+02
  -9.313  0.0000E+00  0.1200E+02
  -9.303  0.0000E+00  0.1200E+02
  -9.293  0.0000E+00  0.1200E+02
  -9.283  0.0000E+00  0.1200E+02
  -9.273  0.0000E+00  0.1200E+02
  -9.263  0.0000E+00  0.1200E+02
  -9.253  0.0000E+00  0.1200E+02
  -9.243  0.0000E+00  0.1200E+02
  -9.233  0.0000E+00  0.1200E+02
  -9.223  0.0000E+00  0.1200E+02
  -9.213  0.0000E+00  0.1200E+02
  -9.203  0.0000E+00  0.1200E+02
  -9.193  0.0000E+00  0.1200E+02
  -9.183  0.0000E+00  0.1200E+02
  -9.173  0.0000E+00  0.1200E+02
  -9.163  0.0000E+00  0.1200E+02
  -9.153  0.0000E+00  0.1200E+02
  -9.143  0.0000E+00  0.1200E+02
  -9.133  0.0000E+00  0.1200E+02
  -9.123  0.0000E+00  0.1200E+02
  -9.113  0.0000E+00  0.1200E+02
  -9.103  0.0000E+00  0.1200E+02
  -9.093  0.0000E+00  0.1200E+02
  -9.083  0.0000E+00  0.1200E+02
  -9.073  0.0000E+00  0.1200E+02
  -9.063  0.0000E+00  0.1200E+02
  -9.053  0.0000E+00  0.1200E+02
  -9.043  0.0000E+00  0.1200E+02
  -9.033  0.0000E+00  0.1200E+02
  -9.023  0.0000E+00  0.1200E+02
  -9.013  0.0000E+00  0.1200E+02
  -9.003  0.0000E+00  0.1200E+02
  -8.993  0.0000E+00  0.1200E+02
  -8.983  0.0000E+00  0.1200E+02
  -8.973  0.0000E+00  0.1200E+02
  -8.963  0.0000E+00  0.1200E+02
  -8.953  0.0000E+00  0.1200E+02
  -8.943  0.0000E+00  0.1200E+02
  -8.933  0.0000E+00  0.1200E+02
  -8.923  0.0000E+00  0.1200E+02
  -8.913  0.0000E+00  0.1200E+02
  -8.903  0.0000E+00  0.1200E+02
  -8.893  0.0000E+00  0.1200E+02
  -8.883  0.0000E+00  0.1200E+02
  -8.873  0.0000E+00  0.1200E+02
  -8.863  0.0000E+00  0.1200E+02
  -8.853  0.0000E+00  0.1200E+02
  -8.843  0.0000E+00  0.1200E+02
  -8.833  0.0000E+00  0.1200E+02
  -8.823  0.0000E+00  0.1200E+02
  -8.813  0.0000E+00  0.1200E+02
  -8.803  0.0000E+00  0.1200E+02
  -8.793  0.0000E+00  0.1200E+02
  -8.783  0.0000E+00  0.1200E+02
  -8.773  0.0000E+00  0.1200E+02
  -8.763  0.0000E+00  0.1200E+02
  -8.753  0.0000E+00  0.1200E+02
  -8.743  0.0000E+00  0.1200E+02
  -8.733  0.0000E+00  0.1200E+02
  -8.723  0.0000E+00  0.1200E+02
  -8.713  0.0000E+00  0.1200E+02
  -8.703  0.0000E+00  0.1200E+02
  -8.693  0.0000E+00  0.1200E+02
  -8.683  0.0000E+00  0.1200E+02
  -8.673  0.0000E+00  0.1200E+02
  -8.663  0.0000E+00  0.1200E+02
  -8.653  0.0000E+00  0.1200E+02
  -8.643  0.0000E+00  0.1200E+02
  -8.633  0.0000E+00  0.1200E+02
  -8.623  0.0000E+00  0.1200E+02
  -8.613  0.0000E+00  0.1200E+02
  -8.603  0.0000E+00  0.1200E+02
  -8.593  0.0000E+00  0.1200E+02
  -8.583  0.0000E+00  0.1200E+02
  -8.573  0.0000E+00  0.1200E+02
  -8.563  0.0000E+00  0.1200E+02
  -8.553  0.0000E+00  0.1200E+02
  -8.543  0.0000E+00  0.1200E+02
  -8.533  0.0000E+00  0.1200E+02
  -8.523  0.0000E+00  0.1200E+02
  -8.513  0.0000E+00  0.1200E+02
  -8.503  0.0000E+00  0.1200E+02
  -8.493  0.0000E+00  0.1200E+02
  -8.483  0.0000E+00  0.1200E+02
  -8.473  0.0000E+00  0.1200E+02
  -8.463  0.0000E+00  0.1200E+02
  -8.453  0.0000E+00  0.1200E+02
  -8.443  0.0000E+00  0.1200E+02
  -8.433  0.0000E+00  0.1200E+02
  -8.423  0.0000E+00  0.1200E+02
  -8.413  0.0000E+00  0.1200E+02
  -8.403  0.0000E+00  0.1200E+02
  -8.393  0.0000E+00  0.1200E+02
  -8.383  0.0000E+00  0.1200E+02
  -8.373  0.0000E+00  0.1200E+02
  -8.363  0.0000E+00  0.1200E+02
  -8.353  0.0000E+00  0.1200E+02
  -8.343  0.0000E+00  0.1200E+02
  -8.333  0.0000E+00  0.1200E+02
  -8.323  0.0000E+00  0.1200E+02
  -8.313  0.0000E+00  0.1200E+02
  -8.303  0.0000E+00  0.1200E+02
  -8.293  0.0000E+00  0.1200E+02
  -8.283  0.0000E+00  0.1200E+02
  -8.273  0.0000E+00  0.1200E+02
  -8.263  0.0000E+00  0.1200E+02
  -8.253  0.0000E+00  0.1200E+02
  -8.243  0.0000E+00  0.1200E+02
  -8.233  0.0000E+00  0.1200E+02
  -8.223  0.0000E+00  0.1200E+02
  -8.213  0.0000E+00  0.1200E+02
  -8.203  0.0000E+00  0.1200E+02
  -8.193  0.0000E+00  0.1200E+02
  -8.183  0.0000E+00  0.1200E+02
  -8.173  0.0000E+00  0.1200E+02
  -8.163  0.0000E+00  0.1200E+02
  -8.153  0.0000E+00  0.1200E+02
  -8.143  0.0000E+00  0.1200E+02
  -8.133  0.0000E+00  0.1200E+02
  -8.123  0.0000E+00  0.1200E+02
  -8.113  0.0000E+00  0.1200E+02
  -8.103  0.0000E+00  0.1200E+02
  -8.093  0.0000E+00  0.1200E+02
  -8.083  0.0000E+00  0.1200E+02
  -8.073  0.0000E+00  0.1200E+02
  -8.063  0.0000E+00  0.1200E+02
  -8.053  0.0000E+00  0.1200E+02
  -8.043  0.0000E+00  0.1200E+02
  -8.033  0.0000E+00  0.1200E+02
  -8.023  0.0000E+00  0.1200E+02
  -8.013  0.0000E+00  0.1200E+02
  -8.003  0.0000E+00  0.1200E+02
  -7.993  0.0000E+00  0.1200E+02
  -7.983  0.0000E+00  0.1200E+02
  -7.973  0.0000E+00  0.1200E+02
  -7.963  0.0000E+00  0.1200E+02
  -7.953  0.0000E+00  0.1200E+02
  -7.943  0.0000E+00  0.1200E+02
  -7.933  0.0000E+00  0.1200E+02
  -7.923  0.0000E+00  0.1200E+02
  -7.913  0.0000E+00  0.1200E+02
  -7.903  0.0000E+00  0.1200E+02
  -7.893  0.0000E+00  0.1200E+02
  -7.883  0.0000E+00  0.1200E+02
  -7.873  0.0000E+00  0.1200E+02
  -7.863  0.0000E+00  0.1200E+02
  -7.853  0.0000E+00  0.1200E+02
  -7.843  0.0000E+00  0.1200E+02
  -7.833  0.0000E+00  0.1200E+02
  -7.823  0.0000E+00  0.1200E+02
  -7.813  0.0000E+00  0.1200E+02
  -7.803  0.0000E+00  0.1200E+02
  -7.793  0.0000E+00  0.1200E+02
  -7.783  0.0000E+00  0.1200E+02
  -7.773  0.0000E+00  0.1200E+02
  -7.763  0.0000E+00  0.1200E+02
  -7.753  0.0000E+00  0.1200E+02
  -7.743  0.0000E+00  0.1200E+02
  -7.733  0.0000E+00  0.1200E+02
  -7.723  0.0000E+00  0.1200E+02
  -7.713  0.0000E+00  0.1200E+02
  -7.703  0.0000E+00  0.1200E+02
  -7.693  0.0000E+00  0.1200E+02
  -7.683  0.0000E+00  0.1200E+02
  -7.673  0.0000E+00  0.1200E+02
  -7.663  0.0000E+00  0.1200E+02
  -7.653  0.0000E+00  0.1200E+02
  -7.643  0.0000E+00  0.1200E+02
  -7.633  0.0000E+00  0.1200E+02
  -7.623  0.0000E+00  0.1200E+02
  -7.613  0.0000E+00  0.1200E+02
  -7.603  0.0000E+00  0.1200E+02
  -7.593  0.0000E+00  0.1200E+02
  -7.583  0.0000E+00  0.1200E+02
  -7.573  0.0000E+00  0.1200E+02
  -7.563  0.0000E+00  0.1200E+02
  -7.553  0.0000E+00  0.1200E+02
  -7.543  0.0000E+00  0.1200E+02
  -7.533  0.0000E+00  0.1200E+02
  -7.523  0.0000E+00  0.1200E+02
  -7.513  0.0000E+00  0.1200E+02
  -7.503  0.0000E+00  0.1200E+02
  -7.493  0.0000E+00  0.1200E+02
  -7.483  0.0000E+00  0.1200E+02
  -7.473  0.0000E+00  0.1200E+02
  -7.463  0.0000E+00  0.1200E+02
  -7.453  0.0000E+00  0.1200E+02
  -7.443  0.0000E+00  0.1200E+02
  -7.433  0.0000E+00  0.1200E+02
  -7.423  0.0000E+00  0.1200E+02
  -7.413  0.0000E+00  0.1200E+02
  -7.403  0.0000E+00  0.1200E+02
  -7.393  0.0000E+00  0.1200E+02
  -7.383  0.0000E+00  0.1200E+02
  -7.373  0.0000E+00  0.1200E+02
  -7.363  0.0000E+00  0.1200E+02
  -7.353  0.0000E+00  0.1200E+02
  -7.343  0.0000E+00  0.1200E+02
  -7.333  0.0000E+00  0.1200E+02
  -7.323  0.0000E+00  0.1200E+02
  -7.313  0.0000E+00  0.1200E+02
  -7.303  0.0000E+00  0.1200E+02
  -7.293  0.0000E+00  0.1200E+02
  -7.283  0.0000E+00  0.1200E+02
  -7.273  0.0000E+00  0.1200E+02
  -7.263  0.0000E+00  0.1200E+02
  -7.253  0.0000E+00  0.1200E+02
  -7.243  0.0000E+00  0.1200E+02
  -7.233  0.0000E+00  0.1200E+02
  -7.223  0.0000E+00  0.1200E+02
  -7.213  0.0000E+00  0.1200E+02
  -7.203  0.0000E+00  0.1200E+02
  -7.193  0.0000E+00  0.1200E+02
  -7.183  0.0000E+00  0.1200E+02
  -7.173  0.0000E+00  0.1200E+02
  -7.163  0.0000E+00  0.1200E+02
  -7.153  0.0000E+00  0.1200E+02
  -7.143  0.0000E+00  0.1200E+02
  -7.133  0.0000E+00  0.1200E+02
  -7.123  0.0000E+00  0.1200E+02
  -7.113  0.0000E+00  0.1200E+02
  -7.103  0.0000E+00  0.1200E+02
  -7.093  0.0000E+00  0.1200E+02
  -7.083  0.0000E+00  0.1200E+02
  -7.073  0.0000E+00  0.1200E+02
  -7.063  0.0000E+00  0.1200E+02
  -7.053  0.0000E+00  0.1200E+02
  -7.043  0.0000E+00  0.1200E+02
  -7.033  0.0000E+00  0.1200E+02
  -7.023  0.0000E+00  0.1200E+02
  -7.013  0.0000E+00  0.1200E+02
  -7.003  0.0000E+00  0.1200E+02
  -6.993  0.0000E+00  0.1200E+02
  -6.983  0.0000E+00  0.1200E+02
  -6.973  0.0000E+00  0.1200E+02
  -6.963  0.0000E+00  0.1200E+02
  -6.953  0.0000E+00  0.1200E+02
  -6.943  0.0000E+00  0.1200E+02
  -6.933  0.0000E+00  0.1200E+02
  -6.923  0.0000E+00  0.1200E+02
  -6.913  0.0000E+00  0.1200E+02
  -6.903  0.0000E+00  0.1200E+02
  -6.893  0.0000E+00  0.1200E+02
  -6.883  0.0000E+00  0.1200E+02
  -6.873  0.0000E+00  0.1200E+02
  -6.863  0.0000E+00  0.1200E+02
  -6.853  0.0000E+00  0.1200E+02
  -6.843  0.0000E+00  0.1200E+02
  -6.833  0.0000E+00  0.1200E+02
  -6.823  0.0000E+00  0.1200E+02
  -6.813  0.0000E+00  0.1200E+02
  -6.803  0.0000E+00  0.1200E+02
  -6.793  0.0000E+00  0.1200E+02
  -6.783  0.0000E+00  0.1200E+02
  -6.773  0.9935E-02  0.1200E+02
  -6.763  0.4237E-01  0.1200E+02
  -6.753  0.9622E-01  0.1200E+02
  -6.743  0.1614E+00  0.1200E+02
  -6.733  0.1790E+00  0.1200E+02
  -6.723  0.1831E+00  0.1201E+02
  -6.713  0.1922E+00  0.1201E+02
  -6.703  0.2145E+00  0.1201E+02
  -6.693  0.2375E+00  0.1201E+02
  -6.683  0.2613E+00  0.1201E+02
  -6.673  0.2844E+00  0.1202E+02
  -6.663  0.3046E+00  0.1202E+02
  -6.653  0.3188E+00  0.1202E+02
  -6.643  0.3288E+00  0.1203E+02
  -6.633  0.3399E+00  0.1203E+02
  -6.623  0.3504E+00  0.1203E+02
  -6.613  0.3627E+00  0.1204E+02
  -6.603  0.3770E+00  0.1204E+02
  -6.593  0.3917E+00  0.1204E+02
  -6.583  0.4063E+00  0.1205E+02
  -6.573  0.4210E+00  0.1205E+02
  -6.563  0.4364E+00  0.1206E+02
  -6.553  0.4527E+00  0.1206E+02
  -6.543  0.4685E+00  0.1207E+02
  -6.533  0.4837E+00  0.1207E+02
  -6.523  0.4982E+00  0.1208E+02
  -6.513  0.5108E+00  0.1208E+02
  -6.503  0.5213E+00  0.1209E+02
  -6.493  0.5330E+00  0.1209E+02
  -6.483  0.5452E+00  0.1210E+02
  -6.473  0.5571E+00  0.1210E+02
  -6.463  0.5689E+00  0.1211E+02
  -6.453  0.5811E+00  0.1211E+02
  -6.443  0.5951E+00  0.1212E+02
  -6.433  0.6105E+00  0.1213E+02
  -6.423  0.6259E+00  0.1213E+02
  -6.413  0.6414E+00  0.1214E+02
  -6.403  0.6572E+00  0.1214E+02
  -6.393  0.6732E+00  0.1215E+02
  -6.383  0.6888E+00  0.1216E+02
  -6.373  0.7033E+00  0.1216E+02
  -6.363  0.7173E+00  0.1217E+02
  -6.353  0.7320E+00  0.1218E+02
  -6.343  0.7464E+00  0.1219E+02
  -6.333  0.7612E+00  0.1219E+02
  -6.323  0.7760E+00  0.1220E+02
  -6.313  0.7910E+00  0.1221E+02
  -6.303  0.8071E+00  0.1222E+02
  -6.293  0.8238E+00  0.1223E+02
  -6.283  0.8409E+00  0.1223E+02
  -6.273  0.8579E+00  0.1224E+02
  -6.263  0.8750E+00  0.1225E+02
  -6.253  0.8923E+00  0.1226E+02
  -6.243  0.9097E+00  0.1227E+02
  -6.233  0.9273E+00  0.1228E+02
  -6.223  0.9451E+00  0.1229E+02
  -6.213  0.9632E+00  0.1230E+02
  -6.203  0.9854E+00  0.1231E+02
  -6.193  0.1009E+01  0.1232E+02
  -6.183  0.1032E+01  0.1233E+02
  -6.173  0.1055E+01  0.1234E+02
  -6.163  0.1078E+01  0.1235E+02
  -6.153  0.1101E+01  0.1236E+02
  -6.143  0.1125E+01  0.1237E+02
  -6.133  0.1149E+01  0.1238E+02
  -6.123  0.1172E+01  0.1239E+02
  -6.113  0.1197E+01  0.1240E+02
  -6.103  0.1221E+01  0.1242E+02
  -6.093  0.1247E+01  0.1243E+02
  -6.083  0.1275E+01  0.1244E+02
  -6.073  0.1309E+01  0.1245E+02
  -6.063  0.1345E+01  0.1247E+02
  -6.053  0.1383E+01  0.1248E+02
  -6.043  0.1424E+01  0.1250E+02
  -6.033  0.1465E+01  0.1251E+02
  -6.023  0.1507E+01  0.1252E+02
  -6.013  0.1551E+01  0.1254E+02
  -6.003  0.1596E+01  0.1256E+02
  -5.993  0.1643E+01  0.1257E+02
  -5.983  0.1691E+01  0.1259E+02
  -5.973  0.1742E+01  0.1261E+02
  -5.963  0.1824E+01  0.1262E+02
  -5.953  0.1906E+01  0.1264E+02
  -5.943  0.1991E+01  0.1266E+02
  -5.933  0.2083E+01  0.1268E+02
  -5.923  0.2182E+01  0.1270E+02
  -5.913  0.2288E+01  0.1273E+02
  -5.903  0.2404E+01  0.1275E+02
  -5.893  0.2553E+01  0.1277E+02
  -5.883  0.3388E+01  0.1280E+02
  -5.873  0.4777E+01  0.1284E+02
  -5.863  0.5809E+01  0.1290E+02
  -5.853  0.7412E+01  0.1296E+02
  -5.843  0.1049E+02  0.1305E+02
  -5.833  0.1342E+02  0.1317E+02
  -5.823  0.1169E+02  0.1331E+02
  -5.813  0.7523E+01  0.1340E+02
  -5.803  0.5580E+01  0.1346E+02
  -5.793  0.4776E+01  0.1352E+02
  -5.783  0.4141E+01  0.1356E+02
  -5.773  0.3680E+01  0.1360E+02
  -5.763  0.3354E+01  0.1363E+02
  -5.753  0.3006E+01  0.1367E+02
  -5.743  0.2638E+01  0.1369E+02
  -5.733  0.2459E+01  0.1372E+02
  -5.723  0.2302E+01  0.1374E+02
  -5.713  0.2191E+01  0.1377E+02
  -5.703  0.1995E+01  0.1379E+02
  -5.693  0.1862E+01  0.1381E+02
  -5.683  0.1565E+01  0.1383E+02
  -5.673  0.1383E+01  0.1384E+02
  -5.663  0.1263E+01  0.1385E+02
  -5.653  0.1162E+01  0.1387E+02
  -5.643  0.1072E+01  0.1388E+02
  -5.633  0.9928E+00  0.1389E+02
  -5.623  0.9188E+00  0.1390E+02
  -5.613  0.8543E+00  0.1391E+02
  -5.603  0.7960E+00  0.1391E+02
  -5.593  0.7439E+00  0.1392E+02
  -5.583  0.6939E+00  0.1393E+02
  -5.573  0.6606E+00  0.1393E+02
  -5.563  0.6387E+00  0.1394E+02
  -5.553  0.6198E+00  0.1395E+02
  -5.543  0.6010E+00  0.1395E+02
  -5.533  0.5820E+00  0.1396E+02
  -5.523  0.5626E+00  0.1397E+02
  -5.513  0.5430E+00  0.1397E+02
  -5.503  0.5163E+00  0.1398E+02
  -5.493  0.4844E+00  0.1398E+02
  -5.483  0.4555E+00  0.1399E+02
  -5.473  0.4397E+00  0.1399E+02
  -5.463  0.4360E+00  0.1399E+02
  -5.453  0.4324E+00  0.1400E+02
  -5.443  0.4287E+00  0.1400E+02
  -5.433  0.4248E+00  0.1401E+02
  -5.423  0.4217E+00  0.1401E+02
  -5.413  0.4202E+00  0.1402E+02
  -5.403  0.4191E+00  0.1402E+02
  -5.393  0.4173E+00  0.1402E+02
  -5.383  0.4159E+00  0.1403E+02
  -5.373  0.4145E+00  0.1403E+02
  -5.363  0.4129E+00  0.1404E+02
  -5.353  0.4180E+00  0.1404E+02
  -5.343  0.4153E+00  0.1405E+02
  -5.333  0.4128E+00  0.1405E+02
  -5.323  0.4104E+00  0.1405E+02
  -5.313  0.4162E+00  0.1406E+02
  -5.303  0.4262E+00  0.1406E+02
  -5.293  0.4359E+00  0.1407E+02
  -5.283  0.4435E+00  0.1407E+02
  -5.273  0.4320E+00  0.1408E+02
  -5.263  0.4448E+00  0.1408E+02
  -5.253  0.4574E+00  0.1408E+02
  -5.243  0.4699E+00  0.1409E+02
  -5.233  0.4821E+00  0.1409E+02
  -5.223  0.4941E+00  0.1410E+02
  -5.213  0.5074E+00  0.1410E+02
  -5.203  0.5230E+00  0.1411E+02
  -5.193  0.5400E+00  0.1411E+02
  -5.183  0.5581E+00  0.1412E+02
  -5.173  0.5774E+00  0.1412E+02
  -5.163  0.5978E+00  0.1413E+02
  -5.153  0.6193E+00  0.1414E+02
  -5.143  0.6416E+00  0.1414E+02
  -5.133  0.6646E+00  0.1415E+02
  -5.123  0.6882E+00  0.1416E+02
  -5.113  0.7110E+00  0.1416E+02
  -5.103  0.7314E+00  0.1417E+02
  -5.093  0.7505E+00  0.1418E+02
  -5.083  0.7687E+00  0.1419E+02
  -5.073  0.7864E+00  0.1419E+02
  -5.063  0.8115E+00  0.1420E+02
  -5.053  0.8421E+00  0.1421E+02
  -5.043  0.8756E+00  0.1422E+02
  -5.033  0.9084E+00  0.1423E+02
  -5.023  0.9565E+00  0.1424E+02
  -5.013  0.9948E+00  0.1425E+02
  -5.003  0.1034E+01  0.1426E+02
  -4.993  0.1075E+01  0.1427E+02
  -4.983  0.1116E+01  0.1428E+02
  -4.973  0.1159E+01  0.1429E+02
  -4.963  0.1203E+01  0.1430E+02
  -4.953  0.1254E+01  0.1431E+02
  -4.943  0.1315E+01  0.1433E+02
  -4.933  0.1375E+01  0.1434E+02
  -4.923  0.1450E+01  0.1435E+02
  -4.913  0.1531E+01  0.1437E+02
  -4.903  0.1623E+01  0.1438E+02
  -4.893  0.1720E+01  0.1440E+02
  -4.883  0.1820E+01  0.1442E+02
  -4.873  0.1930E+01  0.1444E+02
  -4.863  0.2050E+01  0.1446E+02
  -4.853  0.2184E+01  0.1448E+02
  -4.843  0.2372E+01  0.1450E+02
  -4.833  0.2626E+01  0.1453E+02
  -4.823  0.2918E+01  0.1455E+02
  -4.813  0.3235E+01  0.1458E+02
  -4.803  0.3302E+01  0.1462E+02
  -4.793  0.3360E+01  0.1465E+02
  -4.783  0.3504E+01  0.1469E+02
  -4.773  0.3620E+01  0.1472E+02
  -4.763  0.3872E+01  0.1476E+02
  -4.753  0.4289E+01  0.1480E+02
  -4.743  0.5010E+01  0.1484E+02
  -4.733  0.5629E+01  0.1490E+02
  -4.723  0.6081E+01  0.1496E+02
  -4.713  0.6341E+01  0.1502E+02
  -4.703  0.5227E+01  0.1508E+02
  -4.693  0.4983E+01  0.1513E+02
  -4.683  0.4837E+01  0.1518E+02
  -4.673  0.4931E+01  0.1523E+02
  -4.663  0.3757E+01  0.1527E+02
  -4.653  0.3432E+01  0.1530E+02
  -4.643  0.3197E+01  0.1534E+02
  -4.633  0.2977E+01  0.1537E+02
  -4.623  0.2778E+01  0.1540E+02
  -4.613  0.2602E+01  0.1542E+02
  -4.603  0.2451E+01  0.1545E+02
  -4.593  0.2314E+01  0.1547E+02
  -4.583  0.2195E+01  0.1549E+02
  -4.573  0.2094E+01  0.1552E+02
  -4.563  0.1996E+01  0.1554E+02
  -4.553  0.1903E+01  0.1555E+02
  -4.543  0.1798E+01  0.1557E+02
  -4.533  0.1723E+01  0.1559E+02
  -4.523  0.1651E+01  0.1561E+02
  -4.513  0.1577E+01  0.1562E+02
  -4.503  0.1506E+01  0.1564E+02
  -4.493  0.1441E+01  0.1565E+02
  -4.483  0.1384E+01  0.1567E+02
  -4.473  0.1335E+01  0.1568E+02
  -4.463  0.1287E+01  0.1570E+02
  -4.453  0.1241E+01  0.1571E+02
  -4.443  0.1195E+01  0.1572E+02
  -4.433  0.1151E+01  0.1573E+02
  -4.423  0.1108E+01  0.1574E+02
  -4.413  0.1065E+01  0.1575E+02
  -4.403  0.1030E+01  0.1576E+02
  -4.393  0.9881E+00  0.1577E+02
  -4.383  0.9477E+00  0.1578E+02
  -4.373  0.9093E+00  0.1579E+02
  -4.363  0.8730E+00  0.1580E+02
  -4.353  0.8393E+00  0.1581E+02
  -4.343  0.8083E+00  0.1582E+02
  -4.333  0.8093E+00  0.1583E+02
  -4.323  0.7648E+00  0.1584E+02
  -4.313  0.6650E+00  0.1584E+02
  -4.303  0.6471E+00  0.1585E+02
  -4.293  0.6290E+00  0.1586E+02
  -4.283  0.6107E+00  0.1586E+02
  -4.273  0.5928E+00  0.1587E+02
  -4.263  0.5754E+00  0.1587E+02
  -4.253  0.5584E+00  0.1588E+02
  -4.243  0.5420E+00  0.1588E+02
  -4.233  0.5252E+00  0.1589E+02
  -4.223  0.5099E+00  0.1590E+02
  -4.213  0.4960E+00  0.1590E+02
  -4.203  0.4824E+00  0.1590E+02
  -4.193  0.4689E+00  0.1591E+02
  -4.183  0.4554E+00  0.1591E+02
  -4.173  0.4420E+00  0.1592E+02
  -4.163  0.4287E+00  0.1592E+02
  -4.153  0.4140E+00  0.1593E+02
  -4.143  0.3987E+00  0.1593E+02
  -4.133  0.3834E+00  0.1594E+02
  -4.123  0.3681E+00  0.1594E+02
  -4.113  0.3520E+00  0.1594E+02
  -4.103  0.3415E+00  0.1595E+02
  -4.093  0.3309E+00  0.1595E+02
  -4.083  0.3201E+00  0.1595E+02
  -4.073  0.3090E+00  0.1596E+02
  -4.063  0.2978E+00  0.1596E+02
  -4.053  0.2864E+00  0.1596E+02
  -4.043  0.2745E+00  0.1596E+02
  -4.033  0.2620E+00  0.1597E+02
  -4.023  0.2495E+00  0.1597E+02
  -4.013  0.8331E+00  0.1598E+02
  -4.003  0.3918E+01  0.1599E+02
  -3.993  0.1916E+01  0.1601E+02
  -3.983  0.2024E+01  0.1603E+02
  -3.973  0.2184E+01  0.1605E+02
  -3.963  0.2205E+01  0.1607E+02
  -3.953  0.2249E+01  0.1609E+02
  -3.943  0.2318E+01  0.1612E+02
  -3.933  0.2400E+01  0.1614E+02
  -3.923  0.2484E+01  0.1616E+02
  -3.913  0.2602E+01  0.1619E+02
  -3.903  0.2739E+01  0.1622E+02
  -3.893  0.2863E+01  0.1624E+02
  -3.883  0.2980E+01  0.1627E+02
  -3.873  0.3156E+01  0.1630E+02
  -3.863  0.3703E+01  0.1634E+02
  -3.853  0.4174E+01  0.1638E+02
  -3.843  0.4035E+01  0.1642E+02
  -3.833  0.3771E+01  0.1646E+02
  -3.823  0.3602E+01  0.1649E+02
  -3.813  0.3448E+01  0.1653E+02
  -3.803  0.3363E+01  0.1656E+02
  -3.793  0.3262E+01  0.1660E+02
  -3.783  0.3155E+01  0.1663E+02
  -3.773  0.3072E+01  0.1666E+02
  -3.763  0.3000E+01  0.1669E+02
  -3.753  0.2944E+01  0.1672E+02
  -3.743  0.2887E+01  0.1675E+02
  -3.733  0.2830E+01  0.1678E+02
  -3.723  0.2748E+01  0.1681E+02
  -3.713  0.2679E+01  0.1683E+02
  -3.703  0.2617E+01  0.1686E+02
  -3.693  0.2564E+01  0.1689E+02
  -3.683  0.2522E+01  0.1691E+02
  -3.673  0.2486E+01  0.1694E+02
  -3.663  0.2451E+01  0.1696E+02
  -3.653  0.2417E+01  0.1699E+02
  -3.643  0.2384E+01  0.1701E+02
  -3.633  0.2355E+01  0.1703E+02
  -3.623  0.2328E+01  0.1706E+02
  -3.613  0.2295E+01  0.1708E+02
  -3.603  0.2265E+01  0.1710E+02
  -3.593  0.2244E+01  0.1712E+02
  -3.583  0.2225E+01  0.1715E+02
  -3.573  0.2205E+01  0.1717E+02
  -3.563  0.2185E+01  0.1719E+02
  -3.553  0.2163E+01  0.1721E+02
  -3.543  0.2141E+01  0.1723E+02
  -3.533  0.2118E+01  0.1726E+02
  -3.523  0.2097E+01  0.1728E+02
  -3.513  0.2075E+01  0.1730E+02
  -3.503  0.2051E+01  0.1732E+02
  -3.493  0.2025E+01  0.1734E+02
  -3.483  0.2000E+01  0.1736E+02
  -3.473  0.1978E+01  0.1738E+02
  -3.463  0.1952E+01  0.1740E+02
  -3.453  0.1929E+01  0.1742E+02
  -3.443  0.1927E+01  0.1744E+02
  -3.433  0.1928E+01  0.1746E+02
  -3.423  0.1930E+01  0.1748E+02
  -3.413  0.1913E+01  0.1749E+02
  -3.403  0.1882E+01  0.1751E+02
  -3.393  0.1845E+01  0.1753E+02
  -3.383  0.1798E+01  0.1755E+02
  -3.373  0.1734E+01  0.1757E+02
  -3.363  0.1667E+01  0.1759E+02
  -3.353  0.1601E+01  0.1760E+02
  -3.343  0.1539E+01  0.1762E+02
  -3.333  0.1483E+01  0.1763E+02
  -3.323  0.1434E+01  0.1765E+02
  -3.313  0.1395E+01  0.1766E+02
  -3.303  0.1358E+01  0.1767E+02
  -3.293  0.1322E+01  0.1769E+02
  -3.283  0.1288E+01  0.1770E+02
  -3.273  0.1253E+01  0.1771E+02
  -3.263  0.1218E+01  0.1773E+02
  -3.253  0.1186E+01  0.1774E+02
  -3.243  0.1162E+01  0.1775E+02
  -3.233  0.1140E+01  0.1776E+02
  -3.223  0.1115E+01  0.1777E+02
  -3.213  0.1088E+01  0.1778E+02
  -3.203  0.1057E+01  0.1779E+02
  -3.193  0.1025E+01  0.1781E+02
  -3.183  0.9940E+00  0.1782E+02
  -3.173  0.9638E+00  0.1782E+02
  -3.163  0.9344E+00  0.1783E+02
  -3.153  0.9053E+00  0.1784E+02
  -3.143  0.8782E+00  0.1785E+02
  -3.133  0.8553E+00  0.1786E+02
  -3.123  0.8368E+00  0.1787E+02
  -3.113  0.8186E+00  0.1788E+02
  -3.103  0.8001E+00  0.1789E+02
  -3.093  0.7814E+00  0.1789E+02
  -3.083  0.7624E+00  0.1790E+02
  -3.073  0.8228E+00  0.1791E+02
  -3.063  0.1042E+01  0.1792E+02
  -3.053  0.1293E+01  0.1793E+02
  -3.043  0.1435E+01  0.1794E+02
  -3.033  0.1580E+01  0.1796E+02
  -3.023  0.1777E+01  0.1798E+02
  -3.013  0.1996E+01  0.1799E+02
  -3.003  0.2179E+01  0.1802E+02
  -2.993  0.2420E+01  0.1804E+02
  -2.983  0.2703E+01  0.1806E+02
  -2.973  0.3044E+01  0.1809E+02
  -2.963  0.3519E+01  0.1813E+02
  -2.953  0.4034E+01  0.1816E+02
  -2.943  0.4897E+01  0.1821E+02
  -2.933  0.1042E+02  0.1828E+02
  -2.923  0.1729E+02  0.1842E+02
  -2.913  0.1966E+02  0.1861E+02
  -2.903  0.2269E+02  0.1882E+02
  -2.893  0.2497E+02  0.1905E+02
  -2.883  0.1587E+02  0.1926E+02
  -2.873  0.1426E+02  0.1940E+02
  -2.863  0.1332E+02  0.1954E+02
  -2.853  0.1059E+02  0.1966E+02
  -2.843  0.9477E+01  0.1976E+02
  -2.833  0.8812E+01  0.1985E+02
  -2.823  0.8440E+01  0.1994E+02
  -2.813  0.8724E+01  0.2002E+02
  -2.803  0.8967E+01  0.2011E+02
  -2.793  0.8871E+01  0.2020E+02
  -2.783  0.9580E+01  0.2029E+02
  -2.773  0.1030E+02  0.2039E+02
  -2.763  0.9133E+01  0.2049E+02
  -2.753  0.8001E+01  0.2058E+02
  -2.743  0.6740E+01  0.2065E+02
  -2.733  0.6409E+01  0.2072E+02
  -2.723  0.6201E+01  0.2078E+02
  -2.713  0.6202E+01  0.2084E+02
  -2.703  0.5853E+01  0.2090E+02
  -2.693  0.5533E+01  0.2096E+02
  -2.683  0.5268E+01  0.2101E+02
  -2.673  0.5133E+01  0.2106E+02
  -2.663  0.5076E+01  0.2112E+02
  -2.653  0.5098E+01  0.2117E+02
  -2.643  0.5142E+01  0.2122E+02
  -2.633  0.5259E+01  0.2127E+02
  -2.623  0.5344E+01  0.2132E+02
  -2.613  0.5715E+01  0.2138E+02
  -2.603  0.5749E+01  0.2143E+02
  -2.593  0.5933E+01  0.2149E+02
  -2.583  0.6102E+01  0.2155E+02
  -2.573  0.6283E+01  0.2162E+02
  -2.563  0.6472E+01  0.2168E+02
  -2.553  0.7822E+01  0.2175E+02
  -2.543  0.7224E+01  0.2183E+02
  -2.533  0.6726E+01  0.2189E+02
  -2.523  0.6990E+01  0.2196E+02
  -2.513  0.6446E+01  0.2203E+02
  -2.503  0.3270E+01  0.2208E+02
  -2.493  0.1688E+01  0.2210E+02
  -2.483  0.1335E+01  0.2212E+02
  -2.473  0.2181E+01  0.2213E+02
  -2.463  0.3361E+01  0.2216E+02
  -2.453  0.4312E+01  0.2220E+02
  -2.443  0.7275E+01  0.2225E+02
  -2.433  0.9478E+01  0.2234E+02
  -2.423  0.8684E+01  0.2243E+02
  -2.413  0.8201E+01  0.2252E+02
  -2.403  0.8010E+01  0.2260E+02
  -2.393  0.8060E+01  0.2268E+02
  -2.383  0.7829E+01  0.2276E+02
  -2.373  0.7996E+01  0.2284E+02
  -2.363  0.7863E+01  0.2292E+02
  -2.353  0.6757E+01  0.2299E+02
  -2.343  0.6190E+01  0.2306E+02
  -2.333  0.5739E+01  0.2312E+02
  -2.323  0.5410E+01  0.2317E+02
  -2.313  0.5183E+01  0.2322E+02
  -2.303  0.4974E+01  0.2328E+02
  -2.293  0.4767E+01  0.2332E+02
  -2.283  0.4572E+01  0.2337E+02
  -2.273  0.4403E+01  0.2342E+02
  -2.263  0.4234E+01  0.2346E+02
  -2.253  0.4099E+01  0.2350E+02
  -2.243  0.3975E+01  0.2354E+02
  -2.233  0.3858E+01  0.2358E+02
  -2.223  0.3722E+01  0.2362E+02
  -2.213  0.3573E+01  0.2365E+02
  -2.203  0.3437E+01  0.2369E+02
  -2.193  0.3299E+01  0.2372E+02
  -2.183  0.3161E+01  0.2376E+02
  -2.173  0.2983E+01  0.2379E+02
  -2.163  0.2629E+01  0.2381E+02
  -2.153  0.2452E+01  0.2384E+02
  -2.143  0.2393E+01  0.2386E+02
  -2.133  0.2511E+01  0.2389E+02
  -2.123  0.2395E+01  0.2391E+02
  -2.113  0.1734E+01  0.2393E+02
  -2.103  0.1380E+01  0.2395E+02
  -2.093  0.1147E+01  0.2396E+02
  -2.083  0.9897E+00  0.2397E+02
  -2.073  0.8676E+00  0.2398E+02
  -2.063  0.7232E+00  0.2399E+02
  -2.053  0.5257E+00  0.2399E+02
  -2.043  0.2472E+00  0.2400E+02
  -2.033  0.0000E+00  0.2400E+02
  -2.023  0.0000E+00  0.2400E+02
  -2.013  0.0000E+00  0.2400E+02
  -2.003  0.0000E+00  0.2400E+02
  -1.993  0.0000E+00  0.2400E+02
  -1.983  0.0000E+00  0.2400E+02
  -1.973  0.0000E+00  0.2400E+02
  -1.963  0.0000E+00  0.2400E+02
  -1.953  0.0000E+00  0.2400E+02
  -1.943  0.0000E+00  0.2400E+02
  -1.933  0.0000E+00  0.2400E+02
  -1.923  0.0000E+00  0.2400E+02
  -1.913  0.0000E+00  0.2400E+02
  -1.903  0.0000E+00  0.2400E+02
  -1.893  0.0000E+00  0.2400E+02
  -1.883  0.0000E+00  0.2400E+02
  -1.873  0.0000E+00  0.2400E+02
  -1.863  0.0000E+00  0.2400E+02
  -1.853  0.0000E+00  0.2400E+02
  -1.843  0.0000E+00  0.2400E+02
  -1.833  0.0000E+00  0.2400E+02
  -1.823  0.0000E+00  0.2400E+02
  -1.813  0.0000E+00  0.2400E+02
  -1.803  0.0000E+00  0.2400E+02
  -1.793  0.0000E+00  0.2400E+02
  -1.783  0.0000E+00  0.2400E+02
  -1.773  0.0000E+00  0.2400E+02
  -1.763  0.0000E+00  0.2400E+02
  -1.753  0.0000E+00  0.2400E+02
  -1.743  0.0000E+00  0.2400E+02
  -1.733  0.0000E+00  0.2400E+02
  -1.723  0.0000E+00  0.2400E+02
  -1.713  0.0000E+00  0.2400E+02
  -1.703  0.0000E+00  0.2400E+02
  -1.693  0.0000E+00  0.2400E+02
  -1.683  0.0000E+00  0.2400E+02
  -1.673  0.0000E+00  0.2400E+02
  -1.663  0.0000E+00  0.2400E+02
  -1.653  0.0000E+00  0.2400E+02
  -1.643  0.0000E+00  0.2400E+02
  -1.633  0.0000E+00  0.2400E+02
  -1.623  0.0000E+00  0.2400E+02
  -1.613  0.0000E+00  0.2400E+02
  -1.603  0.0000E+00  0.2400E+02
  -1.593  0.0000E+00  0.2400E+02
  -1.583  0.0000E+00  0.2400E+02
  -1.573  0.0000E+00  0.2400E+02
  -1.563  0.0000E+00  0.2400E+02
  -1.553  0.0000E+00  0.2400E+02
  -1.543  0.0000E+00  0.2400E+02
  -1.533  0.0000E+00  0.2400E+02
  -1.523  0.0000E+00  0.2400E+02
  -1.513  0.0000E+00  0.2400E+02
  -1.503  0.0000E+00  0.2400E+02
  -1.493  0.0000E+00  0.2400E+02
  -1.483  0.0000E+00  0.2400E+02
  -1.473  0.0000E+00  0.2400E+02
  -1.463  0.0000E+00  0.2400E+02
  -1.453  0.0000E+00  0.2400E+02
  -1.443  0.0000E+00  0.2400E+02
  -1.433  0.0000E+00  0.2400E+02
  -1.423  0.0000E+00  0.2400E+02
  -1.413  0.0000E+00  0.2400E+02
  -1.403  0.0000E+00  0.2400E+02
  -1.393  0.0000E+00  0.2400E+02
  -1.383  0.0000E+00  0.2400E+02
  -1.373  0.0000E+00  0.2400E+02
  -1.363  0.0000E+00  0.2400E+02
  -1.353  0.0000E+00  0.2400E+02
  -1.343  0.0000E+00  0.2400E+02
  -1.333  0.0000E+00  0.2400E+02
  -1.323  0.0000E+00  0.2400E+02
  -1.313  0.0000E+00  0.2400E+02
  -1.303  0.0000E+00  0.2400E+02
  -1.293  0.0000E+00  0.2400E+02
  -1.283  0.0000E+00  0.2400E+02
  -1.273  0.0000E+00  0.2400E+02
  -1.263  0.0000E+00  0.2400E+02
  -1.253  0.0000E+00  0.2400E+02
  -1.243  0.0000E+00  0.2400E+02
  -1.233  0.0000E+00  0.2400E+02
  -1.223  0.0000E+00  0.2400E+02
  -1.213  0.0000E+00  0.2400E+02
  -1.203  0.0000E+00  0.2400E+02
  -1.193  0.0000E+00  0.2400E+02
  -1.183  0.0000E+00  0.2400E+02
  -1.173  0.0000E+00  0.2400E+02
  -1.163  0.0000E+00  0.2400E+02
  -1.153  0.0000E+00  0.2400E+02
  -1.143  0.0000E+00  0.2400E+02
  -1.133  0.0000E+00  0.2400E+02
  -1.123  0.0000E+00  0.2400E+02
  -1.113  0.0000E+00  0.2400E+02
  -1.103  0.0000E+00  0.2400E+02
  -1.093  0.0000E+00  0.2400E+02
  -1.083  0.0000E+00  0.2400E+02
  -1.073  0.0000E+00  0.2400E+02
  -1.063  0.0000E+00  0.2400E+02
  -1.053  0.0000E+00  0.2400E+02
  -1.043  0.0000E+00  0.2400E+02
  -1.033  0.0000E+00  0.2400E+02
  -1.023  0.0000E+00  0.2400E+02
  -1.013  0.0000E+00  0.2400E+02
  -1.003  0.0000E+00  0.2400E+02
  -0.993  0.0000E+00  0.2400E+02
  -0.983  0.0000E+00  0.2400E+02
  -0.973  0.0000E+00  0.2400E+02
  -0.963  0.0000E+00  0.2400E+02
  -0.953  0.0000E+00  0.2400E+02
  -0.943  0.0000E+00  0.2400E+02
  -0.933  0.0000E+00  0.2400E+02
  -0.923  0.0000E+00  0.2400E+02
  -0.913  0.0000E+00  0.2400E+02
  -0.903  0.0000E+00  0.2400E+02
  -0.893  0.0000E+00  0.2400E+02
  -0.883  0.0000E+00  0.2400E+02
  -0.873  0.0000E+00  0.2400E+02
  -0.863  0.0000E+00  0.2400E+02
  -0.853  0.0000E+00  0.2400E+02
  -0.843  0.0000E+00  0.2400E+02
  -0.833  0.0000E+00  0.2400E+02
  -0.823  0.0000E+00  0.2400E+02
  -0.813  0.0000E+00  0.2400E+02
  -0.803  0.0000E+00  0.2400E+02
  -0.793  0.0000E+00  0.2400E+02
  -0.783  0.0000E+00  0.2400E+02
  -0.773  0.0000E+00  0.2400E+02
  -0.763  0.0000E+00  0.2400E+02
  -0.753  0.0000E+00  0.2400E+02
  -0.743  0.0000E+00  0.2400E+02
  -0.733  0.0000E+00  0.2400E+02
  -0.723  0.0000E+00  0.2400E+02
  -0.713  0.0000E+00  0.2400E+02
  -0.703  0.0000E+00  0.2400E+02
  -0.693  0.0000E+00  0.2400E+02
  -0.683  0.2967E+00  0.2400E+02
  -0.673  0.1616E+01  0.2401E+02
  -0.663  0.2103E+01  0.2403E+02
  -0.653  0.2890E+01  0.2405E+02
  -0.643  0.3603E+01  0.2409E+02
  -0.633  0.4262E+01  0.2413E+02
  -0.623  0.5701E+01  0.2417E+02
  -0.613  0.1206E+02  0.2427E+02
  -0.603  0.1117E+02  0.2438E+02
  -0.593  0.1080E+02  0.2449E+02
  -0.583  0.1116E+02  0.2460E+02
  -0.573  0.1123E+02  0.2472E+02
  -0.563  0.1136E+02  0.2483E+02
  -0.553  0.1118E+02  0.2495E+02
  -0.543  0.1140E+02  0.2506E+02
  -0.533  0.1289E+02  0.2518E+02
  -0.523  0.1324E+02  0.2531E+02
  -0.513  0.1085E+02  0.2543E+02
  -0.503  0.9623E+01  0.2553E+02
  -0.493  0.9100E+01  0.2563E+02
  -0.483  0.8668E+01  0.2572E+02
  -0.473  0.8215E+01  0.2580E+02
  -0.463  0.7226E+01  0.2588E+02
  -0.453  0.6914E+01  0.2595E+02
  -0.443  0.7006E+01  0.2601E+02
  -0.433  0.6831E+01  0.2608E+02
  -0.423  0.6442E+01  0.2615E+02
  -0.413  0.5872E+01  0.2621E+02
  -0.403  0.5492E+01  0.2627E+02
  -0.393  0.5234E+01  0.2632E+02
  -0.383  0.5041E+01  0.2637E+02
  -0.373  0.4875E+01  0.2642E+02
  -0.363  0.4776E+01  0.2647E+02
  -0.353  0.4737E+01  0.2652E+02
  -0.343  0.4827E+01  0.2657E+02
  -0.333  0.5044E+01  0.2662E+02
  -0.323  0.5288E+01  0.2667E+02
  -0.313  0.5842E+01  0.2672E+02
  -0.303  0.7299E+01  0.2679E+02
  -0.293  0.9296E+01  0.2687E+02
  -0.283  0.9245E+01  0.2696E+02
  -0.273  0.8057E+01  0.2705E+02
  -0.263  0.7945E+01  0.2713E+02
  -0.253  0.8079E+01  0.2721E+02
  -0.243  0.7599E+01  0.2729E+02
  -0.233  0.7265E+01  0.2737E+02
  -0.223  0.7298E+01  0.2744E+02
  -0.213  0.7221E+01  0.2751E+02
  -0.203  0.7078E+01  0.2758E+02
  -0.193  0.7019E+01  0.2766E+02
  -0.183  0.6237E+01  0.2772E+02
  -0.173  0.6041E+01  0.2778E+02
  -0.163  0.5798E+01  0.2784E+02
  -0.153  0.6618E+01  0.2790E+02
  -0.143  0.5661E+01  0.2796E+02
  -0.133  0.5607E+01  0.2802E+02
  -0.123  0.5623E+01  0.2807E+02
  -0.113  0.5642E+01  0.2813E+02
  -0.103  0.5671E+01  0.2819E+02
  -0.093  0.6862E+01  0.2825E+02
  -0.083  0.7692E+01  0.2832E+02
  -0.073  0.7597E+01  0.2840E+02
  -0.063  0.8020E+01  0.2847E+02
  -0.053  0.8792E+01  0.2856E+02
  -0.043  0.8292E+01  0.2864E+02
  -0.033  0.9306E+01  0.2873E+02
  -0.023  0.1014E+02  0.2883E+02
  -0.013  0.1232E+02  0.2894E+02
  -0.003  0.1562E+02  0.2908E+02
   0.007  0.1352E+02  0.2923E+02
   0.017  0.7934E+01  0.2934E+02
   0.027  0.6019E+01  0.2941E+02
   0.037  0.4954E+01  0.2946E+02
   0.047  0.4644E+01  0.2951E+02
   0.057  0.4460E+01  0.2955E+02
   0.067  0.4354E+01  0.2960E+02
   0.077  0.4259E+01  0.2964E+02
   0.087  0.4120E+01  0.2968E+02
   0.097  0.3970E+01  0.2972E+02
   0.107  0.3851E+01  0.2976E+02
   0.117  0.3810E+01  0.2980E+02
   0.127  0.3886E+01  0.2984E+02
   0.137  0.4029E+01  0.2988E+02
   0.147  0.3911E+01  0.2992E+02
   0.157  0.3612E+01  0.2996E+02
   0.167  0.3196E+01  0.2999E+02
   0.177  0.2724E+01  0.3002E+02
   0.187  0.2190E+01  0.3005E+02
   0.197  0.1944E+01  0.3006E+02
   0.207  0.2206E+01  0.3009E+02
   0.217  0.2595E+01  0.3011E+02
   0.227  0.3055E+01  0.3014E+02
   0.237  0.3764E+01  0.3017E+02
   0.247  0.4820E+01  0.3021E+02
   0.257  0.5919E+01  0.3027E+02
   0.267  0.7065E+01  0.3033E+02
   0.277  0.8317E+01  0.3041E+02
   0.287  0.1040E+02  0.3050E+02
   0.297  0.1479E+02  0.3063E+02
   0.307  0.1379E+02  0.3077E+02
   0.317  0.1270E+02  0.3090E+02
   0.327  0.1148E+02  0.3103E+02
   0.337  0.1043E+02  0.3114E+02
   0.347  0.9150E+01  0.3123E+02
   0.357  0.7986E+01  0.3132E+02
   0.367  0.7240E+01  0.3139E+02
   0.377  0.6500E+01  0.3146E+02
   0.387  0.5798E+01  0.3152E+02
   0.397  0.5193E+01  0.3158E+02
   0.407  0.4581E+01  0.3163E+02
   0.417  0.4159E+01  0.3167E+02
   0.427  0.3952E+01  0.3171E+02
   0.437  0.3740E+01  0.3175E+02
   0.447  0.3635E+01  0.3179E+02
   0.457  0.3546E+01  0.3182E+02
   0.467  0.3374E+01  0.3186E+02
   0.477  0.3491E+01  0.3189E+02
   0.487  0.4224E+01  0.3193E+02
   0.497  0.5104E+01  0.3198E+02
   0.507  0.6722E+01  0.3204E+02
   0.517  0.1050E+02  0.3212E+02
   0.527  0.1130E+02  0.3223E+02
   0.537  0.1151E+02  0.3234E+02
   0.547  0.1220E+02  0.3246E+02
   0.557  0.1332E+02  0.3259E+02
   0.567  0.1601E+02  0.3273E+02
   0.577  0.1506E+02  0.3289E+02
   0.587  0.1465E+02  0.3304E+02
   0.597  0.1425E+02  0.3318E+02
   0.607  0.1415E+02  0.3332E+02
   0.617  0.1309E+02  0.3346E+02
   0.627  0.1133E+02  0.3358E+02
   0.637  0.1100E+02  0.3370E+02
   0.647  0.7901E+01  0.3379E+02
   0.657  0.1961E+01  0.3384E+02
   0.667  0.1103E+01  0.3385E+02
   0.677  0.9163E+00  0.3386E+02
   0.687  0.1250E+01  0.3387E+02
   0.697  0.1885E+01  0.3389E+02
   0.707  0.2098E+01  0.3391E+02
   0.717  0.2306E+01  0.3394E+02
   0.727  0.2422E+01  0.3396E+02
   0.737  0.2560E+01  0.3398E+02
   0.747  0.2628E+01  0.3401E+02
   0.757  0.2857E+01  0.3404E+02
   0.767  0.3291E+01  0.3407E+02
   0.777  0.3508E+01  0.3410E+02
   0.787  0.3800E+01  0.3414E+02
   0.797  0.5266E+01  0.3418E+02
   0.807  0.5899E+01  0.3424E+02
   0.817  0.5975E+01  0.3430E+02
   0.827  0.6062E+01  0.3436E+02
   0.837  0.6245E+01  0.3442E+02
   0.847  0.6506E+01  0.3449E+02
   0.857  0.6767E+01  0.3455E+02
   0.867  0.5956E+01  0.3461E+02
   0.877  0.5772E+01  0.3467E+02
   0.887  0.5819E+01  0.3473E+02
   0.897  0.5958E+01  0.3479E+02
   0.907  0.6189E+01  0.3485E+02
   0.917  0.6540E+01  0.3491E+02
   0.927  0.7426E+01  0.3498E+02
   0.937  0.8289E+01  0.3506E+02
   0.947  0.8958E+01  0.3515E+02
   0.957  0.9431E+01  0.3524E+02
   0.967  0.1074E+02  0.3534E+02
   0.977  0.1107E+02  0.3545E+02
   0.987  0.1082E+02  0.3556E+02
   0.997  0.1132E+02  0.3567E+02
   1.007  0.1113E+02  0.3578E+02
   1.017  0.1036E+02  0.3589E+02
   1.027  0.1012E+02  0.3599E+02
   1.037  0.1009E+02  0.3609E+02
   1.047  0.1019E+02  0.3619E+02
   1.057  0.1043E+02  0.3630E+02
   1.067  0.1093E+02  0.3640E+02
   1.077  0.1130E+02  0.3651E+02
   1.087  0.9345E+01  0.3662E+02
   1.097  0.1158E+02  0.3672E+02
   1.107  0.1729E+02  0.3686E+02
   1.117  0.1262E+02  0.3701E+02
   1.127  0.1068E+02  0.3713E+02
   1.137  0.9099E+01  0.3723E+02
   1.147  0.7556E+01  0.3731E+02
   1.157  0.6407E+01  0.3738E+02
   1.167  0.5818E+01  0.3744E+02
   1.177  0.5488E+01  0.3750E+02
   1.187  0.5203E+01  0.3755E+02
   1.197  0.4943E+01  0.3760E+02
   1.207  0.4694E+01  0.3765E+02
   1.217  0.4594E+01  0.3770E+02
   1.227  0.4549E+01  0.3774E+02
   1.237  0.4572E+01  0.3779E+02
   1.247  0.4999E+01  0.3783E+02
   1.257  0.5432E+01  0.3789E+02
   1.267  0.5997E+01  0.3794E+02
   1.277  0.7247E+01  0.3801E+02
   1.287  0.8050E+01  0.3809E+02
   1.297  0.7997E+01  0.3817E+02
   1.307  0.7298E+01  0.3824E+02
   1.317  0.7125E+01  0.3832E+02
   1.327  0.7199E+01  0.3839E+02
   1.337  0.7431E+01  0.3846E+02
   1.347  0.7695E+01  0.3854E+02
   1.357  0.8073E+01  0.3861E+02
   1.367  0.8684E+01  0.3870E+02
   1.377  0.9472E+01  0.3879E+02
   1.387  0.1044E+02  0.3889E+02
   1.397  0.1104E+02  0.3900E+02
   1.407  0.1206E+02  0.3911E+02
   1.417  0.1340E+02  0.3924E+02
   1.427  0.1401E+02  0.3938E+02
   1.437  0.1189E+02  0.3951E+02
   1.447  0.1112E+02  0.3962E+02
   1.457  0.9649E+01  0.3973E+02
   1.467  0.8508E+01  0.3982E+02
   1.477  0.6982E+01  0.3989E+02
   1.487  0.6242E+01  0.3996E+02
   1.497  0.5571E+01  0.4002E+02
   1.507  0.5310E+01  0.4007E+02
   1.517  0.5366E+01  0.4013E+02
   1.527  0.5627E+01  0.4018E+02
   1.537  0.6383E+01  0.4024E+02
   1.547  0.9467E+01  0.4032E+02
   1.557  0.1043E+02  0.4042E+02
   1.567  0.9682E+01  0.4052E+02
   1.577  0.9116E+01  0.4062E+02
   1.587  0.9168E+01  0.4071E+02
   1.597  0.9990E+01  0.4080E+02
   1.607  0.1040E+02  0.4091E+02
   1.617  0.1107E+02  0.4101E+02
   1.627  0.1192E+02  0.4113E+02
   1.637  0.1298E+02  0.4125E+02
   1.647  0.1372E+02  0.4139E+02
   1.657  0.1357E+02  0.4152E+02
   1.667  0.1317E+02  0.4166E+02
   1.677  0.1169E+02  0.4178E+02
   1.687  0.9324E+01  0.4189E+02
   1.697  0.4963E+01  0.4196E+02
   1.707  0.1719E+01  0.4199E+02
   1.717  0.4003E+00  0.4200E+02
   1.727  0.1686E+00  0.4200E+02
   1.737  0.5090E+00  0.4200E+02
   1.747  0.2806E+01  0.4202E+02
   1.757  0.4383E+01  0.4206E+02
   1.767  0.4733E+01  0.4210E+02
   1.777  0.7161E+01  0.4216E+02
   1.787  0.9776E+01  0.4224E+02
   1.797  0.9752E+01  0.4234E+02
   1.807  0.9588E+01  0.4244E+02
   1.817  0.9726E+01  0.4253E+02
   1.827  0.9638E+01  0.4263E+02
   1.837  0.9193E+01  0.4272E+02
   1.847  0.8789E+01  0.4281E+02
   1.857  0.8566E+01  0.4290E+02
   1.867  0.8461E+01  0.4299E+02
   1.877  0.8226E+01  0.4307E+02
   1.887  0.8089E+01  0.4315E+02
   1.897  0.7948E+01  0.4323E+02
   1.907  0.7772E+01  0.4331E+02
   1.917  0.7113E+01  0.4338E+02
   1.927  0.6207E+01  0.4345E+02
   1.937  0.5060E+01  0.4351E+02
   1.947  0.4245E+01  0.4355E+02
   1.957  0.4294E+01  0.4360E+02
   1.967  0.6394E+01  0.4365E+02
   1.977  0.6327E+01  0.4371E+02
   1.987  0.6178E+01  0.4378E+02
   1.997  0.5498E+01  0.4384E+02
   2.007  0.5161E+01  0.4389E+02
   2.017  0.4850E+01  0.4394E+02
   2.027  0.4694E+01  0.4399E+02
   2.037  0.4634E+01  0.4403E+02
   2.047  0.4626E+01  0.4408E+02
   2.057  0.4440E+01  0.4413E+02
   2.067  0.4453E+01  0.4417E+02
   2.077  0.4430E+01  0.4421E+02
   2.087  0.4418E+01  0.4426E+02
   2.097  0.4467E+01  0.4430E+02
   2.107  0.4443E+01  0.4435E+02
   2.117  0.4598E+01  0.4439E+02
   2.127  0.4753E+01  0.4444E+02
   2.137  0.4895E+01  0.4449E+02
   2.147  0.5088E+01  0.4454E+02
   2.157  0.5327E+01  0.4459E+02
   2.167  0.5642E+01  0.4464E+02
   2.177  0.5964E+01  0.4470E+02
   2.187  0.6568E+01  0.4476E+02
   2.197  0.6919E+01  0.4483E+02
   2.207  0.7350E+01  0.4490E+02
   2.217  0.7801E+01  0.4498E+02
   2.227  0.8492E+01  0.4506E+02
   2.237  0.9416E+01  0.4515E+02
   2.247  0.1179E+02  0.4526E+02
   2.257  0.1112E+02  0.4537E+02
   2.267  0.1099E+02  0.4548E+02
   2.277  0.1081E+02  0.4559E+02
   2.287  0.1009E+02  0.4570E+02
   2.297  0.9651E+01  0.4579E+02
   2.307  0.9510E+01  0.4589E+02
   2.317  0.8630E+01  0.4598E+02
   2.327  0.7895E+01  0.4606E+02
   2.337  0.6554E+01  0.4613E+02
   2.347  0.4539E+01  0.4619E+02
   2.357  0.4858E+01  0.4623E+02
   2.367  0.6130E+01  0.4629E+02
   2.377  0.7364E+01  0.4636E+02
   2.387  0.7363E+01  0.4643E+02
   2.397  0.6828E+01  0.4650E+02
   2.407  0.6608E+01  0.4657E+02
   2.417  0.6562E+01  0.4663E+02
   2.427  0.6650E+01  0.4670E+02
   2.437  0.6877E+01  0.4677E+02
   2.447  0.7422E+01  0.4684E+02
   2.457  0.8196E+01  0.4692E+02
   2.467  0.9348E+01  0.4700E+02
   2.477  0.1099E+02  0.4711E+02
   2.487  0.1207E+02  0.4722E+02
   2.497  0.1198E+02  0.4734E+02
   2.507  0.1255E+02  0.4747E+02
   2.517  0.1143E+02  0.4758E+02
   2.527  0.1195E+02  0.4770E+02
   2.537  0.1255E+02  0.4782E+02
   2.547  0.6128E+01  0.4792E+02
   2.557  0.2995E+01  0.4797E+02
   2.567  0.1738E+01  0.4799E+02
   2.577  0.2656E+00  0.4800E+02
