#  E (eV)   dos(E)     Int dos(E) EFermi =    2.581 eV
 -16.773  0.0000E+00  0.0000E+00
 -16.763  0.2265E+00  0.7611E-03
 -16.753  0.4289E+00  0.4509E-02
 -16.743  0.5368E+00  0.9186E-02
 -16.733  0.6864E+00  0.1532E-01
 -16.723  0.7593E+00  0.2261E-01
 -16.713  0.8229E+00  0.3050E-01
 -16.703  0.9090E+00  0.3916E-01
 -16.693  0.9974E+00  0.4868E-01
 -16.683  0.1081E+01  0.5909E-01
 -16.673  0.1135E+01  0.7019E-01
 -16.663  0.1196E+01  0.8185E-01
 -16.653  0.1253E+01  0.9409E-01
 -16.643  0.1323E+01  0.1070E+00
 -16.633  0.1398E+01  0.1206E+00
 -16.623  0.1465E+01  0.1349E+00
 -16.613  0.1527E+01  0.1499E+00
 -16.603  0.1577E+01  0.1654E+00
 -16.593  0.1635E+01  0.1814E+00
 -16.583  0.1697E+01  0.1981E+00
 -16.573  0.1761E+01  0.2154E+00
 -16.563  0.1827E+01  0.2333E+00
 -16.553  0.1892E+01  0.2519E+00
 -16.543  0.1960E+01  0.2712E+00
 -16.533  0.2028E+01  0.2911E+00
 -16.523  0.2089E+01  0.3117E+00
 -16.513  0.2151E+01  0.3329E+00
 -16.503  0.2216E+01  0.3547E+00
 -16.493  0.2285E+01  0.3772E+00
 -16.483  0.2364E+01  0.4005E+00
 -16.473  0.2445E+01  0.4245E+00
 -16.463  0.2528E+01  0.4494E+00
 -16.453  0.2609E+01  0.4751E+00
 -16.443  0.2693E+01  0.5016E+00
 -16.433  0.2773E+01  0.5289E+00
 -16.423  0.2870E+01  0.5571E+00
 -16.413  0.2974E+01  0.5863E+00
 -16.403  0.3085E+01  0.6166E+00
 -16.393  0.3205E+01  0.6480E+00
 -16.383  0.3332E+01  0.6807E+00
 -16.373  0.3467E+01  0.7147E+00
 -16.363  0.3623E+01  0.7501E+00
 -16.353  0.4138E+01  0.7887E+00
 -16.343  0.4186E+01  0.8297E+00
 -16.333  0.4385E+01  0.8725E+00
 -16.323  0.4598E+01  0.9174E+00
 -16.313  0.4865E+01  0.9647E+00
 -16.303  0.5296E+01  0.1015E+01
 -16.293  0.5917E+01  0.1071E+01
 -16.283  0.6631E+01  0.1135E+01
 -16.273  0.6827E+01  0.1202E+01
 -16.263  0.7031E+01  0.1271E+01
 -16.253  0.7681E+01  0.1344E+01
 -16.243  0.7938E+01  0.1422E+01
 -16.233  0.8631E+01  0.1505E+01
 -16.223  0.9784E+01  0.1597E+01
 -16.213  0.1191E+02  0.1701E+01
 -16.203  0.8087E+01  0.1795E+01
 -16.193  0.6785E+01  0.1871E+01
 -16.183  0.5507E+01  0.1935E+01
 -16.173  0.2702E+01  0.1971E+01
 -16.163  0.1964E+01  0.1993E+01
 -16.153  0.1551E+01  0.2011E+01
 -16.143  0.1249E+01  0.2025E+01
 -16.133  0.1042E+01  0.2036E+01
 -16.123  0.9447E+00  0.2046E+01
 -16.113  0.8740E+00  0.2055E+01
 -16.103  0.8530E+00  0.2063E+01
 -16.093  0.8501E+00  0.2072E+01
 -16.083  0.8610E+00  0.2081E+01
 -16.073  0.8865E+00  0.2089E+01
 -16.063  0.9201E+00  0.2098E+01
 -16.053  0.9572E+00  0.2108E+01
 -16.043  0.9943E+00  0.2117E+01
 -16.033  0.1048E+01  0.2128E+01
 -16.023  0.1108E+01  0.2138E+01
 -16.013  0.1170E+01  0.2150E+01
 -16.003  0.1235E+01  0.2162E+01
 -15.993  0.1303E+01  0.2175E+01
 -15.983  0.1376E+01  0.2188E+01
 -15.973  0.1464E+01  0.2202E+01
 -15.963  0.1572E+01  0.2217E+01
 -15.953  0.1694E+01  0.2234E+01
 -15.943  0.1820E+01  0.2251E+01
 -15.933  0.1956E+01  0.2270E+01
 -15.923  0.2173E+01  0.2291E+01
 -15.913  0.2359E+01  0.2313E+01
 -15.903  0.2540E+01  0.2338E+01
 -15.893  0.2730E+01  0.2364E+01
 -15.883  0.2968E+01  0.2393E+01
 -15.873  0.3243E+01  0.2424E+01
 -15.863  0.3553E+01  0.2458E+01
 -15.853  0.3909E+01  0.2495E+01
 -15.843  0.4412E+01  0.2536E+01
 -15.833  0.5030E+01  0.2583E+01
 -15.823  0.5742E+01  0.2637E+01
 -15.813  0.6937E+01  0.2701E+01
 -15.803  0.8627E+01  0.2777E+01
 -15.793  0.1275E+02  0.2882E+01
 -15.783  0.1455E+02  0.3028E+01
 -15.773  0.1072E+02  0.3162E+01
 -15.763  0.7594E+01  0.3250E+01
 -15.753  0.6334E+01  0.3320E+01
 -15.743  0.5179E+01  0.3376E+01
 -15.733  0.4546E+01  0.3425E+01
 -15.723  0.4017E+01  0.3467E+01
 -15.713  0.3628E+01  0.3505E+01
 -15.703  0.3322E+01  0.3540E+01
 -15.693  0.3052E+01  0.3572E+01
 -15.683  0.2831E+01  0.3601E+01
 -15.673  0.2612E+01  0.3629E+01
 -15.663  0.2406E+01  0.3654E+01
 -15.653  0.2179E+01  0.3677E+01
 -15.643  0.2040E+01  0.3698E+01
 -15.633  0.1908E+01  0.3717E+01
 -15.623  0.1780E+01  0.3736E+01
 -15.613  0.1657E+01  0.3753E+01
 -15.603  0.1553E+01  0.3769E+01
 -15.593  0.1470E+01  0.3784E+01
 -15.583  0.1397E+01  0.3798E+01
 -15.573  0.1335E+01  0.3812E+01
 -15.563  0.1267E+01  0.3825E+01
 -15.553  0.1201E+01  0.3837E+01
 -15.543  0.1140E+01  0.3849E+01
 -15.533  0.1088E+01  0.3860E+01
 -15.523  0.1039E+01  0.3871E+01
 -15.513  0.9890E+00  0.3881E+01
 -15.503  0.9468E+00  0.3891E+01
 -15.493  0.9108E+00  0.3900E+01
 -15.483  0.8839E+00  0.3909E+01
 -15.473  0.8663E+00  0.3918E+01
 -15.463  0.8604E+00  0.3926E+01
 -15.453  0.8650E+00  0.3935E+01
 -15.443  0.8735E+00  0.3944E+01
 -15.433  0.9568E+00  0.3953E+01
 -15.423  0.9829E+00  0.3962E+01
 -15.413  0.9941E+00  0.3972E+01
 -15.403  0.1019E+01  0.3982E+01
 -15.393  0.1065E+01  0.3993E+01
 -15.383  0.1129E+01  0.4004E+01
 -15.373  0.1209E+01  0.4015E+01
 -15.363  0.1317E+01  0.4028E+01
 -15.353  0.1455E+01  0.4042E+01
 -15.343  0.1628E+01  0.4057E+01
 -15.333  0.2039E+01  0.4075E+01
 -15.323  0.2229E+01  0.4097E+01
 -15.313  0.2518E+01  0.4120E+01
 -15.303  0.3055E+01  0.4148E+01
 -15.293  0.3357E+01  0.4180E+01
 -15.283  0.3592E+01  0.4215E+01
 -15.273  0.3787E+01  0.4252E+01
 -15.263  0.4173E+01  0.4292E+01
 -15.253  0.4616E+01  0.4336E+01
 -15.243  0.5039E+01  0.4384E+01
 -15.233  0.5961E+01  0.4438E+01
 -15.223  0.7351E+01  0.4504E+01
 -15.213  0.1118E+02  0.4593E+01
 -15.203  0.1707E+02  0.4733E+01
 -15.193  0.1685E+02  0.4905E+01
 -15.183  0.1128E+02  0.5039E+01
 -15.173  0.5704E+01  0.5112E+01
 -15.163  0.4793E+01  0.5164E+01
 -15.153  0.4221E+01  0.5209E+01
 -15.143  0.3763E+01  0.5248E+01
 -15.133  0.3434E+01  0.5284E+01
 -15.123  0.3210E+01  0.5317E+01
 -15.113  0.3015E+01  0.5349E+01
 -15.103  0.2840E+01  0.5378E+01
 -15.093  0.2683E+01  0.5405E+01
 -15.083  0.2532E+01  0.5431E+01
 -15.073  0.2428E+01  0.5456E+01
 -15.063  0.2334E+01  0.5480E+01
 -15.053  0.2244E+01  0.5503E+01
 -15.043  0.2158E+01  0.5525E+01
 -15.033  0.2073E+01  0.5546E+01
 -15.023  0.1992E+01  0.5566E+01
 -15.013  0.1918E+01  0.5586E+01
 -15.003  0.1857E+01  0.5605E+01
 -14.993  0.1799E+01  0.5623E+01
 -14.983  0.1743E+01  0.5641E+01
 -14.973  0.1688E+01  0.5658E+01
 -14.963  0.1632E+01  0.5675E+01
 -14.953  0.1576E+01  0.5691E+01
 -14.943  0.1518E+01  0.5706E+01
 -14.933  0.1472E+01  0.5721E+01
 -14.923  0.1428E+01  0.5736E+01
 -14.913  0.1385E+01  0.5750E+01
 -14.903  0.1342E+01  0.5763E+01
 -14.893  0.1299E+01  0.5776E+01
 -14.883  0.1257E+01  0.5789E+01
 -14.873  0.1216E+01  0.5802E+01
 -14.863  0.1178E+01  0.5814E+01
 -14.853  0.1146E+01  0.5825E+01
 -14.843  0.1110E+01  0.5836E+01
 -14.833  0.1072E+01  0.5847E+01
 -14.823  0.1032E+01  0.5858E+01
 -14.813  0.9914E+00  0.5868E+01
 -14.803  0.9519E+00  0.5878E+01
 -14.793  0.9172E+00  0.5887E+01
 -14.783  0.8854E+00  0.5896E+01
 -14.773  0.8542E+00  0.5905E+01
 -14.763  0.8254E+00  0.5913E+01
 -14.753  0.7930E+00  0.5921E+01
 -14.743  0.7560E+00  0.5929E+01
 -14.733  0.7268E+00  0.5936E+01
 -14.723  0.6879E+00  0.5943E+01
 -14.713  0.6496E+00  0.5950E+01
 -14.703  0.6114E+00  0.5956E+01
 -14.693  0.5739E+00  0.5962E+01
 -14.683  0.5455E+00  0.5968E+01
 -14.673  0.6273E+01  0.5984E+01
 -14.663  0.2002E+02  0.6159E+01
 -14.653  0.2185E+02  0.6365E+01
 -14.643  0.1059E+03  0.6807E+01
 -14.633  0.3024E+02  0.7308E+01
 -14.623  0.3148E+02  0.7609E+01
 -14.613  0.5414E+02  0.8003E+01
 -14.603  0.6599E+02  0.8622E+01
 -14.593  0.5441E+02  0.9152E+01
 -14.583  0.4436E+02  0.9619E+01
 -14.573  0.9198E+02  0.1034E+02
 -14.563  0.5212E+02  0.1115E+02
 -14.553  0.2954E+02  0.1153E+02
 -14.543  0.1879E+02  0.1178E+02
 -14.533  0.1010E+02  0.1191E+02
 -14.523  0.4401E+01  0.1199E+02
 -14.513  0.0000E+00  0.1200E+02
 -14.503  0.0000E+00  0.1200E+02
 -14.493  0.0000E+00  0.1200E+02
 -14.483  0.0000E+00  0.1200E+02
 -14.473  0.0000E+00  0.1200E+02
 -14.463  0.0000E+00  0.1200E+02
 -14.453  0.0000E+00  0.1200E+02
 -14.443  0.0000E+00  0.1200E+02
 -14.433  0.0000E+00  0.1200E+02
 -14.423  0.0000E+00  0.1200E+02
 -14.413  0.0000E+00  0.1200E+02
 -14.403  0.0000E+00  0.1200E+02
 -14.393  0.0000E+00  0.1200E+02
 -14.383  0.0000E+00  0.1200E+02
 -14.373  0.0000E+00  0.1200E+02
 -14.363  0.0000E+00  0.1200E+02
 -14.353  0.0000E+00  0.1200E+02
 -14.343  0.0000E+00  0.1200E+02
 -14.333  0.0000E+00  0.1200E+02
 -14.323  0.0000E+00  0.1200E+02
 -14.313  0.0000E+00  0.1200E+02
 -14.303  0.0000E+00  0.1200E+02
 -14.293  0.0000E+00  0.1200E+02
 -14.283  0.0000E+00  0.1200E+02
 -14.273  0.0000E+00  0.1200E+02
 -14.263  0.0000E+00  0.1200E+02
 -14.253  0.0000E+00  0.1200E+02
 -14.243  0.0000E+00  0.1200E+02
 -14.233  0.0000E+00  0.1200E+02
 -14.223  0.0000E+00  0.1200E+02
 -14.213  0.0000E+00  0.1200E+02
 -14.203  0.0000E+00  0.1200E+02
 -14.193  0.0000E+00  0.1200E+02
 -14.183  0.0000E+00  0.1200E+02
 -14.173  0.0000E+00  0.1200E+02
 -14.163  0.0000E+00  0.1200E+02
 -14.153  0.0000E+00  0.1200E+02
 -14.143  0.0000E+00  0.1200E+02
 -14.133  0.0000E+00  0.1200E+02
 -14.123  0.0000E+00  0.1200E+02
 -14.113  0.0000E+00  0.1200E+02
 -14.103  0.0000E+00  0.1200E+02
 -14.093  0.0000E+00  0.1200E+02
 -14.083  0.0000E+00  0.1200E+02
 -14.073  0.0000E+00  0.1200E+02
 -14.063  0.0000E+00  0.1200E+02
 -14.053  0.0000E+00  0.1200E+02
 -14.043  0.0000E+00  0.1200E+02
 -14.033  0.0000E+00  0.1200E+02
 -14.023  0.0000E+00  0.1200E+02
 -14.013  0.0000E+00  0.1200E+02
 -14.003  0.0000E+00  0.1200E+02
 -13.993  0.0000E+00  0.1200E+02
 -13.983  0.0000E+00  0.1200E+02
 -13.973  0.0000E+00  0.1200E+02
 -13.963  0.0000E+00  0.1200E+02
 -13.953  0.0000E+00  0.1200E+02
 -13.943  0.0000E+00  0.1200E+02
 -13.933  0.0000E+00  0.1200E+02
 -13.923  0.0000E+00  0.1200E+02
 -13.913  0.0000E+00  0.1200E+02
 -13.903  0.0000E+00  0.1200E+02
 -13.893  0.0000E+00  0.1200E+02
 -13.883  0.0000E+00  0.1200E+02
 -13.873  0.0000E+00  0.1200E+02
 -13.863  0.0000E+00  0.1200E+02
 -13.853  0.0000E+00  0.1200E+02
 -13.843  0.0000E+00  0.1200E+02
 -13.833  0.0000E+00  0.1200E+02
 -13.823  0.0000E+00  0.1200E+02
 -13.813  0.0000E+00  0.1200E+02
 -13.803  0.0000E+00  0.1200E+02
 -13.793  0.0000E+00  0.1200E+02
 -13.783  0.0000E+00  0.1200E+02
 -13.773  0.0000E+00  0.1200E+02
 -13.763  0.0000E+00  0.1200E+02
 -13.753  0.0000E+00  0.1200E+02
 -13.743  0.0000E+00  0.1200E+02
 -13.733  0.0000E+00  0.1200E+02
 -13.723  0.0000E+00  0.1200E+02
 -13.713  0.0000E+00  0.1200E+02
 -13.703  0.0000E+00  0.1200E+02
 -13.693  0.0000E+00  0.1200E+02
 -13.683  0.0000E+00  0.1200E+02
 -13.673  0.0000E+00  0.1200E+02
 -13.663  0.0000E+00  0.1200E+02
 -13.653  0.0000E+00  0.1200E+02
 -13.643  0.0000E+00  0.1200E+02
 -13.633  0.0000E+00  0.1200E+02
 -13.623  0.0000E+00  0.1200E+02
 -13.613  0.0000E+00  0.1200E+02
 -13.603  0.0000E+00  0.1200E+02
 -13.593  0.0000E+00  0.1200E+02
 -13.583  0.0000E+00  0.1200E+02
 -13.573  0.0000E+00  0.1200E+02
 -13.563  0.0000E+00  0.1200E+02
 -13.553  0.0000E+00  0.1200E+02
 -13.543  0.0000E+00  0.1200E+02
 -13.533  0.0000E+00  0.1200E+02
 -13.523  0.0000E+00  0.1200E+02
 -13.513  0.0000E+00  0.1200E+02
 -13.503  0.0000E+00  0.1200E+02
 -13.493  0.0000E+00  0.1200E+02
 -13.483  0.0000E+00  0.1200E+02
 -13.473  0.0000E+00  0.1200E+02
 -13.463  0.0000E+00  0.1200E+02
 -13.453  0.0000E+00  0.1200E+02
 -13.443  0.0000E+00  0.1200E+02
 -13.433  0.0000E+00  0.1200E+02
 -13.423  0.0000E+00  0.1200E+02
 -13.413  0.0000E+00  0.1200E+02
 -13.403  0.0000E+00  0.1200E+02
 -13.393  0.0000E+00  0.1200E+02
 -13.383  0.0000E+00  0.1200E+02
 -13.373  0.0000E+00  0.1200E+02
 -13.363  0.0000E+00  0.1200E+02
 -13.353  0.0000E+00  0.1200E+02
 -13.343  0.0000E+00  0.1200E+02
 -13.333  0.0000E+00  0.1200E+02
 -13.323  0.0000E+00  0.1200E+02
 -13.313  0.0000E+00  0.1200E+02
 -13.303  0.0000E+00  0.1200E+02
 -13.293  0.0000E+00  0.1200E+02
 -13.283  0.0000E+00  0.1200E+02
 -13.273  0.0000E+00  0.1200E+02
 -13.263  0.0000E+00  0.1200E+02
 -13.253  0.0000E+00  0.1200E+02
 -13.243  0.0000E+00  0.1200E+02
 -13.233  0.0000E+00  0.1200E+02
 -13.223  0.0000E+00  0.1200E+02
 -13.213  0.0000E+00  0.1200E+02
 -13.203  0.0000E+00  0.1200E+02
 -13.193  0.0000E+00  0.1200E+02
 -13.183  0.0000E+00  0.1200E+02
 -13.173  0.0000E+00  0.1200E+02
 -13.163  0.0000E+00  0.1200E+02
 -13.153  0.0000E+00  0.1200E+02
 -13.143  0.0000E+00  0.1200E+02
 -13.133  0.0000E+00  0.1200E+02
 -13.123  0.0000E+00  0.1200E+02
 -13.113  0.0000E+00  0.1200E+02
 -13.103  0.0000E+00  0.1200E+02
 -13.093  0.0000E+00  0.1200E+02
 -13.083  0.0000E+00  0.1200E+02
 -13.073  0.0000E+00  0.1200E+02
 -13.063  0.0000E+00  0.1200E+02
 -13.053  0.0000E+00  0.1200E+02
 -13.043  0.0000E+00  0.1200E+02
 -13.033  0.0000E+00  0.1200E+02
 -13.023  0.0000E+00  0.1200E+02
 -13.013  0.0000E+00  0.1200E+02
 -13.003  0.0000E+00  0.1200E+02
 -12.993  0.0000E+00  0.1200E+02
 -12.983  0.0000E+00  0.1200E+02
 -12.973  0.0000E+00  0.1200E+02
 -12.963  0.0000E+00  0.1200E+02
 -12.953  0.0000E+00  0.1200E+02
 -12.943  0.0000E+00  0.1200E+02
 -12.933  0.0000E+00  0.1200E+02
 -12.923  0.0000E+00  0.1200E+02
 -12.913  0.0000E+00  0.1200E+02
 -12.903  0.0000E+00  0.1200E+02
 -12.893  0.0000E+00  0.1200E+02
 -12.883  0.0000E+00  0.1200E+02
 -12.873  0.0000E+00  0.1200E+02
 -12.863  0.0000E+00  0.1200E+02
 -12.853  0.0000E+00  0.1200E+02
 -12.843  0.0000E+00  0.1200E+02
 -12.833  0.0000E+00  0.1200E+02
 -12.823  0.0000E+00  0.1200E+02
 -12.813  0.0000E+00  0.1200E+02
 -12.803  0.0000E+00  0.1200E+02
 -12.793  0.0000E+00  0.1200E+02
 -12.783  0.0000E+00  0.1200E+02
 -12.773  0.0000E+00  0.1200E+02
 -12.763  0.0000E+00  0.1200E+02
 -12.753  0.0000E+00  0.1200E+02
 -12.743  0.0000E+00  0.1200E+02
 -12.733  0.0000E+00  0.1200E+02
 -12.723  0.0000E+00  0.1200E+02
 -12.713  0.0000E+00  0.1200E+02
 -12.703  0.0000E+00  0.1200E+02
 -12.693  0.0000E+00  0.1200E+02
 -12.683  0.0000E+00  0.1200E+02
 -12.673  0.0000E+00  0.1200E+02
 -12.663  0.0000E+00  0.1200E+02
 -12.653  0.0000E+00  0.1200E+02
 -12.643  0.0000E+00  0.1200E+02
 -12.633  0.0000E+00  0.1200E+02
 -12.623  0.0000E+00  0.1200E+02
 -12.613  0.0000E+00  0.1200E+02
 -12.603  0.0000E+00  0.1200E+02
 -12.593  0.0000E+00  0.1200E+02
 -12.583  0.0000E+00  0.1200E+02
 -12.573  0.0000E+00  0.1200E+02
 -12.563  0.0000E+00  0.1200E+02
 -12.553  0.0000E+00  0.1200E+02
 -12.543  0.0000E+00  0.1200E+02
 -12.533  0.0000E+00  0.1200E+02
 -12.523  0.0000E+00  0.1200E+02
 -12.513  0.0000E+00  0.1200E+02
 -12.503  0.0000E+00  0.1200E+02
 -12.493  0.0000E+00  0.1200E+02
 -12.483  0.0000E+00  0.1200E+02
 -12.473  0.0000E+00  0.1200E+02
 -12.463  0.0000E+00  0.1200E+02
 -12.453  0.0000E+00  0.1200E+02
 -12.443  0.0000E+00  0.1200E+02
 -12.433  0.0000E+00  0.1200E+02
 -12.423  0.0000E+00  0.1200E+02
 -12.413  0.0000E+00  0.1200E+02
 -12.403  0.0000E+00  0.1200E+02
 -12.393  0.0000E+00  0.1200E+02
 -12.383  0.0000E+00  0.1200E+02
 -12.373  0.0000E+00  0.1200E+02
 -12.363  0.0000E+00  0.1200E+02
 -12.353  0.0000E+00  0.1200E+02
 -12.343  0.0000E+00  0.1200E+02
 -12.333  0.0000E+00  0.1200E+02
 -12.323  0.0000E+00  0.1200E+02
 -12.313  0.0000E+00  0.1200E+02
 -12.303  0.0000E+00  0.1200E+02
 -12.293  0.0000E+00  0.1200E+02
 -12.283  0.0000E+00  0.1200E+02
 -12.273  0.0000E+00  0.1200E+02
 -12.263  0.0000E+00  0.1200E+02
 -12.253  0.0000E+00  0.1200E+02
 -12.243  0.0000E+00  0.1200E+02
 -12.233  0.0000E+00  0.1200E+02
 -12.223  0.0000E+00  0.1200E+02
 -12.213  0.0000E+00  0.1200E+02
 -12.203  0.0000E+00  0.1200E+02
 -12.193  0.0000E+00  0.1200E+02
 -12.183  0.0000E+00  0.1200E+02
 -12.173  0.0000E+00  0.1200E+02
 -12.163  0.0000E+00  0.1200E+02
 -12.153  0.0000E+00  0.1200E+02
 -12.143  0.0000E+00  0.1200E+02
 -12.133  0.0000E+00  0.1200E+02
 -12.123  0.0000E+00  0.1200E+02
 -12.113  0.0000E+00  0.1200E+02
 -12.103  0.0000E+00  0.1200E+02
 -12.093  0.0000E+00  0.1200E+02
 -12.083  0.0000E+00  0.1200E+02
 -12.073  0.0000E+00  0.1200E+02
 -12.063  0.0000E+00  0.1200E+02
 -12.053  0.0000E+00  0.1200E+02
 -12.043  0.0000E+00  0.1200E+02
 -12.033  0.0000E+00  0.1200E+02
 -12.023  0.0000E+00  0.1200E+02
 -12.013  0.0000E+00  0.1200E+02
 -12.003  0.0000E+00  0.1200E+02
 -11.993  0.0000E+00  0.1200E+02
 -11.983  0.0000E+00  0.1200E+02
 -11.973  0.0000E+00  0.1200E+02
 -11.963  0.0000E+00  0.1200E+02
 -11.953  0.0000E+00  0.1200E+02
 -11.943  0.0000E+00  0.1200E+02
 -11.933  0.0000E+00  0.1200E+02
 -11.923  0.0000E+00  0.1200E+02
 -11.913  0.0000E+00  0.1200E+02
 -11.903  0.0000E+00  0.1200E+02
 -11.893  0.0000E+00  0.1200E+02
 -11.883  0.0000E+00  0.1200E+02
 -11.873  0.0000E+00  0.1200E+02
 -11.863  0.0000E+00  0.1200E+02
 -11.853  0.0000E+00  0.1200E+02
 -11.843  0.0000E+00  0.1200E+02
 -11.833  0.0000E+00  0.1200E+02
 -11.823  0.0000E+00  0.1200E+02
 -11.813  0.0000E+00  0.1200E+02
 -11.803  0.0000E+00  0.1200E+02
 -11.793  0.0000E+00  0.1200E+02
 -11.783  0.0000E+00  0.1200E+02
 -11.773  0.0000E+00  0.1200E+02
 -11.763  0.0000E+00  0.1200E+02
 -11.753  0.0000E+00  0.1200E+02
 -11.743  0.0000E+00  0.1200E+02
 -11.733  0.0000E+00  0.1200E+02
 -11.723  0.0000E+00  0.1200E+02
 -11.713  0.0000E+00  0.1200E+02
 -11.703  0.0000E+00  0.1200E+02
 -11.693  0.0000E+00  0.1200E+02
 -11.683  0.0000E+00  0.1200E+02
 -11.673  0.0000E+00  0.1200E+02
 -11.663  0.0000E+00  0.1200E+02
 -11.653  0.0000E+00  0.1200E+02
 -11.643  0.0000E+00  0.1200E+02
 -11.633  0.0000E+00  0.1200E+02
 -11.623  0.0000E+00  0.1200E+02
 -11.613  0.0000E+00  0.1200E+02
 -11.603  0.0000E+00  0.1200E+02
 -11.593  0.0000E+00  0.1200E+02
 -11.583  0.0000E+00  0.1200E+02
 -11.573  0.0000E+00  0.1200E+02
 -11.563  0.0000E+00  0.1200E+02
 -11.553  0.0000E+00  0.1200E+02
 -11.543  0.0000E+00  0.1200E+02
 -11.533  0.0000E+00  0.1200E+02
 -11.523  0.0000E+00  0.1200E+02
 -11.513  0.0000E+00  0.1200E+02
 -11.503  0.0000E+00  0.1200E+02
 -11.493  0.0000E+00  0.1200E+02
 -11.483  0.0000E+00  0.1200E+02
 -11.473  0.0000E+00  0.1200E+02
 -11.463  0.0000E+00  0.1200E+02
 -11.453  0.0000E+00  0.1200E+02
 -11.443  0.0000E+00  0.1200E+02
 -11.433  0.0000E+00  0.1200E+02
 -11.423  0.0000E+00  0.1200E+02
 -11.413  0.0000E+00  0.1200E+02
 -11.403  0.0000E+00  0.1200E+02
 -11.393  0.0000E+00  0.1200E+02
 -11.383  0.0000E+00  0.1200E+02
 -11.373  0.0000E+00  0.1200E+02
 -11.363  0.0000E+00  0.1200E+02
 -11.353  0.0000E+00  0.1200E+02
 -11.343  0.0000E+00  0.1200E+02
 -11.333  0.0000E+00  0.1200E+02
 -11.323  0.0000E+00  0.1200E+02
 -11.313  0.0000E+00  0.1200E+02
 -11.303  0.0000E+00  0.1200E+02
 -11.293  0.0000E+00  0.1200E+02
 -11.283  0.0000E+00  0.1200E+02
 -11.273  0.0000E+00  0.1200E+02
 -11.263  0.0000E+00  0.1200E+02
 -11.253  0.0000E+00  0.1200E+02
 -11.243  0.0000E+00  0.1200E+02
 -11.233  0.0000E+00  0.1200E+02
 -11.223  0.0000E+00  0.1200E+02
 -11.213  0.0000E+00  0.1200E+02
 -11.203  0.0000E+00  0.1200E+02
 -11.193  0.0000E+00  0.1200E+02
 -11.183  0.0000E+00  0.1200E+02
 -11.173  0.0000E+00  0.1200E+02
 -11.163  0.0000E+00  0.1200E+02
 -11.153  0.0000E+00  0.1200E+02
 -11.143  0.0000E+00  0.1200E+02
 -11.133  0.0000E+00  0.1200E+02
 -11.123  0.0000E+00  0.1200E+02
 -11.113  0.0000E+00  0.1200E+02
 -11.103  0.0000E+00  0.1200E+02
 -11.093  0.0000E+00  0.1200E+02
 -11.083  0.0000E+00  0.1200E+02
 -11.073  0.0000E+00  0.1200E+02
 -11.063  0.0000E+00  0.1200E+02
 -11.053  0.0000E+00  0.1200E+02
 -11.043  0.0000E+00  0.1200E+02
 -11.033  0.0000E+00  0.1200E+02
 -11.023  0.0000E+00  0.1200E+02
 -11.013  0.0000E+00  0.1200E+02
 -11.003  0.0000E+00  0.1200E+02
 -10.993  0.0000E+00  0.1200E+02
 -10.983  0.0000E+00  0.1200E+02
 -10.973  0.0000E+00  0.1200E+02
 -10.963  0.0000E+00  0.1200E+02
 -10.953  0.0000E+00  0.1200E+02
 -10.943  0.0000E+00  0.1200E+02
 -10.933  0.0000E+00  0.1200E+02
 -10.923  0.0000E+00  0.1200E+02
 -10.913  0.0000E+00  0.1200E+02
 -10.903  0.0000E+00  0.1200E+02
 -10.893  0.0000E+00  0.1200E+02
 -10.883  0.0000E+00  0.1200E+02
 -10.873  0.0000E+00  0.1200E+02
 -10.863  0.0000E+00  0.1200E+02
 -10.853  0.0000E+00  0.1200E+02
 -10.843  0.0000E+00  0.1200E+02
 -10.833  0.0000E+00  0.1200E+02
 -10.823  0.0000E+00  0.1200E+02
 -10.813  0.0000E+00  0.1200E+02
 -10.803  0.0000E+00  0.1200E+02
 -10.793  0.0000E+00  0.1200E+02
 -10.783  0.0000E+00  0.1200E+02
 -10.773  0.0000E+00  0.1200E+02
 -10.763  0.0000E+00  0.1200E+02
 -10.753  0.0000E+00  0.1200E+02
 -10.743  0.0000E+00  0.1200E+02
 -10.733  0.0000E+00  0.1200E+02
 -10.723  0.0000E+00  0.1200E+02
 -10.713  0.0000E+00  0.1200E+02
 -10.703  0.0000E+00  0.1200E+02
 -10.693  0.0000E+00  0.1200E+02
 -10.683  0.0000E+00  0.1200E+02
 -10.673  0.0000E+00  0.1200E+02
 -10.663  0.0000E+00  0.1200E+02
 -10.653  0.0000E+00  0.1200E+02
 -10.643  0.0000E+00  0.1200E+02
 -10.633  0.0000E+00  0.1200E+02
 -10.623  0.0000E+00  0.1200E+02
 -10.613  0.0000E+00  0.1200E+02
 -10.603  0.0000E+00  0.1200E+02
 -10.593  0.0000E+00  0.1200E+02
 -10.583  0.0000E+00  0.1200E+02
 -10.573  0.0000E+00  0.1200E+02
 -10.563  0.0000E+00  0.1200E+02
 -10.553  0.0000E+00  0.1200E+02
 -10.543  0.0000E+00  0.1200E+02
 -10.533  0.0000E+00  0.1200E+02
 -10.523  0.0000E+00  0.1200E+02
 -10.513  0.0000E+00  0.1200E+02
 -10.503  0.0000E+00  0.1200E+02
 -10.493  0.0000E+00  0.1200E+02
 -10.483  0.0000E+00  0.1200E+02
 -10.473  0.0000E+00  0.1200E+02
 -10.463  0.0000E+00  0.1200E+02
 -10.453  0.0000E+00  0.1200E+02
 -10.443  0.0000E+00  0.1200E+02
 -10.433  0.0000E+00  0.1200E+02
 -10.423  0.0000E+00  0.1200E+02
 -10.413  0.0000E+00  0.1200E+02
 -10.403  0.0000E+00  0.1200E+02
 -10.393  0.0000E+00  0.1200E+02
 -10.383  0.0000E+00  0.1200E+02
 -10.373  0.0000E+00  0.1200E+02
 -10.363  0.0000E+00  0.1200E+02
 -10.353  0.0000E+00  0.1200E+02
 -10.343  0.0000E+00  0.1200E+02
 -10.333  0.0000E+00  0.1200E+02
 -10.323  0.0000E+00  0.1200E+02
 -10.313  0.0000E+00  0.1200E+02
 -10.303  0.0000E+00  0.1200E+02
 -10.293  0.0000E+00  0.1200E+02
 -10.283  0.0000E+00  0.1200E+02
 -10.273  0.0000E+00  0.1200E+02
 -10.263  0.0000E+00  0.1200E+02
 -10.253  0.0000E+00  0.1200E+02
 -10.243  0.0000E+00  0.1200E+02
 -10.233  0.0000E+00  0.1200E+02
 -10.223  0.0000E+00  0.1200E+02
 -10.213  0.0000E+00  0.1200E+02
 -10.203  0.0000E+00  0.1200E+02
 -10.193  0.0000E+00  0.1200E+02
 -10.183  0.0000E+00  0.1200E+02
 -10.173  0.0000E+00  0.1200E+02
 -10.163  0.0000E+00  0.1200E+02
 -10.153  0.0000E+00  0.1200E+02
 -10.143  0.0000E+00  0.1200E+02
 -10.133  0.0000E+00  0.1200E+02
 -10.123  0.0000E+00  0.1200E+02
 -10.113  0.0000E+00  0.1200E+02
 -10.103  0.0000E+00  0.1200E+02
 -10.093  0.0000E+00  0.1200E+02
 -10.083  0.0000E+00  0.1200E+02
 -10.073  0.0000E+00  0.1200E+02
 -10.063  0.0000E+00  0.1200E+02
 -10.053  0.0000E+00  0.1200E+02
 -10.043  0.0000E+00  0.1200E+02
 -10.033  0.0000E+00  0.1200E+02
 -10.023  0.0000E+00  0.1200E+02
 -10.013  0.0000E+00  0.1200E+02
 -10.003  0.0000E+00  0.1200E+02
  -9.993  0.0000E+00  0.1200E+02
  -9.983  0.0000E+00  0.1200E+02
  -9.973  0.0000E+00  0.1200E+02
  -9.963  0.0000E+00  0.1200E+02
  -9.953  0.0000E+00  0.1200E+02
  -9.943  0.0000E+00  0.1200E+02
  -9.933  0.0000E+00  0.1200E+02
  -9.923  0.0000E+00  0.1200E+02
  -9.913  0.0000E+00  0.1200E+02
  -9.903  0.0000E+00  0.1200E+02
  -9.893  0.0000E+00  0.1200E+02
  -9.883  0.0000E+00  0.1200E+02
  -9.873  0.0000E+00  0.1200E+02
  -9.863  0.0000E+00  0.1200E+02
  -9.853  0.0000E+00  0.1200E+02
  -9.843  0.0000E+00  0.1200E+02
  -9.833  0.0000E+00  0.1200E+02
  -9.823  0.0000E+00  0.1200E+02
  -9.813  0.0000E+00  0.1200E+02
  -9.803  0.0000E+00  0.1200E+02
  -9.793  0.0000E+00  0.1200E+02
  -9.783  0.0000E+00  0.1200E+02
  -9.773  0.0000E+00  0.1200E+02
  -9.763  0.0000E+00  0.1200E+02
  -9.753  0.0000E+00  0.1200E+02
  -9.743  0.0000E+00  0.1200E+02
  -9.733  0.0000E+00  0.1200E+02
  -9.723  0.0000E+00  0.1200E+02
  -9.713  0.0000E+00  0.1200E+02
  -9.703  0.0000E+00  0.1200E+02
  -9.693  0.0000E+00  0.1200E+02
  -9.683  0.0000E+00  0.1200E+02
  -9.673  0.0000E+00  0.1200E+02
  -9.663  0.0000E+00  0.1200E+02
  -9.653  0.0000E+00  0.1200E+02
  -9.643  0.0000E+00  0.1200E+02
  -9.633  0.0000E+00  0.1200E+02
  -9.623  0.0000E+00  0.1200E+02
  -9.613  0.0000E+00  0.1200E+02
  -9.603  0.0000E+00  0.1200E+02
  -9.593  0.0000E+00  0.1200E+02
  -9.583  0.0000E+00  0.1200E+02
  -9.573  0.0000E+00  0.1200E+02
  -9.563  0.0000E+00  0.1200E+02
  -9.553  0.0000E+00  0.1200E+02
  -9.543  0.0000E+00  0.1200E+02
  -9.533  0.0000E+00  0.1200E+02
  -9.523  0.0000E+00  0.1200E+02
  -9.513  0.0000E+00  0.1200E+02
  -9.503  0.0000E+00  0.1200E+02
  -9.493  0.0000E+00  0.1200E+02
  -9.483  0.0000E+00  0.1200E+02
  -9.473  0.0000E+00  0.1200E+02
  -9.463  0.0000E+00  0.1200E+02
  -9.453  0.0000E+00  0.1200E+02
  -9.443  0.0000E+00  0.1200E+02
  -9.433  0.0000E+00  0.1200E+02
  -9.423  0.0000E+00  0.1200E+02
  -9.413  0.0000E+00  0.1200E+02
  -9.403  0.0000E+00  0.1200E+02
  -9.393  0.0000E+00  0.1200E+02
  -9.383  0.0000E+00  0.1200E+02
  -9.373  0.0000E+00  0.1200E+02
  -9.363  0.0000E+00  0.1200E+02
  -9.353  0.0000E+00  0.1200E+02
  -9.343  0.0000E+00  0.1200E+02
  -9.333  0.0000E+00  0.1200E+02
  -9.323  0.0000E+00  0.1200E+02
  -9.313  0.0000E+00  0.1200E+02
  -9.303  0.0000E+00  0.1200E+02
  -9.293  0.0000E+00  0.1200E+02
  -9.283  0.0000E+00  0.1200E+02
  -9.273  0.0000E+00  0.1200E+02
  -9.263  0.0000E+00  0.1200E+02
  -9.253  0.0000E+00  0.1200E+02
  -9.243  0.0000E+00  0.1200E+02
  -9.233  0.0000E+00  0.1200E+02
  -9.223  0.0000E+00  0.1200E+02
  -9.213  0.0000E+00  0.1200E+02
  -9.203  0.0000E+00  0.1200E+02
  -9.193  0.0000E+00  0.1200E+02
  -9.183  0.0000E+00  0.1200E+02
  -9.173  0.0000E+00  0.1200E+02
  -9.163  0.0000E+00  0.1200E+02
  -9.153  0.0000E+00  0.1200E+02
  -9.143  0.0000E+00  0.1200E+02
  -9.133  0.0000E+00  0.1200E+02
  -9.123  0.0000E+00  0.1200E+02
  -9.113  0.0000E+00  0.1200E+02
  -9.103  0.0000E+00  0.1200E+02
  -9.093  0.0000E+00  0.1200E+02
  -9.083  0.0000E+00  0.1200E+02
  -9.073  0.0000E+00  0.1200E+02
  -9.063  0.0000E+00  0.1200E+02
  -9.053  0.0000E+00  0.1200E+02
  -9.043  0.0000E+00  0.1200E+02
  -9.033  0.0000E+00  0.1200E+02
  -9.023  0.0000E+00  0.1200E+02
  -9.013  0.0000E+00  0.1200E+02
  -9.003  0.0000E+00  0.1200E+02
  -8.993  0.0000E+00  0.1200E+02
  -8.983  0.0000E+00  0.1200E+02
  -8.973  0.0000E+00  0.1200E+02
  -8.963  0.0000E+00  0.1200E+02
  -8.953  0.0000E+00  0.1200E+02
  -8.943  0.0000E+00  0.1200E+02
  -8.933  0.0000E+00  0.1200E+02
  -8.923  0.0000E+00  0.1200E+02
  -8.913  0.0000E+00  0.1200E+02
  -8.903  0.0000E+00  0.1200E+02
  -8.893  0.0000E+00  0.1200E+02
  -8.883  0.0000E+00  0.1200E+02
  -8.873  0.0000E+00  0.1200E+02
  -8.863  0.0000E+00  0.1200E+02
  -8.853  0.0000E+00  0.1200E+02
  -8.843  0.0000E+00  0.1200E+02
  -8.833  0.0000E+00  0.1200E+02
  -8.823  0.0000E+00  0.1200E+02
  -8.813  0.0000E+00  0.1200E+02
  -8.803  0.0000E+00  0.1200E+02
  -8.793  0.0000E+00  0.1200E+02
  -8.783  0.0000E+00  0.1200E+02
  -8.773  0.0000E+00  0.1200E+02
  -8.763  0.0000E+00  0.1200E+02
  -8.753  0.0000E+00  0.1200E+02
  -8.743  0.0000E+00  0.1200E+02
  -8.733  0.0000E+00  0.1200E+02
  -8.723  0.0000E+00  0.1200E+02
  -8.713  0.0000E+00  0.1200E+02
  -8.703  0.0000E+00  0.1200E+02
  -8.693  0.0000E+00  0.1200E+02
  -8.683  0.0000E+00  0.1200E+02
  -8.673  0.0000E+00  0.1200E+02
  -8.663  0.0000E+00  0.1200E+02
  -8.653  0.0000E+00  0.1200E+02
  -8.643  0.0000E+00  0.1200E+02
  -8.633  0.0000E+00  0.1200E+02
  -8.623  0.0000E+00  0.1200E+02
  -8.613  0.0000E+00  0.1200E+02
  -8.603  0.0000E+00  0.1200E+02
  -8.593  0.0000E+00  0.1200E+02
  -8.583  0.0000E+00  0.1200E+02
  -8.573  0.0000E+00  0.1200E+02
  -8.563  0.0000E+00  0.1200E+02
  -8.553  0.0000E+00  0.1200E+02
  -8.543  0.0000E+00  0.1200E+02
  -8.533  0.0000E+00  0.1200E+02
  -8.523  0.0000E+00  0.1200E+02
  -8.513  0.0000E+00  0.1200E+02
  -8.503  0.0000E+00  0.1200E+02
  -8.493  0.0000E+00  0.1200E+02
  -8.483  0.0000E+00  0.1200E+02
  -8.473  0.0000E+00  0.1200E+02
  -8.463  0.0000E+00  0.1200E+02
  -8.453  0.0000E+00  0.1200E+02
  -8.443  0.0000E+00  0.1200E+02
  -8.433  0.0000E+00  0.1200E+02
  -8.423  0.0000E+00  0.1200E+02
  -8.413  0.0000E+00  0.1200E+02
  -8.403  0.0000E+00  0.1200E+02
  -8.393  0.0000E+00  0.1200E+02
  -8.383  0.0000E+00  0.1200E+02
  -8.373  0.0000E+00  0.1200E+02
  -8.363  0.0000E+00  0.1200E+02
  -8.353  0.0000E+00  0.1200E+02
  -8.343  0.0000E+00  0.1200E+02
  -8.333  0.0000E+00  0.1200E+02
  -8.323  0.0000E+00  0.1200E+02
  -8.313  0.0000E+00  0.1200E+02
  -8.303  0.0000E+00  0.1200E+02
  -8.293  0.0000E+00  0.1200E+02
  -8.283  0.0000E+00  0.1200E+02
  -8.273  0.0000E+00  0.1200E+02
  -8.263  0.0000E+00  0.1200E+02
  -8.253  0.0000E+00  0.1200E+02
  -8.243  0.0000E+00  0.1200E+02
  -8.233  0.0000E+00  0.1200E+02
  -8.223  0.0000E+00  0.1200E+02
  -8.213  0.0000E+00  0.1200E+02
  -8.203  0.0000E+00  0.1200E+02
  -8.193  0.0000E+00  0.1200E+02
  -8.183  0.0000E+00  0.1200E+02
  -8.173  0.0000E+00  0.1200E+02
  -8.163  0.0000E+00  0.1200E+02
  -8.153  0.0000E+00  0.1200E+02
  -8.143  0.0000E+00  0.1200E+02
  -8.133  0.0000E+00  0.1200E+02
  -8.123  0.0000E+00  0.1200E+02
  -8.113  0.0000E+00  0.1200E+02
  -8.103  0.0000E+00  0.1200E+02
  -8.093  0.0000E+00  0.1200E+02
  -8.083  0.0000E+00  0.1200E+02
  -8.073  0.0000E+00  0.1200E+02
  -8.063  0.0000E+00  0.1200E+02
  -8.053  0.0000E+00  0.1200E+02
  -8.043  0.0000E+00  0.1200E+02
  -8.033  0.0000E+00  0.1200E+02
  -8.023  0.0000E+00  0.1200E+02
  -8.013  0.0000E+00  0.1200E+02
  -8.003  0.0000E+00  0.1200E+02
  -7.993  0.0000E+00  0.1200E+02
  -7.983  0.0000E+00  0.1200E+02
  -7.973  0.0000E+00  0.1200E+02
  -7.963  0.0000E+00  0.1200E+02
  -7.953  0.0000E+00  0.1200E+02
  -7.943  0.0000E+00  0.1200E+02
  -7.933  0.0000E+00  0.1200E+02
  -7.923  0.0000E+00  0.1200E+02
  -7.913  0.0000E+00  0.1200E+02
  -7.903  0.0000E+00  0.1200E+02
  -7.893  0.0000E+00  0.1200E+02
  -7.883  0.0000E+00  0.1200E+02
  -7.873  0.0000E+00  0.1200E+02
  -7.863  0.0000E+00  0.1200E+02
  -7.853  0.0000E+00  0.1200E+02
  -7.843  0.0000E+00  0.1200E+02
  -7.833  0.0000E+00  0.1200E+02
  -7.823  0.0000E+00  0.1200E+02
  -7.813  0.0000E+00  0.1200E+02
  -7.803  0.0000E+00  0.1200E+02
  -7.793  0.0000E+00  0.1200E+02
  -7.783  0.0000E+00  0.1200E+02
  -7.773  0.0000E+00  0.1200E+02
  -7.763  0.0000E+00  0.1200E+02
  -7.753  0.0000E+00  0.1200E+02
  -7.743  0.0000E+00  0.1200E+02
  -7.733  0.0000E+00  0.1200E+02
  -7.723  0.0000E+00  0.1200E+02
  -7.713  0.0000E+00  0.1200E+02
  -7.703  0.0000E+00  0.1200E+02
  -7.693  0.0000E+00  0.1200E+02
  -7.683  0.0000E+00  0.1200E+02
  -7.673  0.0000E+00  0.1200E+02
  -7.663  0.0000E+00  0.1200E+02
  -7.653  0.0000E+00  0.1200E+02
  -7.643  0.0000E+00  0.1200E+02
  -7.633  0.0000E+00  0.1200E+02
  -7.623  0.0000E+00  0.1200E+02
  -7.613  0.0000E+00  0.1200E+02
  -7.603  0.0000E+00  0.1200E+02
  -7.593  0.0000E+00  0.1200E+02
  -7.583  0.0000E+00  0.1200E+02
  -7.573  0.0000E+00  0.1200E+02
  -7.563  0.0000E+00  0.1200E+02
  -7.553  0.0000E+00  0.1200E+02
  -7.543  0.0000E+00  0.1200E+02
  -7.533  0.0000E+00  0.1200E+02
  -7.523  0.0000E+00  0.1200E+02
  -7.513  0.0000E+00  0.1200E+02
  -7.503  0.0000E+00  0.1200E+02
  -7.493  0.0000E+00  0.1200E+02
  -7.483  0.0000E+00  0.1200E+02
  -7.473  0.0000E+00  0.1200E+02
  -7.463  0.0000E+00  0.1200E+02
  -7.453  0.0000E+00  0.1200E+02
  -7.443  0.0000E+00  0.1200E+02
  -7.433  0.0000E+00  0.1200E+02
  -7.423  0.0000E+00  0.1200E+02
  -7.413  0.0000E+00  0.1200E+02
  -7.403  0.0000E+00  0.1200E+02
  -7.393  0.0000E+00  0.1200E+02
  -7.383  0.0000E+00  0.1200E+02
  -7.373  0.0000E+00  0.1200E+02
  -7.363  0.0000E+00  0.1200E+02
  -7.353  0.0000E+00  0.1200E+02
  -7.343  0.0000E+00  0.1200E+02
  -7.333  0.0000E+00  0.1200E+02
  -7.323  0.0000E+00  0.1200E+02
  -7.313  0.0000E+00  0.1200E+02
  -7.303  0.0000E+00  0.1200E+02
  -7.293  0.0000E+00  0.1200E+02
  -7.283  0.0000E+00  0.1200E+02
  -7.273  0.0000E+00  0.1200E+02
  -7.263  0.0000E+00  0.1200E+02
  -7.253  0.0000E+00  0.1200E+02
  -7.243  0.0000E+00  0.1200E+02
  -7.233  0.0000E+00  0.1200E+02
  -7.223  0.0000E+00  0.1200E+02
  -7.213  0.0000E+00  0.1200E+02
  -7.203  0.0000E+00  0.1200E+02
  -7.193  0.0000E+00  0.1200E+02
  -7.183  0.0000E+00  0.1200E+02
  -7.173  0.0000E+00  0.1200E+02
  -7.163  0.0000E+00  0.1200E+02
  -7.153  0.0000E+00  0.1200E+02
  -7.143  0.0000E+00  0.1200E+02
  -7.133  0.0000E+00  0.1200E+02
  -7.123  0.0000E+00  0.1200E+02
  -7.113  0.0000E+00  0.1200E+02
  -7.103  0.0000E+00  0.1200E+02
  -7.093  0.0000E+00  0.1200E+02
  -7.083  0.0000E+00  0.1200E+02
  -7.073  0.0000E+00  0.1200E+02
  -7.063  0.0000E+00  0.1200E+02
  -7.053  0.0000E+00  0.1200E+02
  -7.043  0.0000E+00  0.1200E+02
  -7.033  0.0000E+00  0.1200E+02
  -7.023  0.0000E+00  0.1200E+02
  -7.013  0.0000E+00  0.1200E+02
  -7.003  0.0000E+00  0.1200E+02
  -6.993  0.0000E+00  0.1200E+02
  -6.983  0.0000E+00  0.1200E+02
  -6.973  0.0000E+00  0.1200E+02
  -6.963  0.0000E+00  0.1200E+02
  -6.953  0.0000E+00  0.1200E+02
  -6.943  0.0000E+00  0.1200E+02
  -6.933  0.0000E+00  0.1200E+02
  -6.923  0.0000E+00  0.1200E+02
  -6.913  0.0000E+00  0.1200E+02
  -6.903  0.0000E+00  0.1200E+02
  -6.893  0.0000E+00  0.1200E+02
  -6.883  0.0000E+00  0.1200E+02
  -6.873  0.0000E+00  0.1200E+02
  -6.863  0.0000E+00  0.1200E+02
  -6.853  0.0000E+00  0.1200E+02
  -6.843  0.0000E+00  0.1200E+02
  -6.833  0.0000E+00  0.1200E+02
  -6.823  0.0000E+00  0.1200E+02
  -6.813  0.0000E+00  0.1200E+02
  -6.803  0.0000E+00  0.1200E+02
  -6.793  0.0000E+00  0.1200E+02
  -6.783  0.0000E+00  0.1200E+02
  -6.773  0.1282E-01  0.1200E+02
  -6.763  0.5565E-01  0.1200E+02
  -6.753  0.1125E+00  0.1200E+02
  -6.743  0.1833E+00  0.1200E+02
  -6.733  0.1631E+00  0.1200E+02
  -6.723  0.1891E+00  0.1201E+02
  -6.713  0.2091E+00  0.1201E+02
  -6.703  0.2229E+00  0.1201E+02
  -6.693  0.2411E+00  0.1201E+02
  -6.683  0.2637E+00  0.1201E+02
  -6.673  0.2854E+00  0.1202E+02
  -6.663  0.3019E+00  0.1202E+02
  -6.653  0.3163E+00  0.1202E+02
  -6.643  0.3285E+00  0.1203E+02
  -6.633  0.3412E+00  0.1203E+02
  -6.623  0.3527E+00  0.1203E+02
  -6.613  0.3647E+00  0.1204E+02
  -6.603  0.3797E+00  0.1204E+02
  -6.593  0.3950E+00  0.1204E+02
  -6.583  0.4104E+00  0.1205E+02
  -6.573  0.4258E+00  0.1205E+02
  -6.563  0.4413E+00  0.1206E+02
  -6.553  0.4568E+00  0.1206E+02
  -6.543  0.4673E+00  0.1207E+02
  -6.533  0.4811E+00  0.1207E+02
  -6.523  0.4954E+00  0.1208E+02
  -6.513  0.5093E+00  0.1208E+02
  -6.503  0.5220E+00  0.1209E+02
  -6.493  0.5332E+00  0.1209E+02
  -6.483  0.5452E+00  0.1210E+02
  -6.473  0.5579E+00  0.1210E+02
  -6.463  0.5708E+00  0.1211E+02
  -6.453  0.5837E+00  0.1211E+02
  -6.443  0.5967E+00  0.1212E+02
  -6.433  0.6121E+00  0.1213E+02
  -6.423  0.6277E+00  0.1213E+02
  -6.413  0.6435E+00  0.1214E+02
  -6.403  0.6597E+00  0.1214E+02
  -6.393  0.6755E+00  0.1215E+02
  -6.383  0.6900E+00  0.1216E+02
  -6.373  0.7038E+00  0.1217E+02
  -6.363  0.7178E+00  0.1217E+02
  -6.353  0.7322E+00  0.1218E+02
  -6.343  0.7460E+00  0.1219E+02
  -6.333  0.7589E+00  0.1219E+02
  -6.323  0.7744E+00  0.1220E+02
  -6.313  0.7904E+00  0.1221E+02
  -6.303  0.8068E+00  0.1222E+02
  -6.293  0.8236E+00  0.1223E+02
  -6.283  0.8407E+00  0.1223E+02
  -6.273  0.8579E+00  0.1224E+02
  -6.263  0.8753E+00  0.1225E+02
  -6.253  0.8928E+00  0.1226E+02
  -6.243  0.9106E+00  0.1227E+02
  -6.233  0.9285E+00  0.1228E+02
  -6.223  0.9467E+00  0.1229E+02
  -6.213  0.9653E+00  0.1230E+02
  -6.203  0.9861E+00  0.1231E+02
  -6.193  0.1009E+01  0.1232E+02
  -6.183  0.1031E+01  0.1233E+02
  -6.173  0.1054E+01  0.1234E+02
  -6.163  0.1077E+01  0.1235E+02
  -6.153  0.1100E+01  0.1236E+02
  -6.143  0.1123E+01  0.1237E+02
  -6.133  0.1146E+01  0.1238E+02
  -6.123  0.1170E+01  0.1239E+02
  -6.113  0.1194E+01  0.1241E+02
  -6.103  0.1219E+01  0.1242E+02
  -6.093  0.1246E+01  0.1243E+02
  -6.083  0.1278E+01  0.1244E+02
  -6.073  0.1313E+01  0.1246E+02
  -6.063  0.1348E+01  0.1247E+02
  -6.053  0.1384E+01  0.1248E+02
  -6.043  0.1422E+01  0.1250E+02
  -6.033  0.1460E+01  0.1251E+02
  -6.023  0.1500E+01  0.1253E+02
  -6.013  0.1541E+01  0.1254E+02
  -6.003  0.1583E+01  0.1256E+02
  -5.993  0.1627E+01  0.1257E+02
  -5.983  0.1683E+01  0.1259E+02
  -5.973  0.1748E+01  0.1261E+02
  -5.963  0.1821E+01  0.1262E+02
  -5.953  0.1898E+01  0.1264E+02
  -5.943  0.1981E+01  0.1266E+02
  -5.933  0.2070E+01  0.1268E+02
  -5.923  0.2165E+01  0.1270E+02
  -5.913  0.2271E+01  0.1273E+02
  -5.903  0.2407E+01  0.1275E+02
  -5.893  0.2618E+01  0.1277E+02
  -5.883  0.3534E+01  0.1280E+02
  -5.873  0.4762E+01  0.1285E+02
  -5.863  0.5740E+01  0.1290E+02
  -5.853  0.7466E+01  0.1296E+02
  -5.843  0.1034E+02  0.1305E+02
  -5.833  0.1300E+02  0.1317E+02
  -5.823  0.1214E+02  0.1330E+02
  -5.813  0.7381E+01  0.1339E+02
  -5.803  0.5864E+01  0.1346E+02
  -5.793  0.4908E+01  0.1351E+02
  -5.783  0.4192E+01  0.1356E+02
  -5.773  0.3657E+01  0.1360E+02
  -5.763  0.3301E+01  0.1363E+02
  -5.753  0.2992E+01  0.1366E+02
  -5.743  0.2728E+01  0.1369E+02
  -5.733  0.2531E+01  0.1372E+02
  -5.723  0.2356E+01  0.1374E+02
  -5.713  0.2213E+01  0.1377E+02
  -5.703  0.2051E+01  0.1379E+02
  -5.693  0.1775E+01  0.1381E+02
  -5.683  0.1558E+01  0.1382E+02
  -5.673  0.1368E+01  0.1384E+02
  -5.663  0.1231E+01  0.1385E+02
  -5.653  0.1162E+01  0.1386E+02
  -5.643  0.1105E+01  0.1387E+02
  -5.633  0.1035E+01  0.1388E+02
  -5.623  0.9596E+00  0.1389E+02
  -5.613  0.8460E+00  0.1390E+02
  -5.603  0.8121E+00  0.1391E+02
  -5.593  0.7762E+00  0.1392E+02
  -5.583  0.7391E+00  0.1393E+02
  -5.573  0.6994E+00  0.1393E+02
  -5.563  0.6594E+00  0.1394E+02
  -5.553  0.6219E+00  0.1395E+02
  -5.543  0.5889E+00  0.1395E+02
  -5.533  0.5604E+00  0.1396E+02
  -5.523  0.5359E+00  0.1397E+02
  -5.513  0.5142E+00  0.1397E+02
  -5.503  0.4951E+00  0.1398E+02
  -5.493  0.4785E+00  0.1398E+02
  -5.483  0.4648E+00  0.1399E+02
  -5.473  0.4558E+00  0.1399E+02
  -5.463  0.4479E+00  0.1399E+02
  -5.453  0.4418E+00  0.1400E+02
  -5.443  0.4422E+00  0.1400E+02
  -5.433  0.4427E+00  0.1401E+02
  -5.423  0.4423E+00  0.1401E+02
  -5.413  0.4398E+00  0.1402E+02
  -5.403  0.4360E+00  0.1402E+02
  -5.393  0.4309E+00  0.1403E+02
  -5.383  0.4244E+00  0.1403E+02
  -5.373  0.4008E+00  0.1403E+02
  -5.363  0.3987E+00  0.1404E+02
  -5.353  0.3969E+00  0.1404E+02
  -5.343  0.4086E+00  0.1405E+02
  -5.333  0.4157E+00  0.1405E+02
  -5.323  0.4210E+00  0.1405E+02
  -5.313  0.4248E+00  0.1406E+02
  -5.303  0.4289E+00  0.1406E+02
  -5.293  0.4333E+00  0.1407E+02
  -5.283  0.4381E+00  0.1407E+02
  -5.273  0.4432E+00  0.1408E+02
  -5.263  0.4486E+00  0.1408E+02
  -5.253  0.4564E+00  0.1408E+02
  -5.243  0.4668E+00  0.1409E+02
  -5.233  0.4789E+00  0.1409E+02
  -5.223  0.4939E+00  0.1410E+02
  -5.213  0.5120E+00  0.1410E+02
  -5.203  0.5310E+00  0.1411E+02
  -5.193  0.5509E+00  0.1411E+02
  -5.183  0.5712E+00  0.1412E+02
  -5.173  0.5899E+00  0.1413E+02
  -5.163  0.6079E+00  0.1413E+02
  -5.153  0.6249E+00  0.1414E+02
  -5.143  0.6410E+00  0.1414E+02
  -5.133  0.6567E+00  0.1415E+02
  -5.123  0.6766E+00  0.1416E+02
  -5.113  0.6991E+00  0.1416E+02
  -5.103  0.7233E+00  0.1417E+02
  -5.093  0.7483E+00  0.1418E+02
  -5.083  0.7743E+00  0.1419E+02
  -5.073  0.7994E+00  0.1419E+02
  -5.063  0.8251E+00  0.1420E+02
  -5.053  0.8542E+00  0.1421E+02
  -5.043  0.8839E+00  0.1422E+02
  -5.033  0.9143E+00  0.1423E+02
  -5.023  0.9454E+00  0.1424E+02
  -5.013  0.9771E+00  0.1425E+02
  -5.003  0.1016E+01  0.1426E+02
  -4.993  0.1062E+01  0.1427E+02
  -4.983  0.1111E+01  0.1428E+02
  -4.973  0.1165E+01  0.1429E+02
  -4.963  0.1218E+01  0.1430E+02
  -4.953  0.1271E+01  0.1431E+02
  -4.943  0.1326E+01  0.1433E+02
  -4.933  0.1382E+01  0.1434E+02
  -4.923  0.1462E+01  0.1436E+02
  -4.913  0.1535E+01  0.1437E+02
  -4.903  0.1616E+01  0.1439E+02
  -4.893  0.1715E+01  0.1440E+02
  -4.883  0.1822E+01  0.1442E+02
  -4.873  0.1932E+01  0.1444E+02
  -4.863  0.2047E+01  0.1446E+02
  -4.853  0.2165E+01  0.1448E+02
  -4.843  0.2346E+01  0.1450E+02
  -4.833  0.2739E+01  0.1453E+02
  -4.823  0.2914E+01  0.1456E+02
  -4.813  0.3147E+01  0.1459E+02
  -4.803  0.3256E+01  0.1462E+02
  -4.793  0.3313E+01  0.1465E+02
  -4.783  0.3485E+01  0.1469E+02
  -4.773  0.3642E+01  0.1472E+02
  -4.763  0.3931E+01  0.1476E+02
  -4.753  0.4209E+01  0.1480E+02
  -4.743  0.4993E+01  0.1485E+02
  -4.733  0.6190E+01  0.1490E+02
  -4.723  0.5870E+01  0.1496E+02
  -4.713  0.5534E+01  0.1502E+02
  -4.703  0.5340E+01  0.1507E+02
  -4.693  0.5042E+01  0.1513E+02
  -4.683  0.4812E+01  0.1518E+02
  -4.673  0.4380E+01  0.1522E+02
  -4.663  0.3982E+01  0.1526E+02
  -4.653  0.3577E+01  0.1530E+02
  -4.643  0.3232E+01  0.1534E+02
  -4.633  0.2996E+01  0.1537E+02
  -4.623  0.2763E+01  0.1540E+02
  -4.613  0.2575E+01  0.1542E+02
  -4.603  0.2427E+01  0.1545E+02
  -4.593  0.2283E+01  0.1547E+02
  -4.583  0.2156E+01  0.1549E+02
  -4.573  0.2052E+01  0.1551E+02
  -4.563  0.1959E+01  0.1553E+02
  -4.553  0.1873E+01  0.1555E+02
  -4.543  0.1793E+01  0.1557E+02
  -4.533  0.1717E+01  0.1559E+02
  -4.523  0.1650E+01  0.1561E+02
  -4.513  0.1587E+01  0.1562E+02
  -4.503  0.1524E+01  0.1564E+02
  -4.493  0.1464E+01  0.1565E+02
  -4.483  0.1408E+01  0.1567E+02
  -4.473  0.1355E+01  0.1568E+02
  -4.463  0.1305E+01  0.1569E+02
  -4.453  0.1245E+01  0.1571E+02
  -4.443  0.1202E+01  0.1572E+02
  -4.433  0.1158E+01  0.1573E+02
  -4.423  0.1115E+01  0.1574E+02
  -4.413  0.1061E+01  0.1575E+02
  -4.403  0.1007E+01  0.1576E+02
  -4.393  0.9639E+00  0.1577E+02
  -4.383  0.9236E+00  0.1578E+02
  -4.373  0.8863E+00  0.1579E+02
  -4.363  0.8518E+00  0.1580E+02
  -4.353  0.8221E+00  0.1581E+02
  -4.343  0.7940E+00  0.1582E+02
  -4.333  0.7673E+00  0.1582E+02
  -4.323  0.7407E+00  0.1583E+02
  -4.313  0.7145E+00  0.1584E+02
  -4.303  0.6888E+00  0.1585E+02
  -4.293  0.6641E+00  0.1585E+02
  -4.283  0.6405E+00  0.1586E+02
  -4.273  0.6174E+00  0.1587E+02
  -4.263  0.5935E+00  0.1587E+02
  -4.253  0.5694E+00  0.1588E+02
  -4.243  0.5516E+00  0.1588E+02
  -4.233  0.5344E+00  0.1589E+02
  -4.223  0.5175E+00  0.1589E+02
  -4.213  0.5011E+00  0.1590E+02
  -4.203  0.4853E+00  0.1590E+02
  -4.193  0.4699E+00  0.1591E+02
  -4.183  0.4547E+00  0.1591E+02
  -4.173  0.4397E+00  0.1592E+02
  -4.163  0.4254E+00  0.1592E+02
  -4.153  0.4118E+00  0.1593E+02
  -4.143  0.3990E+00  0.1593E+02
  -4.133  0.3874E+00  0.1593E+02
  -4.123  0.3774E+00  0.1594E+02
  -4.113  0.3685E+00  0.1594E+02
  -4.103  0.3602E+00  0.1595E+02
  -4.093  0.3529E+00  0.1595E+02
  -4.083  0.3475E+00  0.1595E+02
  -4.073  0.3429E+00  0.1596E+02
  -4.063  0.3413E+00  0.1596E+02
  -4.053  0.3447E+00  0.1596E+02
  -4.043  0.3543E+00  0.1597E+02
  -4.033  0.3790E+00  0.1597E+02
  -4.023  0.4311E+00  0.1597E+02
  -4.013  0.5833E+00  0.1598E+02
  -4.003  0.1478E+01  0.1599E+02
  -3.993  0.2204E+01  0.1601E+02
  -3.983  0.2073E+01  0.1603E+02
  -3.973  0.2136E+01  0.1605E+02
  -3.963  0.2247E+01  0.1607E+02
  -3.953  0.2283E+01  0.1610E+02
  -3.943  0.2333E+01  0.1612E+02
  -3.933  0.2406E+01  0.1614E+02
  -3.923  0.2522E+01  0.1617E+02
  -3.913  0.2634E+01  0.1619E+02
  -3.903  0.2773E+01  0.1622E+02
  -3.893  0.2890E+01  0.1625E+02
  -3.883  0.3029E+01  0.1628E+02
  -3.873  0.3162E+01  0.1631E+02
  -3.863  0.3740E+01  0.1634E+02
  -3.853  0.4346E+01  0.1638E+02
  -3.843  0.3922E+01  0.1642E+02
  -3.833  0.3738E+01  0.1646E+02
  -3.823  0.3520E+01  0.1650E+02
  -3.813  0.3383E+01  0.1653E+02
  -3.803  0.3278E+01  0.1657E+02
  -3.793  0.3183E+01  0.1660E+02
  -3.783  0.3108E+01  0.1663E+02
  -3.773  0.3027E+01  0.1666E+02
  -3.763  0.2943E+01  0.1669E+02
  -3.753  0.2865E+01  0.1672E+02
  -3.743  0.2805E+01  0.1675E+02
  -3.733  0.2760E+01  0.1678E+02
  -3.723  0.2723E+01  0.1680E+02
  -3.713  0.2689E+01  0.1683E+02
  -3.703  0.2647E+01  0.1686E+02
  -3.693  0.2608E+01  0.1688E+02
  -3.683  0.2570E+01  0.1691E+02
  -3.673  0.2532E+01  0.1693E+02
  -3.663  0.2497E+01  0.1696E+02
  -3.653  0.2459E+01  0.1698E+02
  -3.643  0.2438E+01  0.1701E+02
  -3.633  0.2362E+01  0.1703E+02
  -3.623  0.2299E+01  0.1706E+02
  -3.613  0.2273E+01  0.1708E+02
  -3.603  0.2250E+01  0.1710E+02
  -3.593  0.2229E+01  0.1712E+02
  -3.583  0.2209E+01  0.1715E+02
  -3.573  0.2192E+01  0.1717E+02
  -3.563  0.2177E+01  0.1719E+02
  -3.553  0.2157E+01  0.1721E+02
  -3.543  0.2131E+01  0.1723E+02
  -3.533  0.2106E+01  0.1725E+02
  -3.523  0.2086E+01  0.1728E+02
  -3.513  0.2066E+01  0.1730E+02
  -3.503  0.2048E+01  0.1732E+02
  -3.493  0.2032E+01  0.1734E+02
  -3.483  0.2015E+01  0.1736E+02
  -3.473  0.1995E+01  0.1738E+02
  -3.463  0.1971E+01  0.1740E+02
  -3.453  0.1945E+01  0.1742E+02
  -3.443  0.1922E+01  0.1744E+02
  -3.433  0.1905E+01  0.1746E+02
  -3.423  0.1896E+01  0.1747E+02
  -3.413  0.1887E+01  0.1749E+02
  -3.403  0.1870E+01  0.1751E+02
  -3.393  0.1841E+01  0.1753E+02
  -3.383  0.1795E+01  0.1755E+02
  -3.373  0.1733E+01  0.1757E+02
  -3.363  0.1668E+01  0.1758E+02
  -3.353  0.1601E+01  0.1760E+02
  -3.343  0.1546E+01  0.1762E+02
  -3.333  0.1501E+01  0.1763E+02
  -3.323  0.1451E+01  0.1765E+02
  -3.313  0.1405E+01  0.1766E+02
  -3.303  0.1366E+01  0.1767E+02
  -3.293  0.1328E+01  0.1769E+02
  -3.283  0.1291E+01  0.1770E+02
  -3.273  0.1256E+01  0.1771E+02
  -3.263  0.1223E+01  0.1773E+02
  -3.253  0.1191E+01  0.1774E+02
  -3.243  0.1160E+01  0.1775E+02
  -3.233  0.1130E+01  0.1776E+02
  -3.223  0.1099E+01  0.1777E+02
  -3.213  0.1067E+01  0.1778E+02
  -3.203  0.1043E+01  0.1779E+02
  -3.193  0.1023E+01  0.1780E+02
  -3.183  0.1002E+01  0.1781E+02
  -3.173  0.9814E+00  0.1782E+02
  -3.163  0.9557E+00  0.1783E+02
  -3.153  0.9253E+00  0.1784E+02
  -3.143  0.8945E+00  0.1785E+02
  -3.133  0.8648E+00  0.1786E+02
  -3.123  0.8358E+00  0.1787E+02
  -3.113  0.8085E+00  0.1788E+02
  -3.103  0.7842E+00  0.1789E+02
  -3.093  0.7662E+00  0.1789E+02
  -3.083  0.7489E+00  0.1790E+02
  -3.073  0.8215E+00  0.1791E+02
  -3.063  0.1088E+01  0.1792E+02
  -3.053  0.1325E+01  0.1793E+02
  -3.043  0.1466E+01  0.1794E+02
  -3.033  0.1636E+01  0.1796E+02
  -3.023  0.1795E+01  0.1798E+02
  -3.013  0.1993E+01  0.1800E+02
  -3.003  0.2168E+01  0.1802E+02
  -2.993  0.2410E+01  0.1804E+02
  -2.983  0.2704E+01  0.1806E+02
  -2.973  0.3027E+01  0.1809E+02
  -2.963  0.3490E+01  0.1813E+02
  -2.953  0.4018E+01  0.1816E+02
  -2.943  0.4956E+01  0.1821E+02
  -2.933  0.1036E+02  0.1828E+02
  -2.923  0.1754E+02  0.1842E+02
  -2.913  0.2001E+02  0.1861E+02
  -2.903  0.2196E+02  0.1882E+02
  -2.893  0.2517E+02  0.1905E+02
  -2.883  0.1596E+02  0.1926E+02
  -2.873  0.1425E+02  0.1941E+02
  -2.863  0.1368E+02  0.1954E+02
  -2.853  0.1061E+02  0.1966E+02
  -2.843  0.9519E+01  0.1976E+02
  -2.833  0.8657E+01  0.1985E+02
  -2.823  0.8535E+01  0.1994E+02
  -2.813  0.8650E+01  0.2003E+02
  -2.803  0.9011E+01  0.2011E+02
  -2.793  0.8848E+01  0.2020E+02
  -2.783  0.9478E+01  0.2029E+02
  -2.773  0.1062E+02  0.2039E+02
  -2.763  0.9058E+01  0.2049E+02
  -2.753  0.7900E+01  0.2058E+02
  -2.743  0.6807E+01  0.2065E+02
  -2.733  0.6501E+01  0.2072E+02
  -2.723  0.6418E+01  0.2078E+02
  -2.713  0.6030E+01  0.2084E+02
  -2.703  0.5766E+01  0.2090E+02
  -2.693  0.5456E+01  0.2096E+02
  -2.683  0.5285E+01  0.2101E+02
  -2.673  0.5265E+01  0.2106E+02
  -2.663  0.5045E+01  0.2112E+02
  -2.653  0.5091E+01  0.2117E+02
  -2.643  0.5135E+01  0.2122E+02
  -2.633  0.5308E+01  0.2127E+02
  -2.623  0.5419E+01  0.2132E+02
  -2.613  0.5477E+01  0.2138E+02
  -2.603  0.5497E+01  0.2143E+02
  -2.593  0.5584E+01  0.2149E+02
  -2.583  0.5940E+01  0.2155E+02
  -2.573  0.1200E+02  0.2161E+02
  -2.563  0.7109E+01  0.2169E+02
  -2.553  0.7041E+01  0.2175E+02
  -2.543  0.6727E+01  0.2182E+02
  -2.533  0.6222E+01  0.2189E+02
  -2.523  0.6254E+01  0.2195E+02
  -2.513  0.6376E+01  0.2202E+02
  -2.503  0.4344E+01  0.2207E+02
  -2.493  0.1663E+01  0.2210E+02
  -2.483  0.1340E+01  0.2212E+02
  -2.473  0.2300E+01  0.2213E+02
  -2.463  0.3669E+01  0.2217E+02
  -2.453  0.5011E+01  0.2221E+02
  -2.443  0.7016E+01  0.2227E+02
  -2.433  0.8074E+01  0.2235E+02
  -2.423  0.8618E+01  0.2243E+02
  -2.413  0.8241E+01  0.2252E+02
  -2.403  0.8051E+01  0.2260E+02
  -2.393  0.8176E+01  0.2268E+02
  -2.383  0.8090E+01  0.2276E+02
  -2.373  0.8060E+01  0.2284E+02
  -2.363  0.7525E+01  0.2292E+02
  -2.353  0.6703E+01  0.2299E+02
  -2.343  0.6140E+01  0.2306E+02
  -2.333  0.5738E+01  0.2311E+02
  -2.323  0.5415E+01  0.2317E+02
  -2.313  0.5166E+01  0.2322E+02
  -2.303  0.4946E+01  0.2327E+02
  -2.293  0.4749E+01  0.2332E+02
  -2.283  0.4564E+01  0.2337E+02
  -2.273  0.4397E+01  0.2341E+02
  -2.263  0.4246E+01  0.2346E+02
  -2.253  0.4117E+01  0.2350E+02
  -2.243  0.3978E+01  0.2354E+02
  -2.233  0.3855E+01  0.2358E+02
  -2.223  0.3718E+01  0.2362E+02
  -2.213  0.3572E+01  0.2365E+02
  -2.203  0.3421E+01  0.2369E+02
  -2.193  0.3293E+01  0.2372E+02
  -2.183  0.3126E+01  0.2375E+02
  -2.173  0.2942E+01  0.2378E+02
  -2.163  0.2685E+01  0.2381E+02
  -2.153  0.2490E+01  0.2384E+02
  -2.143  0.2475E+01  0.2386E+02
  -2.133  0.2538E+01  0.2389E+02
  -2.123  0.2112E+01  0.2391E+02
  -2.113  0.1701E+01  0.2393E+02
  -2.103  0.1450E+01  0.2395E+02
  -2.093  0.1275E+01  0.2396E+02
  -2.083  0.1025E+01  0.2397E+02
  -2.073  0.8105E+00  0.2398E+02
  -2.063  0.6682E+00  0.2399E+02
  -2.053  0.5784E+00  0.2399E+02
  -2.043  0.2821E+00  0.2400E+02
  -2.033  0.2859E-01  0.2400E+02
  -2.023  0.0000E+00  0.2400E+02
  -2.013  0.0000E+00  0.2400E+02
  -2.003  0.0000E+00  0.2400E+02
  -1.993  0.0000E+00  0.2400E+02
  -1.983  0.0000E+00  0.2400E+02
  -1.973  0.0000E+00  0.2400E+02
  -1.963  0.0000E+00  0.2400E+02
  -1.953  0.0000E+00  0.2400E+02
  -1.943  0.0000E+00  0.2400E+02
  -1.933  0.0000E+00  0.2400E+02
  -1.923  0.0000E+00  0.2400E+02
  -1.913  0.0000E+00  0.2400E+02
  -1.903  0.0000E+00  0.2400E+02
  -1.893  0.0000E+00  0.2400E+02
  -1.883  0.0000E+00  0.2400E+02
  -1.873  0.0000E+00  0.2400E+02
  -1.863  0.0000E+00  0.2400E+02
  -1.853  0.0000E+00  0.2400E+02
  -1.843  0.0000E+00  0.2400E+02
  -1.833  0.0000E+00  0.2400E+02
  -1.823  0.0000E+00  0.2400E+02
  -1.813  0.0000E+00  0.2400E+02
  -1.803  0.0000E+00  0.2400E+02
  -1.793  0.0000E+00  0.2400E+02
  -1.783  0.0000E+00  0.2400E+02
  -1.773  0.0000E+00  0.2400E+02
  -1.763  0.0000E+00  0.2400E+02
  -1.753  0.0000E+00  0.2400E+02
  -1.743  0.0000E+00  0.2400E+02
  -1.733  0.0000E+00  0.2400E+02
  -1.723  0.0000E+00  0.2400E+02
  -1.713  0.0000E+00  0.2400E+02
  -1.703  0.0000E+00  0.2400E+02
  -1.693  0.0000E+00  0.2400E+02
  -1.683  0.0000E+00  0.2400E+02
  -1.673  0.0000E+00  0.2400E+02
  -1.663  0.0000E+00  0.2400E+02
  -1.653  0.0000E+00  0.2400E+02
  -1.643  0.0000E+00  0.2400E+02
  -1.633  0.0000E+00  0.2400E+02
  -1.623  0.0000E+00  0.2400E+02
  -1.613  0.0000E+00  0.2400E+02
  -1.603  0.0000E+00  0.2400E+02
  -1.593  0.0000E+00  0.2400E+02
  -1.583  0.0000E+00  0.2400E+02
  -1.573  0.0000E+00  0.2400E+02
  -1.563  0.0000E+00  0.2400E+02
  -1.553  0.0000E+00  0.2400E+02
  -1.543  0.0000E+00  0.2400E+02
  -1.533  0.0000E+00  0.2400E+02
  -1.523  0.0000E+00  0.2400E+02
  -1.513  0.0000E+00  0.2400E+02
  -1.503  0.0000E+00  0.2400E+02
  -1.493  0.0000E+00  0.2400E+02
  -1.483  0.0000E+00  0.2400E+02
  -1.473  0.0000E+00  0.2400E+02
  -1.463  0.0000E+00  0.2400E+02
  -1.453  0.0000E+00  0.2400E+02
  -1.443  0.0000E+00  0.2400E+02
  -1.433  0.0000E+00  0.2400E+02
  -1.423  0.0000E+00  0.2400E+02
  -1.413  0.0000E+00  0.2400E+02
  -1.403  0.0000E+00  0.2400E+02
  -1.393  0.0000E+00  0.2400E+02
  -1.383  0.0000E+00  0.2400E+02
  -1.373  0.0000E+00  0.2400E+02
  -1.363  0.0000E+00  0.2400E+02
  -1.353  0.0000E+00  0.2400E+02
  -1.343  0.0000E+00  0.2400E+02
  -1.333  0.0000E+00  0.2400E+02
  -1.323  0.0000E+00  0.2400E+02
  -1.313  0.0000E+00  0.2400E+02
  -1.303  0.0000E+00  0.2400E+02
  -1.293  0.0000E+00  0.2400E+02
  -1.283  0.0000E+00  0.2400E+02
  -1.273  0.0000E+00  0.2400E+02
  -1.263  0.0000E+00  0.2400E+02
  -1.253  0.0000E+00  0.2400E+02
  -1.243  0.0000E+00  0.2400E+02
  -1.233  0.0000E+00  0.2400E+02
  -1.223  0.0000E+00  0.2400E+02
  -1.213  0.0000E+00  0.2400E+02
  -1.203  0.0000E+00  0.2400E+02
  -1.193  0.0000E+00  0.2400E+02
  -1.183  0.0000E+00  0.2400E+02
  -1.173  0.0000E+00  0.2400E+02
  -1.163  0.0000E+00  0.2400E+02
  -1.153  0.0000E+00  0.2400E+02
  -1.143  0.0000E+00  0.2400E+02
  -1.133  0.0000E+00  0.2400E+02
  -1.123  0.0000E+00  0.2400E+02
  -1.113  0.0000E+00  0.2400E+02
  -1.103  0.0000E+00  0.2400E+02
  -1.093  0.0000E+00  0.2400E+02
  -1.083  0.0000E+00  0.2400E+02
  -1.073  0.0000E+00  0.2400E+02
  -1.063  0.0000E+00  0.2400E+02
  -1.053  0.0000E+00  0.2400E+02
  -1.043  0.0000E+00  0.2400E+02
  -1.033  0.0000E+00  0.2400E+02
  -1.023  0.0000E+00  0.2400E+02
  -1.013  0.0000E+00  0.2400E+02
  -1.003  0.0000E+00  0.2400E+02
  -0.993  0.0000E+00  0.2400E+02
  -0.983  0.0000E+00  0.2400E+02
  -0.973  0.0000E+00  0.2400E+02
  -0.963  0.0000E+00  0.2400E+02
  -0.953  0.0000E+00  0.2400E+02
  -0.943  0.0000E+00  0.2400E+02
  -0.933  0.0000E+00  0.2400E+02
  -0.923  0.0000E+00  0.2400E+02
  -0.913  0.0000E+00  0.2400E+02
  -0.903  0.0000E+00  0.2400E+02
  -0.893  0.0000E+00  0.2400E+02
  -0.883  0.0000E+00  0.2400E+02
  -0.873  0.0000E+00  0.2400E+02
  -0.863  0.0000E+00  0.2400E+02
  -0.853  0.0000E+00  0.2400E+02
  -0.843  0.0000E+00  0.2400E+02
  -0.833  0.0000E+00  0.2400E+02
  -0.823  0.0000E+00  0.2400E+02
  -0.813  0.0000E+00  0.2400E+02
  -0.803  0.0000E+00  0.2400E+02
  -0.793  0.0000E+00  0.2400E+02
  -0.783  0.0000E+00  0.2400E+02
  -0.773  0.0000E+00  0.2400E+02
  -0.763  0.0000E+00  0.2400E+02
  -0.753  0.0000E+00  0.2400E+02
  -0.743  0.0000E+00  0.2400E+02
  -0.733  0.0000E+00  0.2400E+02
  -0.723  0.0000E+00  0.2400E+02
  -0.713  0.0000E+00  0.2400E+02
  -0.703  0.0000E+00  0.2400E+02
  -0.693  0.0000E+00  0.2400E+02
  -0.683  0.2802E+00  0.2400E+02
  -0.673  0.1497E+01  0.2401E+02
  -0.663  0.2246E+01  0.2403E+02
  -0.653  0.2856E+01  0.2406E+02
  -0.643  0.3466E+01  0.2409E+02
  -0.633  0.4314E+01  0.2413E+02
  -0.623  0.5917E+01  0.2418E+02
  -0.613  0.1166E+02  0.2427E+02
  -0.603  0.1099E+02  0.2439E+02
  -0.593  0.1088E+02  0.2450E+02
  -0.583  0.1150E+02  0.2461E+02
  -0.573  0.1175E+02  0.2472E+02
  -0.563  0.1114E+02  0.2483E+02
  -0.553  0.1140E+02  0.2495E+02
  -0.543  0.1141E+02  0.2506E+02
  -0.533  0.1299E+02  0.2518E+02
  -0.523  0.1294E+02  0.2531E+02
  -0.513  0.1074E+02  0.2543E+02
  -0.503  0.9563E+01  0.2553E+02
  -0.493  0.9085E+01  0.2563E+02
  -0.483  0.8739E+01  0.2572E+02
  -0.473  0.7886E+01  0.2580E+02
  -0.463  0.7248E+01  0.2588E+02
  -0.453  0.6902E+01  0.2595E+02
  -0.443  0.6995E+01  0.2602E+02
  -0.433  0.6756E+01  0.2609E+02
  -0.423  0.6282E+01  0.2615E+02
  -0.413  0.5900E+01  0.2621E+02
  -0.403  0.5566E+01  0.2627E+02
  -0.393  0.5198E+01  0.2632E+02
  -0.383  0.4955E+01  0.2637E+02
  -0.373  0.4864E+01  0.2642E+02
  -0.363  0.4798E+01  0.2647E+02
  -0.353  0.4758E+01  0.2652E+02
  -0.343  0.4897E+01  0.2657E+02
  -0.333  0.5062E+01  0.2662E+02
  -0.323  0.5276E+01  0.2667E+02
  -0.313  0.5788E+01  0.2672E+02
  -0.303  0.7138E+01  0.2679E+02
  -0.293  0.8821E+01  0.2687E+02
  -0.283  0.8948E+01  0.2696E+02
  -0.273  0.8529E+01  0.2705E+02
  -0.263  0.8565E+01  0.2713E+02
  -0.253  0.8157E+01  0.2722E+02
  -0.243  0.7428E+01  0.2729E+02
  -0.233  0.7299E+01  0.2737E+02
  -0.223  0.7280E+01  0.2744E+02
  -0.213  0.7352E+01  0.2751E+02
  -0.203  0.7414E+01  0.2759E+02
  -0.193  0.7157E+01  0.2766E+02
  -0.183  0.6351E+01  0.2773E+02
  -0.173  0.5861E+01  0.2779E+02
  -0.163  0.5642E+01  0.2784E+02
  -0.153  0.5578E+01  0.2790E+02
  -0.143  0.5698E+01  0.2796E+02
  -0.133  0.5584E+01  0.2801E+02
  -0.123  0.5462E+01  0.2807E+02
  -0.113  0.5564E+01  0.2812E+02
  -0.103  0.5960E+01  0.2818E+02
  -0.093  0.7258E+01  0.2825E+02
  -0.083  0.7734E+01  0.2832E+02
  -0.073  0.7770E+01  0.2840E+02
  -0.063  0.8385E+01  0.2848E+02
  -0.053  0.8617E+01  0.2857E+02
  -0.043  0.8101E+01  0.2865E+02
  -0.033  0.8680E+01  0.2873E+02
  -0.023  0.9977E+01  0.2882E+02
  -0.013  0.1267E+02  0.2894E+02
  -0.003  0.1471E+02  0.2907E+02
   0.007  0.1384E+02  0.2923E+02
   0.017  0.8564E+01  0.2934E+02
   0.027  0.6031E+01  0.2941E+02
   0.037  0.4889E+01  0.2946E+02
   0.047  0.4632E+01  0.2951E+02
   0.057  0.4441E+01  0.2955E+02
   0.067  0.4320E+01  0.2960E+02
   0.077  0.4238E+01  0.2964E+02
   0.087  0.4115E+01  0.2968E+02
   0.097  0.3975E+01  0.2972E+02
   0.107  0.3835E+01  0.2976E+02
   0.117  0.3748E+01  0.2980E+02
   0.127  0.3756E+01  0.2984E+02
   0.137  0.4012E+01  0.2988E+02
   0.147  0.4057E+01  0.2992E+02
   0.157  0.4109E+01  0.2996E+02
   0.167  0.3373E+01  0.3000E+02
   0.177  0.2767E+01  0.3002E+02
   0.187  0.1946E+01  0.3005E+02
   0.197  0.1941E+01  0.3007E+02
   0.207  0.2262E+01  0.3009E+02
   0.217  0.2631E+01  0.3011E+02
   0.227  0.3095E+01  0.3014E+02
   0.237  0.3641E+01  0.3017E+02
   0.247  0.4537E+01  0.3021E+02
   0.257  0.6063E+01  0.3027E+02
   0.267  0.7263E+01  0.3033E+02
   0.277  0.8707E+01  0.3041E+02
   0.287  0.1050E+02  0.3051E+02
   0.297  0.1425E+02  0.3064E+02
   0.307  0.1337E+02  0.3077E+02
   0.317  0.1255E+02  0.3090E+02
   0.327  0.1156E+02  0.3102E+02
   0.337  0.1048E+02  0.3113E+02
   0.347  0.8906E+01  0.3123E+02
   0.357  0.7747E+01  0.3131E+02
   0.367  0.7057E+01  0.3139E+02
   0.377  0.6552E+01  0.3146E+02
   0.387  0.6060E+01  0.3152E+02
   0.397  0.5412E+01  0.3158E+02
   0.407  0.4656E+01  0.3163E+02
   0.417  0.4176E+01  0.3167E+02
   0.427  0.3884E+01  0.3171E+02
   0.437  0.3666E+01  0.3175E+02
   0.447  0.3678E+01  0.3179E+02
   0.457  0.3568E+01  0.3182E+02
   0.467  0.3812E+01  0.3186E+02
   0.477  0.3974E+01  0.3190E+02
   0.487  0.4395E+01  0.3194E+02
   0.497  0.4580E+01  0.3198E+02
   0.507  0.6453E+01  0.3204E+02
   0.517  0.1030E+02  0.3212E+02
   0.527  0.1083E+02  0.3223E+02
   0.537  0.1231E+02  0.3234E+02
   0.547  0.1178E+02  0.3246E+02
   0.557  0.1294E+02  0.3259E+02
   0.567  0.1561E+02  0.3273E+02
   0.577  0.1505E+02  0.3288E+02
   0.587  0.1467E+02  0.3303E+02
   0.597  0.1465E+02  0.3318E+02
   0.607  0.1442E+02  0.3332E+02
   0.617  0.1255E+02  0.3346E+02
   0.627  0.1140E+02  0.3358E+02
   0.637  0.1097E+02  0.3369E+02
   0.647  0.7536E+01  0.3379E+02
   0.657  0.2994E+01  0.3384E+02
   0.667  0.1135E+01  0.3386E+02
   0.677  0.1230E+01  0.3387E+02
   0.687  0.1460E+01  0.3388E+02
   0.697  0.1740E+01  0.3390E+02
   0.707  0.2024E+01  0.3392E+02
   0.717  0.2250E+01  0.3394E+02
   0.727  0.2463E+01  0.3396E+02
   0.737  0.2540E+01  0.3399E+02
   0.747  0.2661E+01  0.3401E+02
   0.757  0.2792E+01  0.3404E+02
   0.767  0.3139E+01  0.3407E+02
   0.777  0.3539E+01  0.3410E+02
   0.787  0.4056E+01  0.3414E+02
   0.797  0.5411E+01  0.3419E+02
   0.807  0.5687E+01  0.3424E+02
   0.817  0.5846E+01  0.3430E+02
   0.827  0.6245E+01  0.3436E+02
   0.837  0.6283E+01  0.3442E+02
   0.847  0.6439E+01  0.3449E+02
   0.857  0.6250E+01  0.3455E+02
   0.867  0.5899E+01  0.3461E+02
   0.877  0.5830E+01  0.3467E+02
   0.887  0.5888E+01  0.3473E+02
   0.897  0.5963E+01  0.3479E+02
   0.907  0.6054E+01  0.3485E+02
   0.917  0.6916E+01  0.3491E+02
   0.927  0.7581E+01  0.3498E+02
   0.937  0.8303E+01  0.3506E+02
   0.947  0.8697E+01  0.3515E+02
   0.957  0.9183E+01  0.3524E+02
   0.967  0.1060E+02  0.3534E+02
   0.977  0.1103E+02  0.3545E+02
   0.987  0.1114E+02  0.3556E+02
   0.997  0.1121E+02  0.3567E+02
   1.007  0.1090E+02  0.3578E+02
   1.017  0.1034E+02  0.3589E+02
   1.027  0.1016E+02  0.3599E+02
   1.037  0.1003E+02  0.3609E+02
   1.047  0.1011E+02  0.3619E+02
   1.057  0.1028E+02  0.3629E+02
   1.067  0.1091E+02  0.3640E+02
   1.077  0.1136E+02  0.3651E+02
   1.087  0.9560E+01  0.3662E+02
   1.097  0.1178E+02  0.3672E+02
   1.107  0.1674E+02  0.3686E+02
   1.117  0.1246E+02  0.3701E+02
   1.127  0.1045E+02  0.3713E+02
   1.137  0.9270E+01  0.3723E+02
   1.147  0.7816E+01  0.3731E+02
   1.157  0.6430E+01  0.3738E+02
   1.167  0.5790E+01  0.3744E+02
   1.177  0.5373E+01  0.3750E+02
   1.187  0.5059E+01  0.3755E+02
   1.197  0.4863E+01  0.3760E+02
   1.207  0.4694E+01  0.3765E+02
   1.217  0.4610E+01  0.3770E+02
   1.227  0.4537E+01  0.3774E+02
   1.237  0.4713E+01  0.3779E+02
   1.247  0.5068E+01  0.3784E+02
   1.257  0.5404E+01  0.3789E+02
   1.267  0.6088E+01  0.3795E+02
   1.277  0.7284E+01  0.3801E+02
   1.287  0.8159E+01  0.3809E+02
   1.297  0.8135E+01  0.3817E+02
   1.307  0.7286E+01  0.3825E+02
   1.317  0.7030E+01  0.3832E+02
   1.327  0.7109E+01  0.3839E+02
   1.337  0.7310E+01  0.3846E+02
   1.347  0.7563E+01  0.3853E+02
   1.357  0.8122E+01  0.3861E+02
   1.367  0.8824E+01  0.3870E+02
   1.377  0.9845E+01  0.3879E+02
   1.387  0.9989E+01  0.3889E+02
   1.397  0.1063E+02  0.3899E+02
   1.407  0.1263E+02  0.3911E+02
   1.417  0.1364E+02  0.3924E+02
   1.427  0.1396E+02  0.3938E+02
   1.437  0.1163E+02  0.3950E+02
   1.447  0.1108E+02  0.3962E+02
   1.457  0.9701E+01  0.3972E+02
   1.467  0.8544E+01  0.3981E+02
   1.477  0.7086E+01  0.3989E+02
   1.487  0.6171E+01  0.3996E+02
   1.497  0.5535E+01  0.4002E+02
   1.507  0.5439E+01  0.4007E+02
   1.517  0.5477E+01  0.4013E+02
   1.527  0.5784E+01  0.4018E+02
   1.537  0.6448E+01  0.4024E+02
   1.547  0.9759E+01  0.4032E+02
   1.557  0.1048E+02  0.4043E+02
   1.567  0.9561E+01  0.4053E+02
   1.577  0.9215E+01  0.4062E+02
   1.587  0.9270E+01  0.4071E+02
   1.597  0.9811E+01  0.4081E+02
   1.607  0.1044E+02  0.4091E+02
   1.617  0.1093E+02  0.4101E+02
   1.627  0.1157E+02  0.4113E+02
   1.637  0.1291E+02  0.4125E+02
   1.647  0.1353E+02  0.4138E+02
   1.657  0.1345E+02  0.4152E+02
   1.667  0.1244E+02  0.4165E+02
   1.677  0.1150E+02  0.4177E+02
   1.687  0.1005E+02  0.4188E+02
   1.697  0.4917E+01  0.4195E+02
   1.707  0.2020E+01  0.4199E+02
   1.717  0.4007E+00  0.4200E+02
   1.727  0.7023E-01  0.4200E+02
   1.737  0.9030E+00  0.4200E+02
   1.747  0.3179E+01  0.4202E+02
   1.757  0.3866E+01  0.4206E+02
   1.767  0.4745E+01  0.4210E+02
   1.777  0.7537E+01  0.4216E+02
   1.787  0.9823E+01  0.4225E+02
   1.797  0.9870E+01  0.4235E+02
   1.807  0.9680E+01  0.4245E+02
   1.817  0.9454E+01  0.4254E+02
   1.827  0.9291E+01  0.4264E+02
   1.837  0.9110E+01  0.4273E+02
   1.847  0.8584E+01  0.4282E+02
   1.857  0.8383E+01  0.4290E+02
   1.867  0.8258E+01  0.4298E+02
   1.877  0.8134E+01  0.4307E+02
   1.887  0.8090E+01  0.4315E+02
   1.897  0.7969E+01  0.4323E+02
   1.907  0.7598E+01  0.4331E+02
   1.917  0.7027E+01  0.4338E+02
   1.927  0.6383E+01  0.4345E+02
   1.937  0.5263E+01  0.4350E+02
   1.947  0.4214E+01  0.4355E+02
   1.957  0.4524E+01  0.4359E+02
   1.967  0.6259E+01  0.4365E+02
   1.977  0.6490E+01  0.4372E+02
   1.987  0.5879E+01  0.4378E+02
   1.997  0.5467E+01  0.4384E+02
   2.007  0.5264E+01  0.4389E+02
   2.017  0.4961E+01  0.4394E+02
   2.027  0.4705E+01  0.4399E+02
   2.037  0.4563E+01  0.4403E+02
   2.047  0.4513E+01  0.4408E+02
   2.057  0.4503E+01  0.4413E+02
   2.067  0.4456E+01  0.4417E+02
   2.077  0.4356E+01  0.4421E+02
   2.087  0.4367E+01  0.4426E+02
   2.097  0.4425E+01  0.4430E+02
   2.107  0.4506E+01  0.4435E+02
   2.117  0.4606E+01  0.4439E+02
   2.127  0.4731E+01  0.4444E+02
   2.137  0.4949E+01  0.4449E+02
   2.147  0.5146E+01  0.4454E+02
   2.157  0.5402E+01  0.4459E+02
   2.167  0.5698E+01  0.4465E+02
   2.177  0.6018E+01  0.4470E+02
   2.187  0.6348E+01  0.4477E+02
   2.197  0.6727E+01  0.4483E+02
   2.207  0.7267E+01  0.4490E+02
   2.217  0.7892E+01  0.4498E+02
   2.227  0.8580E+01  0.4506E+02
   2.237  0.9514E+01  0.4515E+02
   2.247  0.1163E+02  0.4526E+02
   2.257  0.1114E+02  0.4537E+02
   2.267  0.1086E+02  0.4548E+02
   2.277  0.1065E+02  0.4559E+02
   2.287  0.1008E+02  0.4569E+02
   2.297  0.9684E+01  0.4579E+02
   2.307  0.9299E+01  0.4589E+02
   2.317  0.8648E+01  0.4598E+02
   2.327  0.7797E+01  0.4606E+02
   2.337  0.6640E+01  0.4613E+02
   2.347  0.4637E+01  0.4619E+02
   2.357  0.4836E+01  0.4623E+02
   2.367  0.5806E+01  0.4628E+02
   2.377  0.7632E+01  0.4635E+02
   2.387  0.7501E+01  0.4643E+02
   2.397  0.6916E+01  0.4650E+02
   2.407  0.6645E+01  0.4657E+02
   2.417  0.6489E+01  0.4663E+02
   2.427  0.6637E+01  0.4670E+02
   2.437  0.6909E+01  0.4677E+02
   2.447  0.7307E+01  0.4684E+02
   2.457  0.8080E+01  0.4692E+02
   2.467  0.9200E+01  0.4700E+02
   2.477  0.1140E+02  0.4710E+02
   2.487  0.1204E+02  0.4722E+02
   2.497  0.1197E+02  0.4734E+02
   2.507  0.1219E+02  0.4746E+02
   2.517  0.1132E+02  0.4758E+02
   2.527  0.1179E+02  0.4770E+02
   2.537  0.1272E+02  0.4782E+02
   2.547  0.6340E+01  0.4792E+02
   2.557  0.3072E+01  0.4796E+02
   2.567  0.1832E+01  0.4799E+02
   2.577  0.2898E+00  0.4800E+02
