#  E (eV)   dos(E)     Int dos(E) EFermi =    2.579 eV
 -16.773  0.0000E+00  0.0000E+00
 -16.763  0.2679E+00  0.9166E-03
 -16.753  0.4034E+00  0.4676E-02
 -16.743  0.5608E+00  0.9484E-02
 -16.733  0.6890E+00  0.1583E-01
 -16.723  0.7458E+00  0.2298E-01
 -16.713  0.8329E+00  0.3086E-01
 -16.703  0.9253E+00  0.3965E-01
 -16.693  0.1012E+01  0.4935E-01
 -16.683  0.1068E+01  0.5975E-01
 -16.673  0.1130E+01  0.7075E-01
 -16.663  0.1192E+01  0.8234E-01
 -16.653  0.1268E+01  0.9464E-01
 -16.643  0.1341E+01  0.1077E+00
 -16.633  0.1406E+01  0.1214E+00
 -16.623  0.1456E+01  0.1357E+00
 -16.613  0.1514E+01  0.1506E+00
 -16.603  0.1576E+01  0.1660E+00
 -16.593  0.1640E+01  0.1821E+00
 -16.583  0.1706E+01  0.1988E+00
 -16.573  0.1769E+01  0.2162E+00
 -16.563  0.1837E+01  0.2342E+00
 -16.553  0.1895E+01  0.2529E+00
 -16.543  0.1954E+01  0.2721E+00
 -16.533  0.2015E+01  0.2920E+00
 -16.523  0.2080E+01  0.3125E+00
 -16.513  0.2152E+01  0.3336E+00
 -16.503  0.2226E+01  0.3555E+00
 -16.493  0.2299E+01  0.3781E+00
 -16.483  0.2372E+01  0.4015E+00
 -16.473  0.2443E+01  0.4256E+00
 -16.463  0.2516E+01  0.4504E+00
 -16.453  0.2599E+01  0.4759E+00
 -16.443  0.2686E+01  0.5024E+00
 -16.433  0.2777E+01  0.5297E+00
 -16.423  0.2873E+01  0.5579E+00
 -16.413  0.2972E+01  0.5871E+00
 -16.403  0.3081E+01  0.6174E+00
 -16.393  0.3204E+01  0.6488E+00
 -16.383  0.3334E+01  0.6815E+00
 -16.373  0.3474E+01  0.7155E+00
 -16.363  0.3631E+01  0.7510E+00
 -16.353  0.3803E+01  0.7882E+00
 -16.343  0.4023E+01  0.8273E+00
 -16.333  0.4283E+01  0.8688E+00
 -16.323  0.4575E+01  0.9130E+00
 -16.313  0.4924E+01  0.9604E+00
 -16.303  0.5345E+01  0.1012E+01
 -16.293  0.5766E+01  0.1067E+01
 -16.283  0.7010E+01  0.1128E+01
 -16.273  0.7100E+01  0.1200E+01
 -16.263  0.7367E+01  0.1272E+01
 -16.253  0.7540E+01  0.1346E+01
 -16.243  0.8060E+01  0.1424E+01
 -16.233  0.8612E+01  0.1507E+01
 -16.223  0.9504E+01  0.1598E+01
 -16.213  0.1134E+02  0.1702E+01
 -16.203  0.7918E+01  0.1794E+01
 -16.193  0.7135E+01  0.1868E+01
 -16.183  0.5924E+01  0.1937E+01
 -16.173  0.2571E+01  0.1973E+01
 -16.163  0.1824E+01  0.1994E+01
 -16.153  0.1436E+01  0.2010E+01
 -16.143  0.1234E+01  0.2024E+01
 -16.133  0.1115E+01  0.2035E+01
 -16.123  0.1026E+01  0.2046E+01
 -16.113  0.9623E+00  0.2056E+01
 -16.103  0.9518E+00  0.2065E+01
 -16.093  0.7631E+00  0.2074E+01
 -16.083  0.8183E+00  0.2082E+01
 -16.073  0.8667E+00  0.2090E+01
 -16.063  0.9139E+00  0.2099E+01
 -16.053  0.9548E+00  0.2108E+01
 -16.043  0.9951E+00  0.2118E+01
 -16.033  0.1044E+01  0.2128E+01
 -16.023  0.1099E+01  0.2139E+01
 -16.013  0.1156E+01  0.2150E+01
 -16.003  0.1216E+01  0.2162E+01
 -15.993  0.1276E+01  0.2175E+01
 -15.983  0.1331E+01  0.2188E+01
 -15.973  0.1481E+01  0.2202E+01
 -15.963  0.1652E+01  0.2217E+01
 -15.953  0.1747E+01  0.2234E+01
 -15.943  0.1873E+01  0.2252E+01
 -15.933  0.2003E+01  0.2272E+01
 -15.923  0.2148E+01  0.2292E+01
 -15.913  0.2305E+01  0.2315E+01
 -15.903  0.2504E+01  0.2339E+01
 -15.893  0.2737E+01  0.2365E+01
 -15.883  0.2997E+01  0.2393E+01
 -15.873  0.3271E+01  0.2425E+01
 -15.863  0.3531E+01  0.2459E+01
 -15.853  0.4000E+01  0.2496E+01
 -15.843  0.4479E+01  0.2539E+01
 -15.833  0.4945E+01  0.2586E+01
 -15.823  0.5679E+01  0.2638E+01
 -15.813  0.6741E+01  0.2700E+01
 -15.803  0.8419E+01  0.2775E+01
 -15.793  0.1278E+02  0.2884E+01
 -15.783  0.1415E+02  0.3028E+01
 -15.773  0.1161E+02  0.3162E+01
 -15.763  0.7393E+01  0.3252E+01
 -15.753  0.6059E+01  0.3318E+01
 -15.743  0.5111E+01  0.3374E+01
 -15.733  0.4576E+01  0.3422E+01
 -15.723  0.4156E+01  0.3466E+01
 -15.713  0.3661E+01  0.3505E+01
 -15.703  0.3334E+01  0.3540E+01
 -15.693  0.3016E+01  0.3571E+01
 -15.683  0.2792E+01  0.3600E+01
 -15.673  0.2585E+01  0.3627E+01
 -15.663  0.2391E+01  0.3652E+01
 -15.653  0.2219E+01  0.3675E+01
 -15.643  0.2070E+01  0.3697E+01
 -15.633  0.1933E+01  0.3717E+01
 -15.623  0.1800E+01  0.3735E+01
 -15.613  0.1672E+01  0.3753E+01
 -15.603  0.1539E+01  0.3769E+01
 -15.593  0.1465E+01  0.3784E+01
 -15.583  0.1382E+01  0.3798E+01
 -15.573  0.1320E+01  0.3811E+01
 -15.563  0.1264E+01  0.3824E+01
 -15.553  0.1208E+01  0.3837E+01
 -15.543  0.1150E+01  0.3849E+01
 -15.533  0.1091E+01  0.3860E+01
 -15.523  0.1033E+01  0.3870E+01
 -15.513  0.9787E+00  0.3880E+01
 -15.503  0.9331E+00  0.3890E+01
 -15.493  0.8907E+00  0.3899E+01
 -15.483  0.9001E+00  0.3908E+01
 -15.473  0.9031E+00  0.3917E+01
 -15.463  0.9056E+00  0.3926E+01
 -15.453  0.8955E+00  0.3935E+01
 -15.443  0.8936E+00  0.3944E+01
 -15.433  0.9063E+00  0.3953E+01
 -15.423  0.9363E+00  0.3962E+01
 -15.413  0.9784E+00  0.3972E+01
 -15.403  0.1023E+01  0.3982E+01
 -15.393  0.1080E+01  0.3992E+01
 -15.383  0.1167E+01  0.4003E+01
 -15.373  0.1233E+01  0.4016E+01
 -15.363  0.1425E+01  0.4029E+01
 -15.353  0.1497E+01  0.4043E+01
 -15.343  0.1616E+01  0.4059E+01
 -15.333  0.1838E+01  0.4076E+01
 -15.323  0.2094E+01  0.4096E+01
 -15.313  0.2623E+01  0.4119E+01
 -15.303  0.3126E+01  0.4150E+01
 -15.293  0.3362E+01  0.4182E+01
 -15.283  0.3587E+01  0.4217E+01
 -15.273  0.3824E+01  0.4254E+01
 -15.263  0.4148E+01  0.4294E+01
 -15.253  0.4521E+01  0.4337E+01
 -15.243  0.5102E+01  0.4385E+01
 -15.233  0.5781E+01  0.4439E+01
 -15.223  0.7384E+01  0.4504E+01
 -15.213  0.1116E+02  0.4591E+01
 -15.203  0.1812E+02  0.4731E+01
 -15.193  0.1643E+02  0.4907E+01
 -15.183  0.1177E+02  0.5042E+01
 -15.173  0.5692E+01  0.5114E+01
 -15.163  0.4661E+01  0.5165E+01
 -15.153  0.4147E+01  0.5209E+01
 -15.143  0.3757E+01  0.5248E+01
 -15.133  0.3432E+01  0.5284E+01
 -15.123  0.3178E+01  0.5317E+01
 -15.113  0.3001E+01  0.5348E+01
 -15.103  0.2840E+01  0.5377E+01
 -15.093  0.2689E+01  0.5405E+01
 -15.083  0.2550E+01  0.5431E+01
 -15.073  0.2424E+01  0.5456E+01
 -15.063  0.2327E+01  0.5480E+01
 -15.053  0.2238E+01  0.5502E+01
 -15.043  0.2152E+01  0.5524E+01
 -15.033  0.2070E+01  0.5545E+01
 -15.023  0.1993E+01  0.5566E+01
 -15.013  0.1918E+01  0.5585E+01
 -15.003  0.1854E+01  0.5604E+01
 -14.993  0.1797E+01  0.5622E+01
 -14.983  0.1742E+01  0.5640E+01
 -14.973  0.1685E+01  0.5657E+01
 -14.963  0.1629E+01  0.5674E+01
 -14.953  0.1574E+01  0.5690E+01
 -14.943  0.1520E+01  0.5705E+01
 -14.933  0.1474E+01  0.5720E+01
 -14.923  0.1431E+01  0.5735E+01
 -14.913  0.1388E+01  0.5749E+01
 -14.903  0.1345E+01  0.5763E+01
 -14.893  0.1302E+01  0.5776E+01
 -14.883  0.1259E+01  0.5789E+01
 -14.873  0.1217E+01  0.5801E+01
 -14.863  0.1179E+01  0.5813E+01
 -14.853  0.1141E+01  0.5825E+01
 -14.843  0.1104E+01  0.5836E+01
 -14.833  0.1067E+01  0.5847E+01
 -14.823  0.1030E+01  0.5857E+01
 -14.813  0.9963E+00  0.5867E+01
 -14.803  0.9615E+00  0.5877E+01
 -14.793  0.9271E+00  0.5886E+01
 -14.783  0.8941E+00  0.5896E+01
 -14.773  0.8577E+00  0.5904E+01
 -14.763  0.8195E+00  0.5913E+01
 -14.753  0.7825E+00  0.5921E+01
 -14.743  0.7502E+00  0.5928E+01
 -14.733  0.7210E+00  0.5936E+01
 -14.723  0.6913E+00  0.5943E+01
 -14.713  0.6630E+00  0.5950E+01
 -14.703  0.6251E+00  0.5956E+01
 -14.693  0.5821E+00  0.5962E+01
 -14.683  0.5432E+00  0.5968E+01
 -14.673  0.7098E+01  0.5984E+01
 -14.663  0.1939E+02  0.6160E+01
 -14.653  0.2174E+02  0.6366E+01
 -14.643  0.1045E+03  0.6808E+01
 -14.633  0.2940E+02  0.7306E+01
 -14.623  0.3168E+02  0.7609E+01
 -14.613  0.5486E+02  0.8004E+01
 -14.603  0.6315E+02  0.8619E+01
 -14.593  0.5262E+02  0.9153E+01
 -14.583  0.4443E+02  0.9619E+01
 -14.573  0.9329E+02  0.1034E+02
 -14.563  0.5199E+02  0.1115E+02
 -14.553  0.2978E+02  0.1153E+02
 -14.543  0.1878E+02  0.1177E+02
 -14.533  0.1021E+02  0.1191E+02
 -14.523  0.4486E+01  0.1199E+02
 -14.513  0.0000E+00  0.1200E+02
 -14.503  0.0000E+00  0.1200E+02
 -14.493  0.0000E+00  0.1200E+02
 -14.483  0.0000E+00  0.1200E+02
 -14.473  0.0000E+00  0.1200E+02
 -14.463  0.0000E+00  0.1200E+02
 -14.453  0.0000E+00  0.1200E+02
 -14.443  0.0000E+00  0.1200E+02
 -14.433  0.0000E+00  0.1200E+02
 -14.423  0.0000E+00  0.1200E+02
 -14.413  0.0000E+00  0.1200E+02
 -14.403  0.0000E+00  0.1200E+02
 -14.393  0.0000E+00  0.1200E+02
 -14.383  0.0000E+00  0.1200E+02
 -14.373  0.0000E+00  0.1200E+02
 -14.363  0.0000E+00  0.1200E+02
 -14.353  0.0000E+00  0.1200E+02
 -14.343  0.0000E+00  0.1200E+02
 -14.333  0.0000E+00  0.1200E+02
 -14.323  0.0000E+00  0.1200E+02
 -14.313  0.0000E+00  0.1200E+02
 -14.303  0.0000E+00  0.1200E+02
 -14.293  0.0000E+00  0.1200E+02
 -14.283  0.0000E+00  0.1200E+02
 -14.273  0.0000E+00  0.1200E+02
 -14.263  0.0000E+00  0.1200E+02
 -14.253  0.0000E+00  0.1200E+02
 -14.243  0.0000E+00  0.1200E+02
 -14.233  0.0000E+00  0.1200E+02
 -14.223  0.0000E+00  0.1200E+02
 -14.213  0.0000E+00  0.1200E+02
 -14.203  0.0000E+00  0.1200E+02
 -14.193  0.0000E+00  0.1200E+02
 -14.183  0.0000E+00  0.1200E+02
 -14.173  0.0000E+00  0.1200E+02
 -14.163  0.0000E+00  0.1200E+02
 -14.153  0.0000E+00  0.1200E+02
 -14.143  0.0000E+00  0.1200E+02
 -14.133  0.0000E+00  0.1200E+02
 -14.123  0.0000E+00  0.1200E+02
 -14.113  0.0000E+00  0.1200E+02
 -14.103  0.0000E+00  0.1200E+02
 -14.093  0.0000E+00  0.1200E+02
 -14.083  0.0000E+00  0.1200E+02
 -14.073  0.0000E+00  0.1200E+02
 -14.063  0.0000E+00  0.1200E+02
 -14.053  0.0000E+00  0.1200E+02
 -14.043  0.0000E+00  0.1200E+02
 -14.033  0.0000E+00  0.1200E+02
 -14.023  0.0000E+00  0.1200E+02
 -14.013  0.0000E+00  0.1200E+02
 -14.003  0.0000E+00  0.1200E+02
 -13.993  0.0000E+00  0.1200E+02
 -13.983  0.0000E+00  0.1200E+02
 -13.973  0.0000E+00  0.1200E+02
 -13.963  0.0000E+00  0.1200E+02
 -13.953  0.0000E+00  0.1200E+02
 -13.943  0.0000E+00  0.1200E+02
 -13.933  0.0000E+00  0.1200E+02
 -13.923  0.0000E+00  0.1200E+02
 -13.913  0.0000E+00  0.1200E+02
 -13.903  0.0000E+00  0.1200E+02
 -13.893  0.0000E+00  0.1200E+02
 -13.883  0.0000E+00  0.1200E+02
 -13.873  0.0000E+00  0.1200E+02
 -13.863  0.0000E+00  0.1200E+02
 -13.853  0.0000E+00  0.1200E+02
 -13.843  0.0000E+00  0.1200E+02
 -13.833  0.0000E+00  0.1200E+02
 -13.823  0.0000E+00  0.1200E+02
 -13.813  0.0000E+00  0.1200E+02
 -13.803  0.0000E+00  0.1200E+02
 -13.793  0.0000E+00  0.1200E+02
 -13.783  0.0000E+00  0.1200E+02
 -13.773  0.0000E+00  0.1200E+02
 -13.763  0.0000E+00  0.1200E+02
 -13.753  0.0000E+00  0.1200E+02
 -13.743  0.0000E+00  0.1200E+02
 -13.733  0.0000E+00  0.1200E+02
 -13.723  0.0000E+00  0.1200E+02
 -13.713  0.0000E+00  0.1200E+02
 -13.703  0.0000E+00  0.1200E+02
 -13.693  0.0000E+00  0.1200E+02
 -13.683  0.0000E+00  0.1200E+02
 -13.673  0.0000E+00  0.1200E+02
 -13.663  0.0000E+00  0.1200E+02
 -13.653  0.0000E+00  0.1200E+02
 -13.643  0.0000E+00  0.1200E+02
 -13.633  0.0000E+00  0.1200E+02
 -13.623  0.0000E+00  0.1200E+02
 -13.613  0.0000E+00  0.1200E+02
 -13.603  0.0000E+00  0.1200E+02
 -13.593  0.0000E+00  0.1200E+02
 -13.583  0.0000E+00  0.1200E+02
 -13.573  0.0000E+00  0.1200E+02
 -13.563  0.0000E+00  0.1200E+02
 -13.553  0.0000E+00  0.1200E+02
 -13.543  0.0000E+00  0.1200E+02
 -13.533  0.0000E+00  0.1200E+02
 -13.523  0.0000E+00  0.1200E+02
 -13.513  0.0000E+00  0.1200E+02
 -13.503  0.0000E+00  0.1200E+02
 -13.493  0.0000E+00  0.1200E+02
 -13.483  0.0000E+00  0.1200E+02
 -13.473  0.0000E+00  0.1200E+02
 -13.463  0.0000E+00  0.1200E+02
 -13.453  0.0000E+00  0.1200E+02
 -13.443  0.0000E+00  0.1200E+02
 -13.433  0.0000E+00  0.1200E+02
 -13.423  0.0000E+00  0.1200E+02
 -13.413  0.0000E+00  0.1200E+02
 -13.403  0.0000E+00  0.1200E+02
 -13.393  0.0000E+00  0.1200E+02
 -13.383  0.0000E+00  0.1200E+02
 -13.373  0.0000E+00  0.1200E+02
 -13.363  0.0000E+00  0.1200E+02
 -13.353  0.0000E+00  0.1200E+02
 -13.343  0.0000E+00  0.1200E+02
 -13.333  0.0000E+00  0.1200E+02
 -13.323  0.0000E+00  0.1200E+02
 -13.313  0.0000E+00  0.1200E+02
 -13.303  0.0000E+00  0.1200E+02
 -13.293  0.0000E+00  0.1200E+02
 -13.283  0.0000E+00  0.1200E+02
 -13.273  0.0000E+00  0.1200E+02
 -13.263  0.0000E+00  0.1200E+02
 -13.253  0.0000E+00  0.1200E+02
 -13.243  0.0000E+00  0.1200E+02
 -13.233  0.0000E+00  0.1200E+02
 -13.223  0.0000E+00  0.1200E+02
 -13.213  0.0000E+00  0.1200E+02
 -13.203  0.0000E+00  0.1200E+02
 -13.193  0.0000E+00  0.1200E+02
 -13.183  0.0000E+00  0.1200E+02
 -13.173  0.0000E+00  0.1200E+02
 -13.163  0.0000E+00  0.1200E+02
 -13.153  0.0000E+00  0.1200E+02
 -13.143  0.0000E+00  0.1200E+02
 -13.133  0.0000E+00  0.1200E+02
 -13.123  0.0000E+00  0.1200E+02
 -13.113  0.0000E+00  0.1200E+02
 -13.103  0.0000E+00  0.1200E+02
 -13.093  0.0000E+00  0.1200E+02
 -13.083  0.0000E+00  0.1200E+02
 -13.073  0.0000E+00  0.1200E+02
 -13.063  0.0000E+00  0.1200E+02
 -13.053  0.0000E+00  0.1200E+02
 -13.043  0.0000E+00  0.1200E+02
 -13.033  0.0000E+00  0.1200E+02
 -13.023  0.0000E+00  0.1200E+02
 -13.013  0.0000E+00  0.1200E+02
 -13.003  0.0000E+00  0.1200E+02
 -12.993  0.0000E+00  0.1200E+02
 -12.983  0.0000E+00  0.1200E+02
 -12.973  0.0000E+00  0.1200E+02
 -12.963  0.0000E+00  0.1200E+02
 -12.953  0.0000E+00  0.1200E+02
 -12.943  0.0000E+00  0.1200E+02
 -12.933  0.0000E+00  0.1200E+02
 -12.923  0.0000E+00  0.1200E+02
 -12.913  0.0000E+00  0.1200E+02
 -12.903  0.0000E+00  0.1200E+02
 -12.893  0.0000E+00  0.1200E+02
 -12.883  0.0000E+00  0.1200E+02
 -12.873  0.0000E+00  0.1200E+02
 -12.863  0.0000E+00  0.1200E+02
 -12.853  0.0000E+00  0.1200E+02
 -12.843  0.0000E+00  0.1200E+02
 -12.833  0.0000E+00  0.1200E+02
 -12.823  0.0000E+00  0.1200E+02
 -12.813  0.0000E+00  0.1200E+02
 -12.803  0.0000E+00  0.1200E+02
 -12.793  0.0000E+00  0.1200E+02
 -12.783  0.0000E+00  0.1200E+02
 -12.773  0.0000E+00  0.1200E+02
 -12.763  0.0000E+00  0.1200E+02
 -12.753  0.0000E+00  0.1200E+02
 -12.743  0.0000E+00  0.1200E+02
 -12.733  0.0000E+00  0.1200E+02
 -12.723  0.0000E+00  0.1200E+02
 -12.713  0.0000E+00  0.1200E+02
 -12.703  0.0000E+00  0.1200E+02
 -12.693  0.0000E+00  0.1200E+02
 -12.683  0.0000E+00  0.1200E+02
 -12.673  0.0000E+00  0.1200E+02
 -12.663  0.0000E+00  0.1200E+02
 -12.653  0.0000E+00  0.1200E+02
 -12.643  0.0000E+00  0.1200E+02
 -12.633  0.0000E+00  0.1200E+02
 -12.623  0.0000E+00  0.1200E+02
 -12.613  0.0000E+00  0.1200E+02
 -12.603  0.0000E+00  0.1200E+02
 -12.593  0.0000E+00  0.1200E+02
 -12.583  0.0000E+00  0.1200E+02
 -12.573  0.0000E+00  0.1200E+02
 -12.563  0.0000E+00  0.1200E+02
 -12.553  0.0000E+00  0.1200E+02
 -12.543  0.0000E+00  0.1200E+02
 -12.533  0.0000E+00  0.1200E+02
 -12.523  0.0000E+00  0.1200E+02
 -12.513  0.0000E+00  0.1200E+02
 -12.503  0.0000E+00  0.1200E+02
 -12.493  0.0000E+00  0.1200E+02
 -12.483  0.0000E+00  0.1200E+02
 -12.473  0.0000E+00  0.1200E+02
 -12.463  0.0000E+00  0.1200E+02
 -12.453  0.0000E+00  0.1200E+02
 -12.443  0.0000E+00  0.1200E+02
 -12.433  0.0000E+00  0.1200E+02
 -12.423  0.0000E+00  0.1200E+02
 -12.413  0.0000E+00  0.1200E+02
 -12.403  0.0000E+00  0.1200E+02
 -12.393  0.0000E+00  0.1200E+02
 -12.383  0.0000E+00  0.1200E+02
 -12.373  0.0000E+00  0.1200E+02
 -12.363  0.0000E+00  0.1200E+02
 -12.353  0.0000E+00  0.1200E+02
 -12.343  0.0000E+00  0.1200E+02
 -12.333  0.0000E+00  0.1200E+02
 -12.323  0.0000E+00  0.1200E+02
 -12.313  0.0000E+00  0.1200E+02
 -12.303  0.0000E+00  0.1200E+02
 -12.293  0.0000E+00  0.1200E+02
 -12.283  0.0000E+00  0.1200E+02
 -12.273  0.0000E+00  0.1200E+02
 -12.263  0.0000E+00  0.1200E+02
 -12.253  0.0000E+00  0.1200E+02
 -12.243  0.0000E+00  0.1200E+02
 -12.233  0.0000E+00  0.1200E+02
 -12.223  0.0000E+00  0.1200E+02
 -12.213  0.0000E+00  0.1200E+02
 -12.203  0.0000E+00  0.1200E+02
 -12.193  0.0000E+00  0.1200E+02
 -12.183  0.0000E+00  0.1200E+02
 -12.173  0.0000E+00  0.1200E+02
 -12.163  0.0000E+00  0.1200E+02
 -12.153  0.0000E+00  0.1200E+02
 -12.143  0.0000E+00  0.1200E+02
 -12.133  0.0000E+00  0.1200E+02
 -12.123  0.0000E+00  0.1200E+02
 -12.113  0.0000E+00  0.1200E+02
 -12.103  0.0000E+00  0.1200E+02
 -12.093  0.0000E+00  0.1200E+02
 -12.083  0.0000E+00  0.1200E+02
 -12.073  0.0000E+00  0.1200E+02
 -12.063  0.0000E+00  0.1200E+02
 -12.053  0.0000E+00  0.1200E+02
 -12.043  0.0000E+00  0.1200E+02
 -12.033  0.0000E+00  0.1200E+02
 -12.023  0.0000E+00  0.1200E+02
 -12.013  0.0000E+00  0.1200E+02
 -12.003  0.0000E+00  0.1200E+02
 -11.993  0.0000E+00  0.1200E+02
 -11.983  0.0000E+00  0.1200E+02
 -11.973  0.0000E+00  0.1200E+02
 -11.963  0.0000E+00  0.1200E+02
 -11.953  0.0000E+00  0.1200E+02
 -11.943  0.0000E+00  0.1200E+02
 -11.933  0.0000E+00  0.1200E+02
 -11.923  0.0000E+00  0.1200E+02
 -11.913  0.0000E+00  0.1200E+02
 -11.903  0.0000E+00  0.1200E+02
 -11.893  0.0000E+00  0.1200E+02
 -11.883  0.0000E+00  0.1200E+02
 -11.873  0.0000E+00  0.1200E+02
 -11.863  0.0000E+00  0.1200E+02
 -11.853  0.0000E+00  0.1200E+02
 -11.843  0.0000E+00  0.1200E+02
 -11.833  0.0000E+00  0.1200E+02
 -11.823  0.0000E+00  0.1200E+02
 -11.813  0.0000E+00  0.1200E+02
 -11.803  0.0000E+00  0.1200E+02
 -11.793  0.0000E+00  0.1200E+02
 -11.783  0.0000E+00  0.1200E+02
 -11.773  0.0000E+00  0.1200E+02
 -11.763  0.0000E+00  0.1200E+02
 -11.753  0.0000E+00  0.1200E+02
 -11.743  0.0000E+00  0.1200E+02
 -11.733  0.0000E+00  0.1200E+02
 -11.723  0.0000E+00  0.1200E+02
 -11.713  0.0000E+00  0.1200E+02
 -11.703  0.0000E+00  0.1200E+02
 -11.693  0.0000E+00  0.1200E+02
 -11.683  0.0000E+00  0.1200E+02
 -11.673  0.0000E+00  0.1200E+02
 -11.663  0.0000E+00  0.1200E+02
 -11.653  0.0000E+00  0.1200E+02
 -11.643  0.0000E+00  0.1200E+02
 -11.633  0.0000E+00  0.1200E+02
 -11.623  0.0000E+00  0.1200E+02
 -11.613  0.0000E+00  0.1200E+02
 -11.603  0.0000E+00  0.1200E+02
 -11.593  0.0000E+00  0.1200E+02
 -11.583  0.0000E+00  0.1200E+02
 -11.573  0.0000E+00  0.1200E+02
 -11.563  0.0000E+00  0.1200E+02
 -11.553  0.0000E+00  0.1200E+02
 -11.543  0.0000E+00  0.1200E+02
 -11.533  0.0000E+00  0.1200E+02
 -11.523  0.0000E+00  0.1200E+02
 -11.513  0.0000E+00  0.1200E+02
 -11.503  0.0000E+00  0.1200E+02
 -11.493  0.0000E+00  0.1200E+02
 -11.483  0.0000E+00  0.1200E+02
 -11.473  0.0000E+00  0.1200E+02
 -11.463  0.0000E+00  0.1200E+02
 -11.453  0.0000E+00  0.1200E+02
 -11.443  0.0000E+00  0.1200E+02
 -11.433  0.0000E+00  0.1200E+02
 -11.423  0.0000E+00  0.1200E+02
 -11.413  0.0000E+00  0.1200E+02
 -11.403  0.0000E+00  0.1200E+02
 -11.393  0.0000E+00  0.1200E+02
 -11.383  0.0000E+00  0.1200E+02
 -11.373  0.0000E+00  0.1200E+02
 -11.363  0.0000E+00  0.1200E+02
 -11.353  0.0000E+00  0.1200E+02
 -11.343  0.0000E+00  0.1200E+02
 -11.333  0.0000E+00  0.1200E+02
 -11.323  0.0000E+00  0.1200E+02
 -11.313  0.0000E+00  0.1200E+02
 -11.303  0.0000E+00  0.1200E+02
 -11.293  0.0000E+00  0.1200E+02
 -11.283  0.0000E+00  0.1200E+02
 -11.273  0.0000E+00  0.1200E+02
 -11.263  0.0000E+00  0.1200E+02
 -11.253  0.0000E+00  0.1200E+02
 -11.243  0.0000E+00  0.1200E+02
 -11.233  0.0000E+00  0.1200E+02
 -11.223  0.0000E+00  0.1200E+02
 -11.213  0.0000E+00  0.1200E+02
 -11.203  0.0000E+00  0.1200E+02
 -11.193  0.0000E+00  0.1200E+02
 -11.183  0.0000E+00  0.1200E+02
 -11.173  0.0000E+00  0.1200E+02
 -11.163  0.0000E+00  0.1200E+02
 -11.153  0.0000E+00  0.1200E+02
 -11.143  0.0000E+00  0.1200E+02
 -11.133  0.0000E+00  0.1200E+02
 -11.123  0.0000E+00  0.1200E+02
 -11.113  0.0000E+00  0.1200E+02
 -11.103  0.0000E+00  0.1200E+02
 -11.093  0.0000E+00  0.1200E+02
 -11.083  0.0000E+00  0.1200E+02
 -11.073  0.0000E+00  0.1200E+02
 -11.063  0.0000E+00  0.1200E+02
 -11.053  0.0000E+00  0.1200E+02
 -11.043  0.0000E+00  0.1200E+02
 -11.033  0.0000E+00  0.1200E+02
 -11.023  0.0000E+00  0.1200E+02
 -11.013  0.0000E+00  0.1200E+02
 -11.003  0.0000E+00  0.1200E+02
 -10.993  0.0000E+00  0.1200E+02
 -10.983  0.0000E+00  0.1200E+02
 -10.973  0.0000E+00  0.1200E+02
 -10.963  0.0000E+00  0.1200E+02
 -10.953  0.0000E+00  0.1200E+02
 -10.943  0.0000E+00  0.1200E+02
 -10.933  0.0000E+00  0.1200E+02
 -10.923  0.0000E+00  0.1200E+02
 -10.913  0.0000E+00  0.1200E+02
 -10.903  0.0000E+00  0.1200E+02
 -10.893  0.0000E+00  0.1200E+02
 -10.883  0.0000E+00  0.1200E+02
 -10.873  0.0000E+00  0.1200E+02
 -10.863  0.0000E+00  0.1200E+02
 -10.853  0.0000E+00  0.1200E+02
 -10.843  0.0000E+00  0.1200E+02
 -10.833  0.0000E+00  0.1200E+02
 -10.823  0.0000E+00  0.1200E+02
 -10.813  0.0000E+00  0.1200E+02
 -10.803  0.0000E+00  0.1200E+02
 -10.793  0.0000E+00  0.1200E+02
 -10.783  0.0000E+00  0.1200E+02
 -10.773  0.0000E+00  0.1200E+02
 -10.763  0.0000E+00  0.1200E+02
 -10.753  0.0000E+00  0.1200E+02
 -10.743  0.0000E+00  0.1200E+02
 -10.733  0.0000E+00  0.1200E+02
 -10.723  0.0000E+00  0.1200E+02
 -10.713  0.0000E+00  0.1200E+02
 -10.703  0.0000E+00  0.1200E+02
 -10.693  0.0000E+00  0.1200E+02
 -10.683  0.0000E+00  0.1200E+02
 -10.673  0.0000E+00  0.1200E+02
 -10.663  0.0000E+00  0.1200E+02
 -10.653  0.0000E+00  0.1200E+02
 -10.643  0.0000E+00  0.1200E+02
 -10.633  0.0000E+00  0.1200E+02
 -10.623  0.0000E+00  0.1200E+02
 -10.613  0.0000E+00  0.1200E+02
 -10.603  0.0000E+00  0.1200E+02
 -10.593  0.0000E+00  0.1200E+02
 -10.583  0.0000E+00  0.1200E+02
 -10.573  0.0000E+00  0.1200E+02
 -10.563  0.0000E+00  0.1200E+02
 -10.553  0.0000E+00  0.1200E+02
 -10.543  0.0000E+00  0.1200E+02
 -10.533  0.0000E+00  0.1200E+02
 -10.523  0.0000E+00  0.1200E+02
 -10.513  0.0000E+00  0.1200E+02
 -10.503  0.0000E+00  0.1200E+02
 -10.493  0.0000E+00  0.1200E+02
 -10.483  0.0000E+00  0.1200E+02
 -10.473  0.0000E+00  0.1200E+02
 -10.463  0.0000E+00  0.1200E+02
 -10.453  0.0000E+00  0.1200E+02
 -10.443  0.0000E+00  0.1200E+02
 -10.433  0.0000E+00  0.1200E+02
 -10.423  0.0000E+00  0.1200E+02
 -10.413  0.0000E+00  0.1200E+02
 -10.403  0.0000E+00  0.1200E+02
 -10.393  0.0000E+00  0.1200E+02
 -10.383  0.0000E+00  0.1200E+02
 -10.373  0.0000E+00  0.1200E+02
 -10.363  0.0000E+00  0.1200E+02
 -10.353  0.0000E+00  0.1200E+02
 -10.343  0.0000E+00  0.1200E+02
 -10.333  0.0000E+00  0.1200E+02
 -10.323  0.0000E+00  0.1200E+02
 -10.313  0.0000E+00  0.1200E+02
 -10.303  0.0000E+00  0.1200E+02
 -10.293  0.0000E+00  0.1200E+02
 -10.283  0.0000E+00  0.1200E+02
 -10.273  0.0000E+00  0.1200E+02
 -10.263  0.0000E+00  0.1200E+02
 -10.253  0.0000E+00  0.1200E+02
 -10.243  0.0000E+00  0.1200E+02
 -10.233  0.0000E+00  0.1200E+02
 -10.223  0.0000E+00  0.1200E+02
 -10.213  0.0000E+00  0.1200E+02
 -10.203  0.0000E+00  0.1200E+02
 -10.193  0.0000E+00  0.1200E+02
 -10.183  0.0000E+00  0.1200E+02
 -10.173  0.0000E+00  0.1200E+02
 -10.163  0.0000E+00  0.1200E+02
 -10.153  0.0000E+00  0.1200E+02
 -10.143  0.0000E+00  0.1200E+02
 -10.133  0.0000E+00  0.1200E+02
 -10.123  0.0000E+00  0.1200E+02
 -10.113  0.0000E+00  0.1200E+02
 -10.103  0.0000E+00  0.1200E+02
 -10.093  0.0000E+00  0.1200E+02
 -10.083  0.0000E+00  0.1200E+02
 -10.073  0.0000E+00  0.1200E+02
 -10.063  0.0000E+00  0.1200E+02
 -10.053  0.0000E+00  0.1200E+02
 -10.043  0.0000E+00  0.1200E+02
 -10.033  0.0000E+00  0.1200E+02
 -10.023  0.0000E+00  0.1200E+02
 -10.013  0.0000E+00  0.1200E+02
 -10.003  0.0000E+00  0.1200E+02
  -9.993  0.0000E+00  0.1200E+02
  -9.983  0.0000E+00  0.1200E+02
  -9.973  0.0000E+00  0.1200E+02
  -9.963  0.0000E+00  0.1200E+02
  -9.953  0.0000E+00  0.1200E+02
  -9.943  0.0000E+00  0.1200E+02
  -9.933  0.0000E+00  0.1200E+02
  -9.923  0.0000E+00  0.1200E+02
  -9.913  0.0000E+00  0.1200E+02
  -9.903  0.0000E+00  0.1200E+02
  -9.893  0.0000E+00  0.1200E+02
  -9.883  0.0000E+00  0.1200E+02
  -9.873  0.0000E+00  0.1200E+02
  -9.863  0.0000E+00  0.1200E+02
  -9.853  0.0000E+00  0.1200E+02
  -9.843  0.0000E+00  0.1200E+02
  -9.833  0.0000E+00  0.1200E+02
  -9.823  0.0000E+00  0.1200E+02
  -9.813  0.0000E+00  0.1200E+02
  -9.803  0.0000E+00  0.1200E+02
  -9.793  0.0000E+00  0.1200E+02
  -9.783  0.0000E+00  0.1200E+02
  -9.773  0.0000E+00  0.1200E+02
  -9.763  0.0000E+00  0.1200E+02
  -9.753  0.0000E+00  0.1200E+02
  -9.743  0.0000E+00  0.1200E+02
  -9.733  0.0000E+00  0.1200E+02
  -9.723  0.0000E+00  0.1200E+02
  -9.713  0.0000E+00  0.1200E+02
  -9.703  0.0000E+00  0.1200E+02
  -9.693  0.0000E+00  0.1200E+02
  -9.683  0.0000E+00  0.1200E+02
  -9.673  0.0000E+00  0.1200E+02
  -9.663  0.0000E+00  0.1200E+02
  -9.653  0.0000E+00  0.1200E+02
  -9.643  0.0000E+00  0.1200E+02
  -9.633  0.0000E+00  0.1200E+02
  -9.623  0.0000E+00  0.1200E+02
  -9.613  0.0000E+00  0.1200E+02
  -9.603  0.0000E+00  0.1200E+02
  -9.593  0.0000E+00  0.1200E+02
  -9.583  0.0000E+00  0.1200E+02
  -9.573  0.0000E+00  0.1200E+02
  -9.563  0.0000E+00  0.1200E+02
  -9.553  0.0000E+00  0.1200E+02
  -9.543  0.0000E+00  0.1200E+02
  -9.533  0.0000E+00  0.1200E+02
  -9.523  0.0000E+00  0.1200E+02
  -9.513  0.0000E+00  0.1200E+02
  -9.503  0.0000E+00  0.1200E+02
  -9.493  0.0000E+00  0.1200E+02
  -9.483  0.0000E+00  0.1200E+02
  -9.473  0.0000E+00  0.1200E+02
  -9.463  0.0000E+00  0.1200E+02
  -9.453  0.0000E+00  0.1200E+02
  -9.443  0.0000E+00  0.1200E+02
  -9.433  0.0000E+00  0.1200E+02
  -9.423  0.0000E+00  0.1200E+02
  -9.413  0.0000E+00  0.1200E+02
  -9.403  0.0000E+00  0.1200E+02
  -9.393  0.0000E+00  0.1200E+02
  -9.383  0.0000E+00  0.1200E+02
  -9.373  0.0000E+00  0.1200E+02
  -9.363  0.0000E+00  0.1200E+02
  -9.353  0.0000E+00  0.1200E+02
  -9.343  0.0000E+00  0.1200E+02
  -9.333  0.0000E+00  0.1200E+02
  -9.323  0.0000E+00  0.1200E+02
  -9.313  0.0000E+00  0.1200E+02
  -9.303  0.0000E+00  0.1200E+02
  -9.293  0.0000E+00  0.1200E+02
  -9.283  0.0000E+00  0.1200E+02
  -9.273  0.0000E+00  0.1200E+02
  -9.263  0.0000E+00  0.1200E+02
  -9.253  0.0000E+00  0.1200E+02
  -9.243  0.0000E+00  0.1200E+02
  -9.233  0.0000E+00  0.1200E+02
  -9.223  0.0000E+00  0.1200E+02
  -9.213  0.0000E+00  0.1200E+02
  -9.203  0.0000E+00  0.1200E+02
  -9.193  0.0000E+00  0.1200E+02
  -9.183  0.0000E+00  0.1200E+02
  -9.173  0.0000E+00  0.1200E+02
  -9.163  0.0000E+00  0.1200E+02
  -9.153  0.0000E+00  0.1200E+02
  -9.143  0.0000E+00  0.1200E+02
  -9.133  0.0000E+00  0.1200E+02
  -9.123  0.0000E+00  0.1200E+02
  -9.113  0.0000E+00  0.1200E+02
  -9.103  0.0000E+00  0.1200E+02
  -9.093  0.0000E+00  0.1200E+02
  -9.083  0.0000E+00  0.1200E+02
  -9.073  0.0000E+00  0.1200E+02
  -9.063  0.0000E+00  0.1200E+02
  -9.053  0.0000E+00  0.1200E+02
  -9.043  0.0000E+00  0.1200E+02
  -9.033  0.0000E+00  0.1200E+02
  -9.023  0.0000E+00  0.1200E+02
  -9.013  0.0000E+00  0.1200E+02
  -9.003  0.0000E+00  0.1200E+02
  -8.993  0.0000E+00  0.1200E+02
  -8.983  0.0000E+00  0.1200E+02
  -8.973  0.0000E+00  0.1200E+02
  -8.963  0.0000E+00  0.1200E+02
  -8.953  0.0000E+00  0.1200E+02
  -8.943  0.0000E+00  0.1200E+02
  -8.933  0.0000E+00  0.1200E+02
  -8.923  0.0000E+00  0.1200E+02
  -8.913  0.0000E+00  0.1200E+02
  -8.903  0.0000E+00  0.1200E+02
  -8.893  0.0000E+00  0.1200E+02
  -8.883  0.0000E+00  0.1200E+02
  -8.873  0.0000E+00  0.1200E+02
  -8.863  0.0000E+00  0.1200E+02
  -8.853  0.0000E+00  0.1200E+02
  -8.843  0.0000E+00  0.1200E+02
  -8.833  0.0000E+00  0.1200E+02
  -8.823  0.0000E+00  0.1200E+02
  -8.813  0.0000E+00  0.1200E+02
  -8.803  0.0000E+00  0.1200E+02
  -8.793  0.0000E+00  0.1200E+02
  -8.783  0.0000E+00  0.1200E+02
  -8.773  0.0000E+00  0.1200E+02
  -8.763  0.0000E+00  0.1200E+02
  -8.753  0.0000E+00  0.1200E+02
  -8.743  0.0000E+00  0.1200E+02
  -8.733  0.0000E+00  0.1200E+02
  -8.723  0.0000E+00  0.1200E+02
  -8.713  0.0000E+00  0.1200E+02
  -8.703  0.0000E+00  0.1200E+02
  -8.693  0.0000E+00  0.1200E+02
  -8.683  0.0000E+00  0.1200E+02
  -8.673  0.0000E+00  0.1200E+02
  -8.663  0.0000E+00  0.1200E+02
  -8.653  0.0000E+00  0.1200E+02
  -8.643  0.0000E+00  0.1200E+02
  -8.633  0.0000E+00  0.1200E+02
  -8.623  0.0000E+00  0.1200E+02
  -8.613  0.0000E+00  0.1200E+02
  -8.603  0.0000E+00  0.1200E+02
  -8.593  0.0000E+00  0.1200E+02
  -8.583  0.0000E+00  0.1200E+02
  -8.573  0.0000E+00  0.1200E+02
  -8.563  0.0000E+00  0.1200E+02
  -8.553  0.0000E+00  0.1200E+02
  -8.543  0.0000E+00  0.1200E+02
  -8.533  0.0000E+00  0.1200E+02
  -8.523  0.0000E+00  0.1200E+02
  -8.513  0.0000E+00  0.1200E+02
  -8.503  0.0000E+00  0.1200E+02
  -8.493  0.0000E+00  0.1200E+02
  -8.483  0.0000E+00  0.1200E+02
  -8.473  0.0000E+00  0.1200E+02
  -8.463  0.0000E+00  0.1200E+02
  -8.453  0.0000E+00  0.1200E+02
  -8.443  0.0000E+00  0.1200E+02
  -8.433  0.0000E+00  0.1200E+02
  -8.423  0.0000E+00  0.1200E+02
  -8.413  0.0000E+00  0.1200E+02
  -8.403  0.0000E+00  0.1200E+02
  -8.393  0.0000E+00  0.1200E+02
  -8.383  0.0000E+00  0.1200E+02
  -8.373  0.0000E+00  0.1200E+02
  -8.363  0.0000E+00  0.1200E+02
  -8.353  0.0000E+00  0.1200E+02
  -8.343  0.0000E+00  0.1200E+02
  -8.333  0.0000E+00  0.1200E+02
  -8.323  0.0000E+00  0.1200E+02
  -8.313  0.0000E+00  0.1200E+02
  -8.303  0.0000E+00  0.1200E+02
  -8.293  0.0000E+00  0.1200E+02
  -8.283  0.0000E+00  0.1200E+02
  -8.273  0.0000E+00  0.1200E+02
  -8.263  0.0000E+00  0.1200E+02
  -8.253  0.0000E+00  0.1200E+02
  -8.243  0.0000E+00  0.1200E+02
  -8.233  0.0000E+00  0.1200E+02
  -8.223  0.0000E+00  0.1200E+02
  -8.213  0.0000E+00  0.1200E+02
  -8.203  0.0000E+00  0.1200E+02
  -8.193  0.0000E+00  0.1200E+02
  -8.183  0.0000E+00  0.1200E+02
  -8.173  0.0000E+00  0.1200E+02
  -8.163  0.0000E+00  0.1200E+02
  -8.153  0.0000E+00  0.1200E+02
  -8.143  0.0000E+00  0.1200E+02
  -8.133  0.0000E+00  0.1200E+02
  -8.123  0.0000E+00  0.1200E+02
  -8.113  0.0000E+00  0.1200E+02
  -8.103  0.0000E+00  0.1200E+02
  -8.093  0.0000E+00  0.1200E+02
  -8.083  0.0000E+00  0.1200E+02
  -8.073  0.0000E+00  0.1200E+02
  -8.063  0.0000E+00  0.1200E+02
  -8.053  0.0000E+00  0.1200E+02
  -8.043  0.0000E+00  0.1200E+02
  -8.033  0.0000E+00  0.1200E+02
  -8.023  0.0000E+00  0.1200E+02
  -8.013  0.0000E+00  0.1200E+02
  -8.003  0.0000E+00  0.1200E+02
  -7.993  0.0000E+00  0.1200E+02
  -7.983  0.0000E+00  0.1200E+02
  -7.973  0.0000E+00  0.1200E+02
  -7.963  0.0000E+00  0.1200E+02
  -7.953  0.0000E+00  0.1200E+02
  -7.943  0.0000E+00  0.1200E+02
  -7.933  0.0000E+00  0.1200E+02
  -7.923  0.0000E+00  0.1200E+02
  -7.913  0.0000E+00  0.1200E+02
  -7.903  0.0000E+00  0.1200E+02
  -7.893  0.0000E+00  0.1200E+02
  -7.883  0.0000E+00  0.1200E+02
  -7.873  0.0000E+00  0.1200E+02
  -7.863  0.0000E+00  0.1200E+02
  -7.853  0.0000E+00  0.1200E+02
  -7.843  0.0000E+00  0.1200E+02
  -7.833  0.0000E+00  0.1200E+02
  -7.823  0.0000E+00  0.1200E+02
  -7.813  0.0000E+00  0.1200E+02
  -7.803  0.0000E+00  0.1200E+02
  -7.793  0.0000E+00  0.1200E+02
  -7.783  0.0000E+00  0.1200E+02
  -7.773  0.0000E+00  0.1200E+02
  -7.763  0.0000E+00  0.1200E+02
  -7.753  0.0000E+00  0.1200E+02
  -7.743  0.0000E+00  0.1200E+02
  -7.733  0.0000E+00  0.1200E+02
  -7.723  0.0000E+00  0.1200E+02
  -7.713  0.0000E+00  0.1200E+02
  -7.703  0.0000E+00  0.1200E+02
  -7.693  0.0000E+00  0.1200E+02
  -7.683  0.0000E+00  0.1200E+02
  -7.673  0.0000E+00  0.1200E+02
  -7.663  0.0000E+00  0.1200E+02
  -7.653  0.0000E+00  0.1200E+02
  -7.643  0.0000E+00  0.1200E+02
  -7.633  0.0000E+00  0.1200E+02
  -7.623  0.0000E+00  0.1200E+02
  -7.613  0.0000E+00  0.1200E+02
  -7.603  0.0000E+00  0.1200E+02
  -7.593  0.0000E+00  0.1200E+02
  -7.583  0.0000E+00  0.1200E+02
  -7.573  0.0000E+00  0.1200E+02
  -7.563  0.0000E+00  0.1200E+02
  -7.553  0.0000E+00  0.1200E+02
  -7.543  0.0000E+00  0.1200E+02
  -7.533  0.0000E+00  0.1200E+02
  -7.523  0.0000E+00  0.1200E+02
  -7.513  0.0000E+00  0.1200E+02
  -7.503  0.0000E+00  0.1200E+02
  -7.493  0.0000E+00  0.1200E+02
  -7.483  0.0000E+00  0.1200E+02
  -7.473  0.0000E+00  0.1200E+02
  -7.463  0.0000E+00  0.1200E+02
  -7.453  0.0000E+00  0.1200E+02
  -7.443  0.0000E+00  0.1200E+02
  -7.433  0.0000E+00  0.1200E+02
  -7.423  0.0000E+00  0.1200E+02
  -7.413  0.0000E+00  0.1200E+02
  -7.403  0.0000E+00  0.1200E+02
  -7.393  0.0000E+00  0.1200E+02
  -7.383  0.0000E+00  0.1200E+02
  -7.373  0.0000E+00  0.1200E+02
  -7.363  0.0000E+00  0.1200E+02
  -7.353  0.0000E+00  0.1200E+02
  -7.343  0.0000E+00  0.1200E+02
  -7.333  0.0000E+00  0.1200E+02
  -7.323  0.0000E+00  0.1200E+02
  -7.313  0.0000E+00  0.1200E+02
  -7.303  0.0000E+00  0.1200E+02
  -7.293  0.0000E+00  0.1200E+02
  -7.283  0.0000E+00  0.1200E+02
  -7.273  0.0000E+00  0.1200E+02
  -7.263  0.0000E+00  0.1200E+02
  -7.253  0.0000E+00  0.1200E+02
  -7.243  0.0000E+00  0.1200E+02
  -7.233  0.0000E+00  0.1200E+02
  -7.223  0.0000E+00  0.1200E+02
  -7.213  0.0000E+00  0.1200E+02
  -7.203  0.0000E+00  0.1200E+02
  -7.193  0.0000E+00  0.1200E+02
  -7.183  0.0000E+00  0.1200E+02
  -7.173  0.0000E+00  0.1200E+02
  -7.163  0.0000E+00  0.1200E+02
  -7.153  0.0000E+00  0.1200E+02
  -7.143  0.0000E+00  0.1200E+02
  -7.133  0.0000E+00  0.1200E+02
  -7.123  0.0000E+00  0.1200E+02
  -7.113  0.0000E+00  0.1200E+02
  -7.103  0.0000E+00  0.1200E+02
  -7.093  0.0000E+00  0.1200E+02
  -7.083  0.0000E+00  0.1200E+02
  -7.073  0.0000E+00  0.1200E+02
  -7.063  0.0000E+00  0.1200E+02
  -7.053  0.0000E+00  0.1200E+02
  -7.043  0.0000E+00  0.1200E+02
  -7.033  0.0000E+00  0.1200E+02
  -7.023  0.0000E+00  0.1200E+02
  -7.013  0.0000E+00  0.1200E+02
  -7.003  0.0000E+00  0.1200E+02
  -6.993  0.0000E+00  0.1200E+02
  -6.983  0.0000E+00  0.1200E+02
  -6.973  0.0000E+00  0.1200E+02
  -6.963  0.0000E+00  0.1200E+02
  -6.953  0.0000E+00  0.1200E+02
  -6.943  0.0000E+00  0.1200E+02
  -6.933  0.0000E+00  0.1200E+02
  -6.923  0.0000E+00  0.1200E+02
  -6.913  0.0000E+00  0.1200E+02
  -6.903  0.0000E+00  0.1200E+02
  -6.893  0.0000E+00  0.1200E+02
  -6.883  0.0000E+00  0.1200E+02
  -6.873  0.0000E+00  0.1200E+02
  -6.863  0.0000E+00  0.1200E+02
  -6.853  0.0000E+00  0.1200E+02
  -6.843  0.0000E+00  0.1200E+02
  -6.833  0.0000E+00  0.1200E+02
  -6.823  0.0000E+00  0.1200E+02
  -6.813  0.0000E+00  0.1200E+02
  -6.803  0.0000E+00  0.1200E+02
  -6.793  0.0000E+00  0.1200E+02
  -6.783  0.0000E+00  0.1200E+02
  -6.773  0.1473E-01  0.1200E+02
  -6.763  0.6282E-01  0.1200E+02
  -6.753  0.1340E+00  0.1200E+02
  -6.743  0.1571E+00  0.1200E+02
  -6.733  0.1570E+00  0.1200E+02
  -6.723  0.1814E+00  0.1201E+02
  -6.713  0.2069E+00  0.1201E+02
  -6.703  0.2334E+00  0.1201E+02
  -6.693  0.2574E+00  0.1201E+02
  -6.683  0.2743E+00  0.1202E+02
  -6.673  0.2851E+00  0.1202E+02
  -6.663  0.2961E+00  0.1202E+02
  -6.653  0.3082E+00  0.1202E+02
  -6.643  0.3232E+00  0.1203E+02
  -6.633  0.3389E+00  0.1203E+02
  -6.623  0.3545E+00  0.1203E+02
  -6.613  0.3706E+00  0.1204E+02
  -6.603  0.3874E+00  0.1204E+02
  -6.593  0.4034E+00  0.1205E+02
  -6.583  0.4182E+00  0.1205E+02
  -6.573  0.4314E+00  0.1205E+02
  -6.563  0.4416E+00  0.1206E+02
  -6.553  0.4538E+00  0.1206E+02
  -6.543  0.4658E+00  0.1207E+02
  -6.533  0.4774E+00  0.1207E+02
  -6.523  0.4894E+00  0.1208E+02
  -6.513  0.5034E+00  0.1208E+02
  -6.503  0.5183E+00  0.1209E+02
  -6.493  0.5333E+00  0.1209E+02
  -6.483  0.5487E+00  0.1210E+02
  -6.473  0.5637E+00  0.1210E+02
  -6.463  0.5773E+00  0.1211E+02
  -6.453  0.5907E+00  0.1211E+02
  -6.443  0.6047E+00  0.1212E+02
  -6.433  0.6175E+00  0.1213E+02
  -6.423  0.6303E+00  0.1213E+02
  -6.413  0.6429E+00  0.1214E+02
  -6.403  0.6566E+00  0.1215E+02
  -6.393  0.6710E+00  0.1215E+02
  -6.383  0.6855E+00  0.1216E+02
  -6.373  0.7000E+00  0.1217E+02
  -6.363  0.7147E+00  0.1217E+02
  -6.353  0.7295E+00  0.1218E+02
  -6.343  0.7444E+00  0.1219E+02
  -6.333  0.7594E+00  0.1220E+02
  -6.323  0.7747E+00  0.1220E+02
  -6.313  0.7929E+00  0.1221E+02
  -6.303  0.8097E+00  0.1222E+02
  -6.293  0.8269E+00  0.1223E+02
  -6.283  0.8444E+00  0.1224E+02
  -6.273  0.8620E+00  0.1224E+02
  -6.263  0.8787E+00  0.1225E+02
  -6.253  0.8949E+00  0.1226E+02
  -6.243  0.9117E+00  0.1227E+02
  -6.233  0.9285E+00  0.1228E+02
  -6.223  0.9453E+00  0.1229E+02
  -6.213  0.9633E+00  0.1230E+02
  -6.203  0.9837E+00  0.1231E+02
  -6.193  0.1006E+01  0.1232E+02
  -6.183  0.1028E+01  0.1233E+02
  -6.173  0.1051E+01  0.1234E+02
  -6.163  0.1074E+01  0.1235E+02
  -6.153  0.1098E+01  0.1236E+02
  -6.143  0.1121E+01  0.1237E+02
  -6.133  0.1146E+01  0.1238E+02
  -6.123  0.1169E+01  0.1239E+02
  -6.113  0.1193E+01  0.1241E+02
  -6.103  0.1218E+01  0.1242E+02
  -6.093  0.1250E+01  0.1243E+02
  -6.083  0.1282E+01  0.1244E+02
  -6.073  0.1314E+01  0.1246E+02
  -6.063  0.1347E+01  0.1247E+02
  -6.053  0.1381E+01  0.1248E+02
  -6.043  0.1417E+01  0.1250E+02
  -6.033  0.1454E+01  0.1251E+02
  -6.023  0.1493E+01  0.1253E+02
  -6.013  0.1533E+01  0.1254E+02
  -6.003  0.1577E+01  0.1256E+02
  -5.993  0.1631E+01  0.1257E+02
  -5.983  0.1691E+01  0.1259E+02
  -5.973  0.1757E+01  0.1261E+02
  -5.963  0.1825E+01  0.1262E+02
  -5.953  0.1898E+01  0.1264E+02
  -5.943  0.1974E+01  0.1266E+02
  -5.933  0.2054E+01  0.1268E+02
  -5.923  0.2141E+01  0.1270E+02
  -5.913  0.2268E+01  0.1273E+02
  -5.903  0.2422E+01  0.1275E+02
  -5.893  0.2589E+01  0.1277E+02
  -5.883  0.3505E+01  0.1280E+02
  -5.873  0.4638E+01  0.1285E+02
  -5.863  0.5687E+01  0.1290E+02
  -5.853  0.7374E+01  0.1296E+02
  -5.843  0.1082E+02  0.1305E+02
  -5.833  0.1258E+02  0.1317E+02
  -5.823  0.1147E+02  0.1330E+02
  -5.813  0.7653E+01  0.1339E+02
  -5.803  0.5936E+01  0.1346E+02
  -5.793  0.4986E+01  0.1351E+02
  -5.783  0.4233E+01  0.1356E+02
  -5.773  0.3622E+01  0.1360E+02
  -5.763  0.3207E+01  0.1363E+02
  -5.753  0.2967E+01  0.1366E+02
  -5.743  0.2752E+01  0.1369E+02
  -5.733  0.2507E+01  0.1372E+02
  -5.723  0.2302E+01  0.1374E+02
  -5.713  0.2130E+01  0.1376E+02
  -5.703  0.2016E+01  0.1378E+02
  -5.693  0.1847E+01  0.1380E+02
  -5.683  0.1517E+01  0.1382E+02
  -5.673  0.1411E+01  0.1384E+02
  -5.663  0.1286E+01  0.1385E+02
  -5.653  0.1171E+01  0.1386E+02
  -5.643  0.1070E+01  0.1387E+02
  -5.633  0.9895E+00  0.1388E+02
  -5.623  0.9217E+00  0.1389E+02
  -5.613  0.8612E+00  0.1390E+02
  -5.603  0.8101E+00  0.1391E+02
  -5.593  0.7678E+00  0.1392E+02
  -5.583  0.7253E+00  0.1393E+02
  -5.573  0.6889E+00  0.1393E+02
  -5.563  0.6572E+00  0.1394E+02
  -5.553  0.6306E+00  0.1395E+02
  -5.543  0.6074E+00  0.1395E+02
  -5.533  0.5751E+00  0.1396E+02
  -5.523  0.5402E+00  0.1396E+02
  -5.513  0.5220E+00  0.1397E+02
  -5.503  0.5096E+00  0.1398E+02
  -5.493  0.4976E+00  0.1398E+02
  -5.483  0.4845E+00  0.1399E+02
  -5.473  0.4723E+00  0.1399E+02
  -5.463  0.4611E+00  0.1399E+02
  -5.453  0.4524E+00  0.1400E+02
  -5.443  0.4446E+00  0.1400E+02
  -5.433  0.4366E+00  0.1401E+02
  -5.423  0.4292E+00  0.1401E+02
  -5.413  0.4225E+00  0.1402E+02
  -5.403  0.4164E+00  0.1402E+02
  -5.393  0.4113E+00  0.1403E+02
  -5.383  0.4106E+00  0.1403E+02
  -5.373  0.4175E+00  0.1403E+02
  -5.363  0.4220E+00  0.1404E+02
  -5.353  0.4255E+00  0.1404E+02
  -5.343  0.4266E+00  0.1405E+02
  -5.333  0.4321E+00  0.1405E+02
  -5.323  0.4314E+00  0.1405E+02
  -5.313  0.4308E+00  0.1406E+02
  -5.303  0.4301E+00  0.1406E+02
  -5.293  0.4305E+00  0.1407E+02
  -5.283  0.4340E+00  0.1407E+02
  -5.273  0.4390E+00  0.1408E+02
  -5.263  0.4351E+00  0.1408E+02
  -5.253  0.4520E+00  0.1408E+02
  -5.243  0.4699E+00  0.1409E+02
  -5.233  0.4876E+00  0.1409E+02
  -5.223  0.5038E+00  0.1410E+02
  -5.213  0.5193E+00  0.1410E+02
  -5.203  0.5342E+00  0.1411E+02
  -5.193  0.5490E+00  0.1412E+02
  -5.183  0.5635E+00  0.1412E+02
  -5.173  0.5809E+00  0.1413E+02
  -5.163  0.6002E+00  0.1413E+02
  -5.153  0.6206E+00  0.1414E+02
  -5.143  0.6411E+00  0.1414E+02
  -5.133  0.6624E+00  0.1415E+02
  -5.123  0.6845E+00  0.1416E+02
  -5.113  0.7064E+00  0.1416E+02
  -5.103  0.7280E+00  0.1417E+02
  -5.093  0.7494E+00  0.1418E+02
  -5.083  0.7708E+00  0.1419E+02
  -5.073  0.7921E+00  0.1419E+02
  -5.063  0.8123E+00  0.1420E+02
  -5.053  0.8348E+00  0.1421E+02
  -5.043  0.8684E+00  0.1422E+02
  -5.033  0.9013E+00  0.1423E+02
  -5.023  0.9531E+00  0.1424E+02
  -5.013  0.9954E+00  0.1425E+02
  -5.003  0.1038E+01  0.1426E+02
  -4.993  0.1081E+01  0.1427E+02
  -4.983  0.1125E+01  0.1428E+02
  -4.973  0.1170E+01  0.1429E+02
  -4.963  0.1217E+01  0.1430E+02
  -4.953  0.1269E+01  0.1432E+02
  -4.943  0.1331E+01  0.1433E+02
  -4.933  0.1395E+01  0.1434E+02
  -4.923  0.1465E+01  0.1436E+02
  -4.913  0.1540E+01  0.1437E+02
  -4.903  0.1620E+01  0.1439E+02
  -4.893  0.1708E+01  0.1440E+02
  -4.883  0.1809E+01  0.1442E+02
  -4.873  0.1912E+01  0.1444E+02
  -4.863  0.2028E+01  0.1446E+02
  -4.853  0.2220E+01  0.1448E+02
  -4.843  0.2448E+01  0.1450E+02
  -4.833  0.2657E+01  0.1453E+02
  -4.823  0.2899E+01  0.1456E+02
  -4.813  0.3182E+01  0.1459E+02
  -4.803  0.3206E+01  0.1462E+02
  -4.793  0.3328E+01  0.1465E+02
  -4.783  0.3472E+01  0.1469E+02
  -4.773  0.3722E+01  0.1472E+02
  -4.763  0.3962E+01  0.1476E+02
  -4.753  0.4367E+01  0.1480E+02
  -4.743  0.5023E+01  0.1485E+02
  -4.733  0.5773E+01  0.1490E+02
  -4.723  0.5898E+01  0.1496E+02
  -4.713  0.6088E+01  0.1502E+02
  -4.703  0.5226E+01  0.1508E+02
  -4.693  0.5043E+01  0.1513E+02
  -4.683  0.4961E+01  0.1518E+02
  -4.673  0.4361E+01  0.1522E+02
  -4.663  0.3860E+01  0.1527E+02
  -4.653  0.3482E+01  0.1530E+02
  -4.643  0.3172E+01  0.1533E+02
  -4.633  0.2940E+01  0.1537E+02
  -4.623  0.2752E+01  0.1539E+02
  -4.613  0.2588E+01  0.1542E+02
  -4.603  0.2427E+01  0.1545E+02
  -4.593  0.2291E+01  0.1547E+02
  -4.583  0.2172E+01  0.1549E+02
  -4.573  0.2058E+01  0.1551E+02
  -4.563  0.1970E+01  0.1553E+02
  -4.553  0.1888E+01  0.1555E+02
  -4.543  0.1809E+01  0.1557E+02
  -4.533  0.1733E+01  0.1559E+02
  -4.523  0.1660E+01  0.1561E+02
  -4.513  0.1585E+01  0.1562E+02
  -4.503  0.1516E+01  0.1564E+02
  -4.493  0.1451E+01  0.1565E+02
  -4.483  0.1391E+01  0.1567E+02
  -4.473  0.1337E+01  0.1568E+02
  -4.463  0.1286E+01  0.1569E+02
  -4.453  0.1237E+01  0.1571E+02
  -4.443  0.1191E+01  0.1572E+02
  -4.433  0.1147E+01  0.1573E+02
  -4.423  0.1105E+01  0.1574E+02
  -4.413  0.1066E+01  0.1575E+02
  -4.403  0.1027E+01  0.1576E+02
  -4.393  0.9875E+00  0.1577E+02
  -4.383  0.9468E+00  0.1578E+02
  -4.373  0.9175E+00  0.1579E+02
  -4.363  0.8842E+00  0.1580E+02
  -4.353  0.8518E+00  0.1581E+02
  -4.343  0.8197E+00  0.1582E+02
  -4.333  0.7879E+00  0.1582E+02
  -4.323  0.7567E+00  0.1583E+02
  -4.313  0.7478E+00  0.1584E+02
  -4.303  0.7023E+00  0.1585E+02
  -4.293  0.6257E+00  0.1585E+02
  -4.283  0.6075E+00  0.1586E+02
  -4.273  0.5901E+00  0.1587E+02
  -4.263  0.5735E+00  0.1587E+02
  -4.253  0.5577E+00  0.1588E+02
  -4.243  0.5436E+00  0.1588E+02
  -4.233  0.5293E+00  0.1589E+02
  -4.223  0.5149E+00  0.1589E+02
  -4.213  0.5002E+00  0.1590E+02
  -4.203  0.4855E+00  0.1590E+02
  -4.193  0.4709E+00  0.1591E+02
  -4.183  0.4557E+00  0.1591E+02
  -4.173  0.4406E+00  0.1592E+02
  -4.163  0.4251E+00  0.1592E+02
  -4.153  0.4103E+00  0.1593E+02
  -4.143  0.3968E+00  0.1593E+02
  -4.133  0.3847E+00  0.1593E+02
  -4.123  0.3727E+00  0.1594E+02
  -4.113  0.3608E+00  0.1594E+02
  -4.103  0.3490E+00  0.1594E+02
  -4.093  0.3371E+00  0.1595E+02
  -4.083  0.3249E+00  0.1595E+02
  -4.073  0.3118E+00  0.1595E+02
  -4.063  0.2982E+00  0.1596E+02
  -4.053  0.2828E+00  0.1596E+02
  -4.043  0.2709E+00  0.1596E+02
  -4.033  0.6674E+00  0.1597E+02
  -4.023  0.5413E+00  0.1597E+02
  -4.013  0.7878E+00  0.1598E+02
  -4.003  0.1726E+01  0.1599E+02
  -3.993  0.2041E+01  0.1601E+02
  -3.983  0.2097E+01  0.1603E+02
  -3.973  0.2116E+01  0.1605E+02
  -3.963  0.2197E+01  0.1607E+02
  -3.953  0.2282E+01  0.1610E+02
  -3.943  0.2338E+01  0.1612E+02
  -3.933  0.2405E+01  0.1614E+02
  -3.923  0.2486E+01  0.1617E+02
  -3.913  0.2582E+01  0.1619E+02
  -3.903  0.2708E+01  0.1622E+02
  -3.893  0.2861E+01  0.1625E+02
  -3.883  0.3015E+01  0.1628E+02
  -3.873  0.3181E+01  0.1631E+02
  -3.863  0.3702E+01  0.1634E+02
  -3.853  0.4236E+01  0.1638E+02
  -3.843  0.3956E+01  0.1642E+02
  -3.833  0.3750E+01  0.1646E+02
  -3.823  0.3608E+01  0.1650E+02
  -3.813  0.3509E+01  0.1653E+02
  -3.803  0.3338E+01  0.1657E+02
  -3.793  0.3216E+01  0.1660E+02
  -3.783  0.3141E+01  0.1663E+02
  -3.773  0.3051E+01  0.1666E+02
  -3.763  0.2977E+01  0.1669E+02
  -3.753  0.2903E+01  0.1672E+02
  -3.743  0.2837E+01  0.1675E+02
  -3.733  0.2781E+01  0.1678E+02
  -3.723  0.2720E+01  0.1681E+02
  -3.713  0.2668E+01  0.1683E+02
  -3.703  0.2620E+01  0.1686E+02
  -3.693  0.2570E+01  0.1689E+02
  -3.683  0.2517E+01  0.1691E+02
  -3.673  0.2470E+01  0.1694E+02
  -3.663  0.2432E+01  0.1696E+02
  -3.653  0.2396E+01  0.1699E+02
  -3.643  0.2364E+01  0.1701E+02
  -3.633  0.2337E+01  0.1703E+02
  -3.623  0.2313E+01  0.1706E+02
  -3.613  0.2288E+01  0.1708E+02
  -3.603  0.2263E+01  0.1710E+02
  -3.593  0.2234E+01  0.1712E+02
  -3.583  0.2206E+01  0.1715E+02
  -3.573  0.2180E+01  0.1717E+02
  -3.563  0.2159E+01  0.1719E+02
  -3.553  0.2142E+01  0.1721E+02
  -3.543  0.2127E+01  0.1723E+02
  -3.533  0.2110E+01  0.1725E+02
  -3.523  0.2091E+01  0.1728E+02
  -3.513  0.2069E+01  0.1730E+02
  -3.503  0.2045E+01  0.1732E+02
  -3.493  0.2024E+01  0.1734E+02
  -3.483  0.2003E+01  0.1736E+02
  -3.473  0.1978E+01  0.1738E+02
  -3.463  0.1959E+01  0.1740E+02
  -3.453  0.1940E+01  0.1742E+02
  -3.443  0.1918E+01  0.1744E+02
  -3.433  0.1896E+01  0.1745E+02
  -3.423  0.1893E+01  0.1747E+02
  -3.413  0.1893E+01  0.1749E+02
  -3.403  0.1882E+01  0.1751E+02
  -3.393  0.1848E+01  0.1753E+02
  -3.383  0.1807E+01  0.1755E+02
  -3.373  0.1746E+01  0.1757E+02
  -3.363  0.1673E+01  0.1758E+02
  -3.353  0.1600E+01  0.1760E+02
  -3.343  0.1535E+01  0.1761E+02
  -3.333  0.1480E+01  0.1763E+02
  -3.323  0.1439E+01  0.1764E+02
  -3.313  0.1401E+01  0.1766E+02
  -3.303  0.1366E+01  0.1767E+02
  -3.293  0.1332E+01  0.1769E+02
  -3.283  0.1297E+01  0.1770E+02
  -3.273  0.1262E+01  0.1771E+02
  -3.263  0.1229E+01  0.1772E+02
  -3.253  0.1199E+01  0.1774E+02
  -3.243  0.1168E+01  0.1775E+02
  -3.233  0.1137E+01  0.1776E+02
  -3.223  0.1106E+01  0.1777E+02
  -3.213  0.1076E+01  0.1778E+02
  -3.203  0.1047E+01  0.1779E+02
  -3.193  0.1018E+01  0.1780E+02
  -3.183  0.9895E+00  0.1781E+02
  -3.173  0.9603E+00  0.1782E+02
  -3.163  0.9375E+00  0.1783E+02
  -3.153  0.9184E+00  0.1784E+02
  -3.143  0.8991E+00  0.1785E+02
  -3.133  0.8793E+00  0.1786E+02
  -3.123  0.8573E+00  0.1787E+02
  -3.113  0.8282E+00  0.1788E+02
  -3.103  0.7975E+00  0.1788E+02
  -3.093  0.7682E+00  0.1789E+02
  -3.083  0.7412E+00  0.1790E+02
  -3.073  0.8248E+00  0.1791E+02
  -3.063  0.1130E+01  0.1792E+02
  -3.053  0.1313E+01  0.1793E+02
  -3.043  0.1460E+01  0.1794E+02
  -3.033  0.1647E+01  0.1796E+02
  -3.023  0.1841E+01  0.1798E+02
  -3.013  0.1997E+01  0.1800E+02
  -3.003  0.2204E+01  0.1802E+02
  -2.993  0.2433E+01  0.1804E+02
  -2.983  0.2738E+01  0.1807E+02
  -2.973  0.3049E+01  0.1809E+02
  -2.963  0.3448E+01  0.1813E+02
  -2.953  0.3983E+01  0.1816E+02
  -2.943  0.4947E+01  0.1821E+02
  -2.933  0.1046E+02  0.1828E+02
  -2.923  0.1734E+02  0.1842E+02
  -2.913  0.1964E+02  0.1861E+02
  -2.903  0.2251E+02  0.1882E+02
  -2.893  0.2478E+02  0.1905E+02
  -2.883  0.1574E+02  0.1926E+02
  -2.873  0.1441E+02  0.1941E+02
  -2.863  0.1344E+02  0.1955E+02
  -2.853  0.1071E+02  0.1967E+02
  -2.843  0.9311E+01  0.1977E+02
  -2.833  0.8826E+01  0.1986E+02
  -2.823  0.8523E+01  0.1994E+02
  -2.813  0.8524E+01  0.2003E+02
  -2.803  0.8922E+01  0.2011E+02
  -2.793  0.8819E+01  0.2020E+02
  -2.783  0.9423E+01  0.2029E+02
  -2.773  0.1054E+02  0.2039E+02
  -2.763  0.9009E+01  0.2049E+02
  -2.753  0.7691E+01  0.2058E+02
  -2.743  0.6878E+01  0.2065E+02
  -2.733  0.6703E+01  0.2072E+02
  -2.723  0.6312E+01  0.2078E+02
  -2.713  0.5974E+01  0.2084E+02
  -2.703  0.5619E+01  0.2090E+02
  -2.693  0.5394E+01  0.2095E+02
  -2.683  0.5310E+01  0.2101E+02
  -2.673  0.5236E+01  0.2106E+02
  -2.663  0.5210E+01  0.2111E+02
  -2.653  0.5164E+01  0.2117E+02
  -2.643  0.5282E+01  0.2122E+02
  -2.633  0.5257E+01  0.2127E+02
  -2.623  0.5309E+01  0.2132E+02
  -2.613  0.5321E+01  0.2138E+02
  -2.603  0.5489E+01  0.2143E+02
  -2.593  0.5902E+01  0.2149E+02
  -2.583  0.6587E+01  0.2155E+02
  -2.573  0.6547E+01  0.2162E+02
  -2.563  0.6635E+01  0.2168E+02
  -2.553  0.6783E+01  0.2175E+02
  -2.543  0.7056E+01  0.2182E+02
  -2.533  0.7269E+01  0.2189E+02
  -2.523  0.6593E+01  0.2196E+02
  -2.513  0.5375E+01  0.2202E+02
  -2.503  0.4183E+01  0.2207E+02
  -2.493  0.2306E+01  0.2210E+02
  -2.483  0.1732E+01  0.2212E+02
  -2.473  0.2293E+01  0.2214E+02
  -2.463  0.3235E+01  0.2216E+02
  -2.453  0.5373E+01  0.2220E+02
  -2.443  0.7927E+01  0.2227E+02
  -2.433  0.8755E+01  0.2236E+02
  -2.423  0.8075E+01  0.2244E+02
  -2.413  0.7913E+01  0.2252E+02
  -2.403  0.7870E+01  0.2260E+02
  -2.393  0.7937E+01  0.2268E+02
  -2.383  0.7964E+01  0.2276E+02
  -2.373  0.8335E+01  0.2284E+02
  -2.363  0.7522E+01  0.2292E+02
  -2.353  0.6586E+01  0.2299E+02
  -2.343  0.6066E+01  0.2306E+02
  -2.333  0.5682E+01  0.2311E+02
  -2.323  0.5394E+01  0.2317E+02
  -2.313  0.5150E+01  0.2322E+02
  -2.303  0.4934E+01  0.2327E+02
  -2.293  0.4739E+01  0.2332E+02
  -2.283  0.4578E+01  0.2337E+02
  -2.273  0.4423E+01  0.2341E+02
  -2.263  0.4261E+01  0.2346E+02
  -2.253  0.4111E+01  0.2350E+02
  -2.243  0.3962E+01  0.2354E+02
  -2.233  0.3808E+01  0.2358E+02
  -2.223  0.3698E+01  0.2361E+02
  -2.213  0.3596E+01  0.2365E+02
  -2.203  0.3442E+01  0.2369E+02
  -2.193  0.3295E+01  0.2372E+02
  -2.183  0.3155E+01  0.2375E+02
  -2.173  0.2990E+01  0.2378E+02
  -2.163  0.2713E+01  0.2381E+02
  -2.153  0.2488E+01  0.2384E+02
  -2.143  0.2421E+01  0.2386E+02
  -2.133  0.2385E+01  0.2389E+02
  -2.123  0.2403E+01  0.2391E+02
  -2.113  0.1741E+01  0.2393E+02
  -2.103  0.1408E+01  0.2395E+02
  -2.093  0.1229E+01  0.2396E+02
  -2.083  0.1020E+01  0.2397E+02
  -2.073  0.8863E+00  0.2398E+02
  -2.063  0.7094E+00  0.2399E+02
  -2.053  0.5255E+00  0.2399E+02
  -2.043  0.3316E+00  0.2400E+02
  -2.033  0.0000E+00  0.2400E+02
  -2.023  0.0000E+00  0.2400E+02
  -2.013  0.0000E+00  0.2400E+02
  -2.003  0.0000E+00  0.2400E+02
  -1.993  0.0000E+00  0.2400E+02
  -1.983  0.0000E+00  0.2400E+02
  -1.973  0.0000E+00  0.2400E+02
  -1.963  0.0000E+00  0.2400E+02
  -1.953  0.0000E+00  0.2400E+02
  -1.943  0.0000E+00  0.2400E+02
  -1.933  0.0000E+00  0.2400E+02
  -1.923  0.0000E+00  0.2400E+02
  -1.913  0.0000E+00  0.2400E+02
  -1.903  0.0000E+00  0.2400E+02
  -1.893  0.0000E+00  0.2400E+02
  -1.883  0.0000E+00  0.2400E+02
  -1.873  0.0000E+00  0.2400E+02
  -1.863  0.0000E+00  0.2400E+02
  -1.853  0.0000E+00  0.2400E+02
  -1.843  0.0000E+00  0.2400E+02
  -1.833  0.0000E+00  0.2400E+02
  -1.823  0.0000E+00  0.2400E+02
  -1.813  0.0000E+00  0.2400E+02
  -1.803  0.0000E+00  0.2400E+02
  -1.793  0.0000E+00  0.2400E+02
  -1.783  0.0000E+00  0.2400E+02
  -1.773  0.0000E+00  0.2400E+02
  -1.763  0.0000E+00  0.2400E+02
  -1.753  0.0000E+00  0.2400E+02
  -1.743  0.0000E+00  0.2400E+02
  -1.733  0.0000E+00  0.2400E+02
  -1.723  0.0000E+00  0.2400E+02
  -1.713  0.0000E+00  0.2400E+02
  -1.703  0.0000E+00  0.2400E+02
  -1.693  0.0000E+00  0.2400E+02
  -1.683  0.0000E+00  0.2400E+02
  -1.673  0.0000E+00  0.2400E+02
  -1.663  0.0000E+00  0.2400E+02
  -1.653  0.0000E+00  0.2400E+02
  -1.643  0.0000E+00  0.2400E+02
  -1.633  0.0000E+00  0.2400E+02
  -1.623  0.0000E+00  0.2400E+02
  -1.613  0.0000E+00  0.2400E+02
  -1.603  0.0000E+00  0.2400E+02
  -1.593  0.0000E+00  0.2400E+02
  -1.583  0.0000E+00  0.2400E+02
  -1.573  0.0000E+00  0.2400E+02
  -1.563  0.0000E+00  0.2400E+02
  -1.553  0.0000E+00  0.2400E+02
  -1.543  0.0000E+00  0.2400E+02
  -1.533  0.0000E+00  0.2400E+02
  -1.523  0.0000E+00  0.2400E+02
  -1.513  0.0000E+00  0.2400E+02
  -1.503  0.0000E+00  0.2400E+02
  -1.493  0.0000E+00  0.2400E+02
  -1.483  0.0000E+00  0.2400E+02
  -1.473  0.0000E+00  0.2400E+02
  -1.463  0.0000E+00  0.2400E+02
  -1.453  0.0000E+00  0.2400E+02
  -1.443  0.0000E+00  0.2400E+02
  -1.433  0.0000E+00  0.2400E+02
  -1.423  0.0000E+00  0.2400E+02
  -1.413  0.0000E+00  0.2400E+02
  -1.403  0.0000E+00  0.2400E+02
  -1.393  0.0000E+00  0.2400E+02
  -1.383  0.0000E+00  0.2400E+02
  -1.373  0.0000E+00  0.2400E+02
  -1.363  0.0000E+00  0.2400E+02
  -1.353  0.0000E+00  0.2400E+02
  -1.343  0.0000E+00  0.2400E+02
  -1.333  0.0000E+00  0.2400E+02
  -1.323  0.0000E+00  0.2400E+02
  -1.313  0.0000E+00  0.2400E+02
  -1.303  0.0000E+00  0.2400E+02
  -1.293  0.0000E+00  0.2400E+02
  -1.283  0.0000E+00  0.2400E+02
  -1.273  0.0000E+00  0.2400E+02
  -1.263  0.0000E+00  0.2400E+02
  -1.253  0.0000E+00  0.2400E+02
  -1.243  0.0000E+00  0.2400E+02
  -1.233  0.0000E+00  0.2400E+02
  -1.223  0.0000E+00  0.2400E+02
  -1.213  0.0000E+00  0.2400E+02
  -1.203  0.0000E+00  0.2400E+02
  -1.193  0.0000E+00  0.2400E+02
  -1.183  0.0000E+00  0.2400E+02
  -1.173  0.0000E+00  0.2400E+02
  -1.163  0.0000E+00  0.2400E+02
  -1.153  0.0000E+00  0.2400E+02
  -1.143  0.0000E+00  0.2400E+02
  -1.133  0.0000E+00  0.2400E+02
  -1.123  0.0000E+00  0.2400E+02
  -1.113  0.0000E+00  0.2400E+02
  -1.103  0.0000E+00  0.2400E+02
  -1.093  0.0000E+00  0.2400E+02
  -1.083  0.0000E+00  0.2400E+02
  -1.073  0.0000E+00  0.2400E+02
  -1.063  0.0000E+00  0.2400E+02
  -1.053  0.0000E+00  0.2400E+02
  -1.043  0.0000E+00  0.2400E+02
  -1.033  0.0000E+00  0.2400E+02
  -1.023  0.0000E+00  0.2400E+02
  -1.013  0.0000E+00  0.2400E+02
  -1.003  0.0000E+00  0.2400E+02
  -0.993  0.0000E+00  0.2400E+02
  -0.983  0.0000E+00  0.2400E+02
  -0.973  0.0000E+00  0.2400E+02
  -0.963  0.0000E+00  0.2400E+02
  -0.953  0.0000E+00  0.2400E+02
  -0.943  0.0000E+00  0.2400E+02
  -0.933  0.0000E+00  0.2400E+02
  -0.923  0.0000E+00  0.2400E+02
  -0.913  0.0000E+00  0.2400E+02
  -0.903  0.0000E+00  0.2400E+02
  -0.893  0.0000E+00  0.2400E+02
  -0.883  0.0000E+00  0.2400E+02
  -0.873  0.0000E+00  0.2400E+02
  -0.863  0.0000E+00  0.2400E+02
  -0.853  0.0000E+00  0.2400E+02
  -0.843  0.0000E+00  0.2400E+02
  -0.833  0.0000E+00  0.2400E+02
  -0.823  0.0000E+00  0.2400E+02
  -0.813  0.0000E+00  0.2400E+02
  -0.803  0.0000E+00  0.2400E+02
  -0.793  0.0000E+00  0.2400E+02
  -0.783  0.0000E+00  0.2400E+02
  -0.773  0.0000E+00  0.2400E+02
  -0.763  0.0000E+00  0.2400E+02
  -0.753  0.0000E+00  0.2400E+02
  -0.743  0.0000E+00  0.2400E+02
  -0.733  0.0000E+00  0.2400E+02
  -0.723  0.0000E+00  0.2400E+02
  -0.713  0.0000E+00  0.2400E+02
  -0.703  0.0000E+00  0.2400E+02
  -0.693  0.0000E+00  0.2400E+02
  -0.683  0.4021E+00  0.2400E+02
  -0.673  0.1553E+01  0.2401E+02
  -0.663  0.2240E+01  0.2403E+02
  -0.653  0.2856E+01  0.2406E+02
  -0.643  0.3611E+01  0.2409E+02
  -0.633  0.4245E+01  0.2413E+02
  -0.623  0.5661E+01  0.2418E+02
  -0.613  0.1205E+02  0.2428E+02
  -0.603  0.1111E+02  0.2439E+02
  -0.593  0.1080E+02  0.2450E+02
  -0.583  0.1132E+02  0.2461E+02
  -0.573  0.1139E+02  0.2472E+02
  -0.563  0.1115E+02  0.2484E+02
  -0.553  0.1121E+02  0.2495E+02
  -0.543  0.1149E+02  0.2506E+02
  -0.533  0.1303E+02  0.2518E+02
  -0.523  0.1290E+02  0.2531E+02
  -0.513  0.1083E+02  0.2543E+02
  -0.503  0.9684E+01  0.2553E+02
  -0.493  0.8909E+01  0.2563E+02
  -0.483  0.8620E+01  0.2571E+02
  -0.473  0.8289E+01  0.2580E+02
  -0.463  0.7261E+01  0.2588E+02
  -0.453  0.6892E+01  0.2595E+02
  -0.443  0.7027E+01  0.2602E+02
  -0.433  0.7010E+01  0.2609E+02
  -0.423  0.6317E+01  0.2615E+02
  -0.413  0.5797E+01  0.2621E+02
  -0.403  0.5521E+01  0.2627E+02
  -0.393  0.5290E+01  0.2632E+02
  -0.383  0.5061E+01  0.2638E+02
  -0.373  0.4896E+01  0.2643E+02
  -0.363  0.4752E+01  0.2647E+02
  -0.353  0.4733E+01  0.2652E+02
  -0.343  0.4818E+01  0.2657E+02
  -0.333  0.5000E+01  0.2662E+02
  -0.323  0.5278E+01  0.2667E+02
  -0.313  0.5844E+01  0.2672E+02
  -0.303  0.7207E+01  0.2679E+02
  -0.293  0.9180E+01  0.2687E+02
  -0.283  0.8778E+01  0.2696E+02
  -0.273  0.9079E+01  0.2705E+02
  -0.263  0.7998E+01  0.2714E+02
  -0.253  0.7617E+01  0.2722E+02
  -0.243  0.7464E+01  0.2729E+02
  -0.233  0.7318E+01  0.2737E+02
  -0.223  0.7318E+01  0.2744E+02
  -0.213  0.7143E+01  0.2751E+02
  -0.203  0.7080E+01  0.2758E+02
  -0.193  0.6876E+01  0.2765E+02
  -0.183  0.6349E+01  0.2772E+02
  -0.173  0.6085E+01  0.2778E+02
  -0.163  0.6743E+01  0.2784E+02
  -0.153  0.5824E+01  0.2790E+02
  -0.143  0.5696E+01  0.2796E+02
  -0.133  0.5557E+01  0.2801E+02
  -0.123  0.5597E+01  0.2807E+02
  -0.113  0.5505E+01  0.2813E+02
  -0.103  0.6011E+01  0.2818E+02
  -0.093  0.7138E+01  0.2825E+02
  -0.083  0.7429E+01  0.2832E+02
  -0.073  0.7958E+01  0.2840E+02
  -0.063  0.8116E+01  0.2848E+02
  -0.053  0.8751E+01  0.2856E+02
  -0.043  0.8532E+01  0.2865E+02
  -0.033  0.9236E+01  0.2873E+02
  -0.023  0.9949E+01  0.2883E+02
  -0.013  0.1156E+02  0.2894E+02
  -0.003  0.1477E+02  0.2907E+02
   0.007  0.1343E+02  0.2922E+02
   0.017  0.8714E+01  0.2934E+02
   0.027  0.5954E+01  0.2941E+02
   0.037  0.4938E+01  0.2946E+02
   0.047  0.4614E+01  0.2951E+02
   0.057  0.4440E+01  0.2955E+02
   0.067  0.4301E+01  0.2960E+02
   0.077  0.4184E+01  0.2964E+02
   0.087  0.4086E+01  0.2968E+02
   0.097  0.3983E+01  0.2972E+02
   0.107  0.3868E+01  0.2976E+02
   0.117  0.3741E+01  0.2980E+02
   0.127  0.3746E+01  0.2984E+02
   0.137  0.4111E+01  0.2987E+02
   0.147  0.4132E+01  0.2992E+02
   0.157  0.3851E+01  0.2996E+02
   0.167  0.3383E+01  0.2999E+02
   0.177  0.2892E+01  0.3002E+02
   0.187  0.2134E+01  0.3005E+02
   0.197  0.1933E+01  0.3007E+02
   0.207  0.2261E+01  0.3009E+02
   0.217  0.2646E+01  0.3011E+02
   0.227  0.3112E+01  0.3014E+02
   0.237  0.3619E+01  0.3018E+02
   0.247  0.4667E+01  0.3022E+02
   0.257  0.6344E+01  0.3027E+02
   0.267  0.7230E+01  0.3034E+02
   0.277  0.8392E+01  0.3042E+02
   0.287  0.1058E+02  0.3051E+02
   0.297  0.1347E+02  0.3064E+02
   0.307  0.1351E+02  0.3077E+02
   0.317  0.1281E+02  0.3091E+02
   0.327  0.1153E+02  0.3103E+02
   0.337  0.1013E+02  0.3114E+02
   0.347  0.8746E+01  0.3123E+02
   0.357  0.7837E+01  0.3131E+02
   0.367  0.7141E+01  0.3139E+02
   0.377  0.6541E+01  0.3146E+02
   0.387  0.5920E+01  0.3152E+02
   0.397  0.5373E+01  0.3157E+02
   0.407  0.4830E+01  0.3163E+02
   0.417  0.4096E+01  0.3167E+02
   0.427  0.3899E+01  0.3171E+02
   0.437  0.3724E+01  0.3175E+02
   0.447  0.3596E+01  0.3178E+02
   0.457  0.3528E+01  0.3182E+02
   0.467  0.3670E+01  0.3185E+02
   0.477  0.3974E+01  0.3189E+02
   0.487  0.4342E+01  0.3193E+02
   0.497  0.4714E+01  0.3198E+02
   0.507  0.7270E+01  0.3204E+02
   0.517  0.1078E+02  0.3213E+02
   0.527  0.1079E+02  0.3224E+02
   0.537  0.1158E+02  0.3235E+02
   0.547  0.1212E+02  0.3247E+02
   0.557  0.1300E+02  0.3259E+02
   0.567  0.1584E+02  0.3273E+02
   0.577  0.1501E+02  0.3289E+02
   0.587  0.1449E+02  0.3304E+02
   0.597  0.1427E+02  0.3318E+02
   0.607  0.1419E+02  0.3332E+02
   0.617  0.1270E+02  0.3346E+02
   0.627  0.1109E+02  0.3358E+02
   0.637  0.1033E+02  0.3368E+02
   0.647  0.8026E+01  0.3378E+02
   0.657  0.3199E+01  0.3384E+02
   0.667  0.1050E+01  0.3385E+02
   0.677  0.8865E+00  0.3386E+02
   0.687  0.2153E+01  0.3388E+02
   0.697  0.1852E+01  0.3390E+02
   0.707  0.2004E+01  0.3392E+02
   0.717  0.2129E+01  0.3394E+02
   0.727  0.2318E+01  0.3396E+02
   0.737  0.2562E+01  0.3399E+02
   0.747  0.2754E+01  0.3401E+02
   0.757  0.2902E+01  0.3404E+02
   0.767  0.3064E+01  0.3407E+02
   0.777  0.3492E+01  0.3410E+02
   0.787  0.4100E+01  0.3414E+02
   0.797  0.5368E+01  0.3419E+02
   0.807  0.5904E+01  0.3425E+02
   0.817  0.5918E+01  0.3430E+02
   0.827  0.5971E+01  0.3436E+02
   0.837  0.6106E+01  0.3442E+02
   0.847  0.6352E+01  0.3449E+02
   0.857  0.6407E+01  0.3455E+02
   0.867  0.5954E+01  0.3461E+02
   0.877  0.5783E+01  0.3467E+02
   0.887  0.5820E+01  0.3473E+02
   0.897  0.6018E+01  0.3479E+02
   0.907  0.6259E+01  0.3485E+02
   0.917  0.6584E+01  0.3491E+02
   0.927  0.7833E+01  0.3498E+02
   0.937  0.8379E+01  0.3507E+02
   0.947  0.8768E+01  0.3515E+02
   0.957  0.9232E+01  0.3524E+02
   0.967  0.1057E+02  0.3534E+02
   0.977  0.1090E+02  0.3545E+02
   0.987  0.1111E+02  0.3556E+02
   0.997  0.1114E+02  0.3567E+02
   1.007  0.1095E+02  0.3578E+02
   1.017  0.1026E+02  0.3589E+02
   1.027  0.1014E+02  0.3599E+02
   1.037  0.1004E+02  0.3609E+02
   1.047  0.1012E+02  0.3619E+02
   1.057  0.1026E+02  0.3629E+02
   1.067  0.1093E+02  0.3640E+02
   1.077  0.1144E+02  0.3651E+02
   1.087  0.9701E+01  0.3662E+02
   1.097  0.1136E+02  0.3672E+02
   1.107  0.1649E+02  0.3686E+02
   1.117  0.1251E+02  0.3701E+02
   1.127  0.1046E+02  0.3713E+02
   1.137  0.9064E+01  0.3723E+02
   1.147  0.7952E+01  0.3731E+02
   1.157  0.6567E+01  0.3738E+02
   1.167  0.5748E+01  0.3744E+02
   1.177  0.5352E+01  0.3750E+02
   1.187  0.5090E+01  0.3755E+02
   1.197  0.4901E+01  0.3760E+02
   1.207  0.4738E+01  0.3765E+02
   1.217  0.4592E+01  0.3770E+02
   1.227  0.4465E+01  0.3774E+02
   1.237  0.4747E+01  0.3779E+02
   1.247  0.5081E+01  0.3784E+02
   1.257  0.5323E+01  0.3789E+02
   1.267  0.6046E+01  0.3795E+02
   1.277  0.7215E+01  0.3801E+02
   1.287  0.7761E+01  0.3809E+02
   1.297  0.7732E+01  0.3817E+02
   1.307  0.7594E+01  0.3825E+02
   1.317  0.7122E+01  0.3832E+02
   1.327  0.6994E+01  0.3839E+02
   1.337  0.7150E+01  0.3846E+02
   1.347  0.7503E+01  0.3854E+02
   1.357  0.8032E+01  0.3861E+02
   1.367  0.8925E+01  0.3870E+02
   1.377  0.9520E+01  0.3879E+02
   1.387  0.9914E+01  0.3889E+02
   1.397  0.1106E+02  0.3899E+02
   1.407  0.1228E+02  0.3911E+02
   1.417  0.1346E+02  0.3924E+02
   1.427  0.1381E+02  0.3938E+02
   1.437  0.1158E+02  0.3950E+02
   1.447  0.1108E+02  0.3961E+02
   1.457  0.9819E+01  0.3972E+02
   1.467  0.8783E+01  0.3981E+02
   1.477  0.7158E+01  0.3989E+02
   1.487  0.6173E+01  0.3996E+02
   1.497  0.5667E+01  0.4002E+02
   1.507  0.5528E+01  0.4007E+02
   1.517  0.5467E+01  0.4013E+02
   1.527  0.5650E+01  0.4018E+02
   1.537  0.6574E+01  0.4024E+02
   1.547  0.9384E+01  0.4032E+02
   1.557  0.1032E+02  0.4043E+02
   1.567  0.9549E+01  0.4053E+02
   1.577  0.9083E+01  0.4062E+02
   1.587  0.9163E+01  0.4071E+02
   1.597  0.9872E+01  0.4081E+02
   1.607  0.1039E+02  0.4091E+02
   1.617  0.1100E+02  0.4102E+02
   1.627  0.1137E+02  0.4113E+02
   1.637  0.1284E+02  0.4125E+02
   1.647  0.1332E+02  0.4138E+02
   1.657  0.1310E+02  0.4151E+02
   1.667  0.1220E+02  0.4164E+02
   1.677  0.1208E+02  0.4176E+02
   1.687  0.9703E+01  0.4187E+02
   1.697  0.5231E+01  0.4195E+02
   1.707  0.2278E+01  0.4198E+02
   1.717  0.5173E+00  0.4200E+02
   1.727  0.2708E+00  0.4200E+02
   1.737  0.8158E+00  0.4201E+02
   1.747  0.3273E+01  0.4202E+02
   1.757  0.3914E+01  0.4206E+02
   1.767  0.5056E+01  0.4210E+02
   1.777  0.7789E+01  0.4217E+02
   1.787  0.9990E+01  0.4226E+02
   1.797  0.9863E+01  0.4236E+02
   1.807  0.9536E+01  0.4246E+02
   1.817  0.9272E+01  0.4255E+02
   1.827  0.9080E+01  0.4264E+02
   1.837  0.8774E+01  0.4273E+02
   1.847  0.8480E+01  0.4282E+02
   1.857  0.8285E+01  0.4290E+02
   1.867  0.8121E+01  0.4298E+02
   1.877  0.8001E+01  0.4306E+02
   1.887  0.7934E+01  0.4314E+02
   1.897  0.7932E+01  0.4322E+02
   1.907  0.7598E+01  0.4330E+02
   1.917  0.7125E+01  0.4337E+02
   1.927  0.6364E+01  0.4344E+02
   1.937  0.5382E+01  0.4350E+02
   1.947  0.4370E+01  0.4355E+02
   1.957  0.4869E+01  0.4359E+02
   1.967  0.6511E+01  0.4365E+02
   1.977  0.6576E+01  0.4372E+02
   1.987  0.6071E+01  0.4378E+02
   1.997  0.5312E+01  0.4384E+02
   2.007  0.5049E+01  0.4389E+02
   2.017  0.4960E+01  0.4394E+02
   2.027  0.4791E+01  0.4399E+02
   2.037  0.4604E+01  0.4403E+02
   2.047  0.4482E+01  0.4408E+02
   2.057  0.4423E+01  0.4412E+02
   2.067  0.4434E+01  0.4417E+02
   2.077  0.4440E+01  0.4421E+02
   2.087  0.4468E+01  0.4426E+02
   2.097  0.4454E+01  0.4430E+02
   2.107  0.4379E+01  0.4435E+02
   2.117  0.4534E+01  0.4439E+02
   2.127  0.4711E+01  0.4444E+02
   2.137  0.4922E+01  0.4449E+02
   2.147  0.5098E+01  0.4454E+02
   2.157  0.5400E+01  0.4459E+02
   2.167  0.5689E+01  0.4464E+02
   2.177  0.5998E+01  0.4470E+02
   2.187  0.6445E+01  0.4477E+02
   2.197  0.6799E+01  0.4483E+02
   2.207  0.7211E+01  0.4490E+02
   2.217  0.7803E+01  0.4498E+02
   2.227  0.8588E+01  0.4506E+02
   2.237  0.9717E+01  0.4515E+02
   2.247  0.1151E+02  0.4526E+02
   2.257  0.1094E+02  0.4537E+02
   2.267  0.1081E+02  0.4548E+02
   2.277  0.1066E+02  0.4559E+02
   2.287  0.1002E+02  0.4569E+02
   2.297  0.9650E+01  0.4579E+02
   2.307  0.9307E+01  0.4588E+02
   2.317  0.8562E+01  0.4597E+02
   2.327  0.7968E+01  0.4606E+02
   2.337  0.6874E+01  0.4613E+02
   2.347  0.4859E+01  0.4619E+02
   2.357  0.4945E+01  0.4624E+02
   2.367  0.5805E+01  0.4629E+02
   2.377  0.7474E+01  0.4636E+02
   2.387  0.7377E+01  0.4643E+02
   2.397  0.6727E+01  0.4650E+02
   2.407  0.6612E+01  0.4657E+02
   2.417  0.6590E+01  0.4663E+02
   2.427  0.6714E+01  0.4670E+02
   2.437  0.6925E+01  0.4677E+02
   2.447  0.7280E+01  0.4684E+02
   2.457  0.7926E+01  0.4692E+02
   2.467  0.9216E+01  0.4700E+02
   2.477  0.1100E+02  0.4710E+02
   2.487  0.1226E+02  0.4722E+02
   2.497  0.1205E+02  0.4734E+02
   2.507  0.1231E+02  0.4746E+02
   2.517  0.1129E+02  0.4758E+02
   2.527  0.1151E+02  0.4769E+02
   2.537  0.1273E+02  0.4781E+02
   2.547  0.6512E+01  0.4792E+02
   2.557  0.2991E+01  0.4796E+02
   2.567  0.2015E+01  0.4799E+02
   2.577  0.3563E+00  0.4800E+02
