#  E (eV)   dos(E)     Int dos(E) EFermi =    2.556 eV
 -16.773  0.0000E+00  0.0000E+00
 -16.763  0.5086E-02  0.1695E-04
 -16.753  0.2034E-01  0.1356E-03
 -16.743  0.4577E-01  0.4577E-03
 -16.733  0.8137E-01  0.1085E-02
 -16.723  0.1271E+00  0.2119E-02
 -16.713  0.1831E+00  0.3662E-02
 -16.703  0.2492E+00  0.5815E-02
 -16.693  0.3255E+00  0.8680E-02
 -16.683  0.4119E+00  0.1236E-01
 -16.673  0.5086E+00  0.1695E-01
 -16.663  0.6154E+00  0.2256E-01
 -16.653  0.7324E+00  0.2929E-01
 -16.643  0.8594E+00  0.3724E-01
 -16.633  0.9964E+00  0.4652E-01
 -16.623  0.1143E+01  0.5721E-01
 -16.613  0.1300E+01  0.6942E-01
 -16.603  0.1467E+01  0.8324E-01
 -16.593  0.1627E+01  0.9878E-01
 -16.583  0.1706E+01  0.1154E+00
 -16.573  0.1780E+01  0.1329E+00
 -16.563  0.1852E+01  0.1510E+00
 -16.553  0.1920E+01  0.1699E+00
 -16.543  0.1984E+01  0.1894E+00
 -16.533  0.2045E+01  0.2096E+00
 -16.523  0.2103E+01  0.2303E+00
 -16.513  0.2157E+01  0.2516E+00
 -16.503  0.2208E+01  0.2734E+00
 -16.493  0.2256E+01  0.2958E+00
 -16.483  0.2368E+01  0.3188E+00
 -16.473  0.2508E+01  0.3432E+00
 -16.463  0.2654E+01  0.3690E+00
 -16.453  0.2807E+01  0.3963E+00
 -16.443  0.2966E+01  0.4251E+00
 -16.433  0.3132E+01  0.4556E+00
 -16.423  0.3304E+01  0.4878E+00
 -16.413  0.3482E+01  0.5217E+00
 -16.403  0.3666E+01  0.5575E+00
 -16.393  0.3857E+01  0.5951E+00
 -16.383  0.4054E+01  0.6346E+00
 -16.373  0.4257E+01  0.6762E+00
 -16.363  0.4467E+01  0.7198E+00
 -16.353  0.4683E+01  0.7655E+00
 -16.343  0.4905E+01  0.8135E+00
 -16.333  0.5134E+01  0.8637E+00
 -16.323  0.5369E+01  0.9162E+00
 -16.313  0.5610E+01  0.9710E+00
 -16.303  0.5857E+01  0.1028E+01
 -16.293  0.6066E+01  0.1088E+01
 -16.283  0.1225E+02  0.1185E+01
 -16.273  0.1166E+02  0.1304E+01
 -16.263  0.1093E+02  0.1418E+01
 -16.253  0.1181E+02  0.1527E+01
 -16.243  0.1180E+02  0.1649E+01
 -16.233  0.1075E+02  0.1762E+01
 -16.223  0.9215E+01  0.1862E+01
 -16.213  0.7196E+01  0.1945E+01
 -16.203  0.3004E+01  0.2000E+01
 -16.193  0.1600E+00  0.2006E+01
 -16.183  0.1901E+00  0.2008E+01
 -16.173  0.2227E+00  0.2010E+01
 -16.163  0.2579E+00  0.2012E+01
 -16.153  0.2957E+00  0.2015E+01
 -16.143  0.3361E+00  0.2018E+01
 -16.133  0.3791E+00  0.2022E+01
 -16.123  0.4246E+00  0.2026E+01
 -16.113  0.4723E+00  0.2030E+01
 -16.103  0.5217E+00  0.2035E+01
 -16.093  0.5735E+00  0.2041E+01
 -16.083  0.6280E+00  0.2047E+01
 -16.073  0.6849E+00  0.2053E+01
 -16.063  0.7445E+00  0.2060E+01
 -16.053  0.8065E+00  0.2068E+01
 -16.043  0.8711E+00  0.2076E+01
 -16.033  0.9383E+00  0.2085E+01
 -16.023  0.1008E+01  0.2095E+01
 -16.013  0.1080E+01  0.2106E+01
 -16.003  0.1155E+01  0.2117E+01
 -15.993  0.1232E+01  0.2129E+01
 -15.983  0.1312E+01  0.2141E+01
 -15.973  0.1395E+01  0.2155E+01
 -15.963  0.1480E+01  0.2169E+01
 -15.953  0.1567E+01  0.2185E+01
 -15.943  0.1657E+01  0.2201E+01
 -15.933  0.1750E+01  0.2218E+01
 -15.923  0.1845E+01  0.2236E+01
 -15.913  0.1943E+01  0.2255E+01
 -15.903  0.2043E+01  0.2275E+01
 -15.893  0.2146E+01  0.2296E+01
 -15.883  0.2251E+01  0.2318E+01
 -15.873  0.2359E+01  0.2341E+01
 -15.863  0.2469E+01  0.2365E+01
 -15.853  0.2582E+01  0.2390E+01
 -15.843  0.2698E+01  0.2416E+01
 -15.833  0.2816E+01  0.2444E+01
 -15.823  0.2936E+01  0.2473E+01
 -15.813  0.3059E+01  0.2503E+01
 -15.803  0.8097E+01  0.2542E+01
 -15.793  0.2224E+02  0.2681E+01
 -15.783  0.5156E+02  0.3053E+01
 -15.773  0.1231E+02  0.3397E+01
 -15.763  0.3168E+01  0.3455E+01
 -15.753  0.3045E+01  0.3486E+01
 -15.743  0.2925E+01  0.3516E+01
 -15.733  0.2807E+01  0.3545E+01
 -15.723  0.2692E+01  0.3572E+01
 -15.713  0.2579E+01  0.3599E+01
 -15.703  0.2469E+01  0.3624E+01
 -15.693  0.2361E+01  0.3648E+01
 -15.683  0.2256E+01  0.3671E+01
 -15.673  0.2152E+01  0.3693E+01
 -15.663  0.2052E+01  0.3714E+01
 -15.653  0.1954E+01  0.3734E+01
 -15.643  0.1858E+01  0.3753E+01
 -15.633  0.1765E+01  0.3771E+01
 -15.623  0.1674E+01  0.3789E+01
 -15.613  0.1585E+01  0.3805E+01
 -15.603  0.1499E+01  0.3820E+01
 -15.593  0.1416E+01  0.3835E+01
 -15.583  0.1334E+01  0.3849E+01
 -15.573  0.1256E+01  0.3862E+01
 -15.563  0.1180E+01  0.3874E+01
 -15.553  0.1106E+01  0.3885E+01
 -15.543  0.1034E+01  0.3896E+01
 -15.533  0.9654E+00  0.3906E+01
 -15.523  0.8989E+00  0.3915E+01
 -15.513  0.8348E+00  0.3924E+01
 -15.503  0.7732E+00  0.3932E+01
 -15.493  0.7140E+00  0.3939E+01
 -15.483  0.6573E+00  0.3946E+01
 -15.473  0.6029E+00  0.3953E+01
 -15.463  0.5511E+00  0.3958E+01
 -15.453  0.5016E+00  0.3964E+01
 -15.443  0.4546E+00  0.3968E+01
 -15.433  0.4119E+00  0.3973E+01
 -15.423  0.3715E+00  0.3977E+01
 -15.413  0.3332E+00  0.3980E+01
 -15.403  0.2970E+00  0.3983E+01
 -15.393  0.2629E+00  0.3986E+01
 -15.383  0.2308E+00  0.3989E+01
 -15.373  0.2009E+00  0.3991E+01
 -15.363  0.1730E+00  0.3993E+01
 -15.353  0.1472E+00  0.3994E+01
 -15.343  0.1235E+00  0.3996E+01
 -15.333  0.1018E+00  0.3997E+01
 -15.323  0.8228E-01  0.3998E+01
 -15.313  0.9333E-01  0.3998E+01
 -15.303  0.4687E+00  0.4001E+01
 -15.293  0.1304E+01  0.4009E+01
 -15.283  0.2600E+01  0.4028E+01
 -15.273  0.4357E+01  0.4063E+01
 -15.263  0.7429E+01  0.4129E+01
 -15.253  0.8320E+01  0.4208E+01
 -15.243  0.9151E+01  0.4295E+01
 -15.233  0.1039E+02  0.4391E+01
 -15.223  0.1262E+02  0.4506E+01
 -15.213  0.1535E+02  0.4645E+01
 -15.203  0.1231E+02  0.4798E+01
 -15.193  0.8280E+01  0.4899E+01
 -15.183  0.6252E+01  0.4970E+01
 -15.173  0.5817E+01  0.5030E+01
 -15.163  0.5523E+01  0.5087E+01
 -15.153  0.5238E+01  0.5141E+01
 -15.143  0.4963E+01  0.5192E+01
 -15.133  0.4697E+01  0.5240E+01
 -15.123  0.4441E+01  0.5286E+01
 -15.113  0.4194E+01  0.5329E+01
 -15.103  0.3957E+01  0.5369E+01
 -15.093  0.3729E+01  0.5408E+01
 -15.083  0.3511E+01  0.5444E+01
 -15.073  0.3303E+01  0.5478E+01
 -15.063  0.3104E+01  0.5510E+01
 -15.053  0.2914E+01  0.5540E+01
 -15.043  0.2735E+01  0.5569E+01
 -15.033  0.2564E+01  0.5595E+01
 -15.023  0.2403E+01  0.5620E+01
 -15.013  0.2252E+01  0.5643E+01
 -15.003  0.2110E+01  0.5665E+01
 -14.993  0.1982E+01  0.5685E+01
 -14.983  0.1886E+01  0.5705E+01
 -14.973  0.1825E+01  0.5723E+01
 -14.963  0.1779E+01  0.5741E+01
 -14.953  0.1733E+01  0.5759E+01
 -14.943  0.1686E+01  0.5776E+01
 -14.933  0.1638E+01  0.5792E+01
 -14.923  0.1590E+01  0.5809E+01
 -14.913  0.1541E+01  0.5824E+01
 -14.903  0.1491E+01  0.5839E+01
 -14.893  0.1440E+01  0.5854E+01
 -14.883  0.1389E+01  0.5868E+01
 -14.873  0.1337E+01  0.5882E+01
 -14.863  0.1247E+01  0.5895E+01
 -14.853  0.1139E+01  0.5907E+01
 -14.843  0.1038E+01  0.5918E+01
 -14.833  0.9423E+00  0.5928E+01
 -14.823  0.8533E+00  0.5937E+01
 -14.813  0.7704E+00  0.5945E+01
 -14.803  0.6938E+00  0.5952E+01
 -14.793  0.6234E+00  0.5959E+01
 -14.783  0.5591E+00  0.5964E+01
 -14.773  0.5011E+00  0.5970E+01
 -14.763  0.4473E+00  0.5974E+01
 -14.753  0.3965E+00  0.5979E+01
 -14.743  0.3488E+00  0.5982E+01
 -14.733  0.3042E+00  0.5986E+01
 -14.723  0.2626E+00  0.5989E+01
 -14.713  0.2240E+00  0.5991E+01
 -14.703  0.1886E+00  0.5993E+01
 -14.693  0.1561E+00  0.5995E+01
 -14.683  0.1268E+00  0.5996E+01
 -14.673  0.1005E+00  0.5997E+01
 -14.663  0.1634E+02  0.6060E+01
 -14.653  0.2454E+02  0.6265E+01
 -14.643  0.4807E+02  0.6852E+01
 -14.633  0.3893E+02  0.7286E+01
 -14.623  0.2486E+02  0.7615E+01
 -14.613  0.4984E+02  0.7977E+01
 -14.603  0.6189E+02  0.8622E+01
 -14.593  0.5589E+02  0.9188E+01
 -14.583  0.4484E+02  0.9650E+01
 -14.573  0.9782E+02  0.1035E+02
 -14.563  0.5860E+02  0.1117E+02
 -14.553  0.3299E+02  0.1162E+02
 -14.543  0.1608E+02  0.1186E+02
 -14.533  0.6278E+01  0.1197E+02
 -14.523  0.8531E+00  0.1200E+02
 -14.513  0.0000E+00  0.1200E+02
 -14.503  0.0000E+00  0.1200E+02
 -14.493  0.0000E+00  0.1200E+02
 -14.483  0.0000E+00  0.1200E+02
 -14.473  0.0000E+00  0.1200E+02
 -14.463  0.0000E+00  0.1200E+02
 -14.453  0.0000E+00  0.1200E+02
 -14.443  0.0000E+00  0.1200E+02
 -14.433  0.0000E+00  0.1200E+02
 -14.423  0.0000E+00  0.1200E+02
 -14.413  0.0000E+00  0.1200E+02
 -14.403  0.0000E+00  0.1200E+02
 -14.393  0.0000E+00  0.1200E+02
 -14.383  0.0000E+00  0.1200E+02
 -14.373  0.0000E+00  0.1200E+02
 -14.363  0.0000E+00  0.1200E+02
 -14.353  0.0000E+00  0.1200E+02
 -14.343  0.0000E+00  0.1200E+02
 -14.333  0.0000E+00  0.1200E+02
 -14.323  0.0000E+00  0.1200E+02
 -14.313  0.0000E+00  0.1200E+02
 -14.303  0.0000E+00  0.1200E+02
 -14.293  0.0000E+00  0.1200E+02
 -14.283  0.0000E+00  0.1200E+02
 -14.273  0.0000E+00  0.1200E+02
 -14.263  0.0000E+00  0.1200E+02
 -14.253  0.0000E+00  0.1200E+02
 -14.243  0.0000E+00  0.1200E+02
 -14.233  0.0000E+00  0.1200E+02
 -14.223  0.0000E+00  0.1200E+02
 -14.213  0.0000E+00  0.1200E+02
 -14.203  0.0000E+00  0.1200E+02
 -14.193  0.0000E+00  0.1200E+02
 -14.183  0.0000E+00  0.1200E+02
 -14.173  0.0000E+00  0.1200E+02
 -14.163  0.0000E+00  0.1200E+02
 -14.153  0.0000E+00  0.1200E+02
 -14.143  0.0000E+00  0.1200E+02
 -14.133  0.0000E+00  0.1200E+02
 -14.123  0.0000E+00  0.1200E+02
 -14.113  0.0000E+00  0.1200E+02
 -14.103  0.0000E+00  0.1200E+02
 -14.093  0.0000E+00  0.1200E+02
 -14.083  0.0000E+00  0.1200E+02
 -14.073  0.0000E+00  0.1200E+02
 -14.063  0.0000E+00  0.1200E+02
 -14.053  0.0000E+00  0.1200E+02
 -14.043  0.0000E+00  0.1200E+02
 -14.033  0.0000E+00  0.1200E+02
 -14.023  0.0000E+00  0.1200E+02
 -14.013  0.0000E+00  0.1200E+02
 -14.003  0.0000E+00  0.1200E+02
 -13.993  0.0000E+00  0.1200E+02
 -13.983  0.0000E+00  0.1200E+02
 -13.973  0.0000E+00  0.1200E+02
 -13.963  0.0000E+00  0.1200E+02
 -13.953  0.0000E+00  0.1200E+02
 -13.943  0.0000E+00  0.1200E+02
 -13.933  0.0000E+00  0.1200E+02
 -13.923  0.0000E+00  0.1200E+02
 -13.913  0.0000E+00  0.1200E+02
 -13.903  0.0000E+00  0.1200E+02
 -13.893  0.0000E+00  0.1200E+02
 -13.883  0.0000E+00  0.1200E+02
 -13.873  0.0000E+00  0.1200E+02
 -13.863  0.0000E+00  0.1200E+02
 -13.853  0.0000E+00  0.1200E+02
 -13.843  0.0000E+00  0.1200E+02
 -13.833  0.0000E+00  0.1200E+02
 -13.823  0.0000E+00  0.1200E+02
 -13.813  0.0000E+00  0.1200E+02
 -13.803  0.0000E+00  0.1200E+02
 -13.793  0.0000E+00  0.1200E+02
 -13.783  0.0000E+00  0.1200E+02
 -13.773  0.0000E+00  0.1200E+02
 -13.763  0.0000E+00  0.1200E+02
 -13.753  0.0000E+00  0.1200E+02
 -13.743  0.0000E+00  0.1200E+02
 -13.733  0.0000E+00  0.1200E+02
 -13.723  0.0000E+00  0.1200E+02
 -13.713  0.0000E+00  0.1200E+02
 -13.703  0.0000E+00  0.1200E+02
 -13.693  0.0000E+00  0.1200E+02
 -13.683  0.0000E+00  0.1200E+02
 -13.673  0.0000E+00  0.1200E+02
 -13.663  0.0000E+00  0.1200E+02
 -13.653  0.0000E+00  0.1200E+02
 -13.643  0.0000E+00  0.1200E+02
 -13.633  0.0000E+00  0.1200E+02
 -13.623  0.0000E+00  0.1200E+02
 -13.613  0.0000E+00  0.1200E+02
 -13.603  0.0000E+00  0.1200E+02
 -13.593  0.0000E+00  0.1200E+02
 -13.583  0.0000E+00  0.1200E+02
 -13.573  0.0000E+00  0.1200E+02
 -13.563  0.0000E+00  0.1200E+02
 -13.553  0.0000E+00  0.1200E+02
 -13.543  0.0000E+00  0.1200E+02
 -13.533  0.0000E+00  0.1200E+02
 -13.523  0.0000E+00  0.1200E+02
 -13.513  0.0000E+00  0.1200E+02
 -13.503  0.0000E+00  0.1200E+02
 -13.493  0.0000E+00  0.1200E+02
 -13.483  0.0000E+00  0.1200E+02
 -13.473  0.0000E+00  0.1200E+02
 -13.463  0.0000E+00  0.1200E+02
 -13.453  0.0000E+00  0.1200E+02
 -13.443  0.0000E+00  0.1200E+02
 -13.433  0.0000E+00  0.1200E+02
 -13.423  0.0000E+00  0.1200E+02
 -13.413  0.0000E+00  0.1200E+02
 -13.403  0.0000E+00  0.1200E+02
 -13.393  0.0000E+00  0.1200E+02
 -13.383  0.0000E+00  0.1200E+02
 -13.373  0.0000E+00  0.1200E+02
 -13.363  0.0000E+00  0.1200E+02
 -13.353  0.0000E+00  0.1200E+02
 -13.343  0.0000E+00  0.1200E+02
 -13.333  0.0000E+00  0.1200E+02
 -13.323  0.0000E+00  0.1200E+02
 -13.313  0.0000E+00  0.1200E+02
 -13.303  0.0000E+00  0.1200E+02
 -13.293  0.0000E+00  0.1200E+02
 -13.283  0.0000E+00  0.1200E+02
 -13.273  0.0000E+00  0.1200E+02
 -13.263  0.0000E+00  0.1200E+02
 -13.253  0.0000E+00  0.1200E+02
 -13.243  0.0000E+00  0.1200E+02
 -13.233  0.0000E+00  0.1200E+02
 -13.223  0.0000E+00  0.1200E+02
 -13.213  0.0000E+00  0.1200E+02
 -13.203  0.0000E+00  0.1200E+02
 -13.193  0.0000E+00  0.1200E+02
 -13.183  0.0000E+00  0.1200E+02
 -13.173  0.0000E+00  0.1200E+02
 -13.163  0.0000E+00  0.1200E+02
 -13.153  0.0000E+00  0.1200E+02
 -13.143  0.0000E+00  0.1200E+02
 -13.133  0.0000E+00  0.1200E+02
 -13.123  0.0000E+00  0.1200E+02
 -13.113  0.0000E+00  0.1200E+02
 -13.103  0.0000E+00  0.1200E+02
 -13.093  0.0000E+00  0.1200E+02
 -13.083  0.0000E+00  0.1200E+02
 -13.073  0.0000E+00  0.1200E+02
 -13.063  0.0000E+00  0.1200E+02
 -13.053  0.0000E+00  0.1200E+02
 -13.043  0.0000E+00  0.1200E+02
 -13.033  0.0000E+00  0.1200E+02
 -13.023  0.0000E+00  0.1200E+02
 -13.013  0.0000E+00  0.1200E+02
 -13.003  0.0000E+00  0.1200E+02
 -12.993  0.0000E+00  0.1200E+02
 -12.983  0.0000E+00  0.1200E+02
 -12.973  0.0000E+00  0.1200E+02
 -12.963  0.0000E+00  0.1200E+02
 -12.953  0.0000E+00  0.1200E+02
 -12.943  0.0000E+00  0.1200E+02
 -12.933  0.0000E+00  0.1200E+02
 -12.923  0.0000E+00  0.1200E+02
 -12.913  0.0000E+00  0.1200E+02
 -12.903  0.0000E+00  0.1200E+02
 -12.893  0.0000E+00  0.1200E+02
 -12.883  0.0000E+00  0.1200E+02
 -12.873  0.0000E+00  0.1200E+02
 -12.863  0.0000E+00  0.1200E+02
 -12.853  0.0000E+00  0.1200E+02
 -12.843  0.0000E+00  0.1200E+02
 -12.833  0.0000E+00  0.1200E+02
 -12.823  0.0000E+00  0.1200E+02
 -12.813  0.0000E+00  0.1200E+02
 -12.803  0.0000E+00  0.1200E+02
 -12.793  0.0000E+00  0.1200E+02
 -12.783  0.0000E+00  0.1200E+02
 -12.773  0.0000E+00  0.1200E+02
 -12.763  0.0000E+00  0.1200E+02
 -12.753  0.0000E+00  0.1200E+02
 -12.743  0.0000E+00  0.1200E+02
 -12.733  0.0000E+00  0.1200E+02
 -12.723  0.0000E+00  0.1200E+02
 -12.713  0.0000E+00  0.1200E+02
 -12.703  0.0000E+00  0.1200E+02
 -12.693  0.0000E+00  0.1200E+02
 -12.683  0.0000E+00  0.1200E+02
 -12.673  0.0000E+00  0.1200E+02
 -12.663  0.0000E+00  0.1200E+02
 -12.653  0.0000E+00  0.1200E+02
 -12.643  0.0000E+00  0.1200E+02
 -12.633  0.0000E+00  0.1200E+02
 -12.623  0.0000E+00  0.1200E+02
 -12.613  0.0000E+00  0.1200E+02
 -12.603  0.0000E+00  0.1200E+02
 -12.593  0.0000E+00  0.1200E+02
 -12.583  0.0000E+00  0.1200E+02
 -12.573  0.0000E+00  0.1200E+02
 -12.563  0.0000E+00  0.1200E+02
 -12.553  0.0000E+00  0.1200E+02
 -12.543  0.0000E+00  0.1200E+02
 -12.533  0.0000E+00  0.1200E+02
 -12.523  0.0000E+00  0.1200E+02
 -12.513  0.0000E+00  0.1200E+02
 -12.503  0.0000E+00  0.1200E+02
 -12.493  0.0000E+00  0.1200E+02
 -12.483  0.0000E+00  0.1200E+02
 -12.473  0.0000E+00  0.1200E+02
 -12.463  0.0000E+00  0.1200E+02
 -12.453  0.0000E+00  0.1200E+02
 -12.443  0.0000E+00  0.1200E+02
 -12.433  0.0000E+00  0.1200E+02
 -12.423  0.0000E+00  0.1200E+02
 -12.413  0.0000E+00  0.1200E+02
 -12.403  0.0000E+00  0.1200E+02
 -12.393  0.0000E+00  0.1200E+02
 -12.383  0.0000E+00  0.1200E+02
 -12.373  0.0000E+00  0.1200E+02
 -12.363  0.0000E+00  0.1200E+02
 -12.353  0.0000E+00  0.1200E+02
 -12.343  0.0000E+00  0.1200E+02
 -12.333  0.0000E+00  0.1200E+02
 -12.323  0.0000E+00  0.1200E+02
 -12.313  0.0000E+00  0.1200E+02
 -12.303  0.0000E+00  0.1200E+02
 -12.293  0.0000E+00  0.1200E+02
 -12.283  0.0000E+00  0.1200E+02
 -12.273  0.0000E+00  0.1200E+02
 -12.263  0.0000E+00  0.1200E+02
 -12.253  0.0000E+00  0.1200E+02
 -12.243  0.0000E+00  0.1200E+02
 -12.233  0.0000E+00  0.1200E+02
 -12.223  0.0000E+00  0.1200E+02
 -12.213  0.0000E+00  0.1200E+02
 -12.203  0.0000E+00  0.1200E+02
 -12.193  0.0000E+00  0.1200E+02
 -12.183  0.0000E+00  0.1200E+02
 -12.173  0.0000E+00  0.1200E+02
 -12.163  0.0000E+00  0.1200E+02
 -12.153  0.0000E+00  0.1200E+02
 -12.143  0.0000E+00  0.1200E+02
 -12.133  0.0000E+00  0.1200E+02
 -12.123  0.0000E+00  0.1200E+02
 -12.113  0.0000E+00  0.1200E+02
 -12.103  0.0000E+00  0.1200E+02
 -12.093  0.0000E+00  0.1200E+02
 -12.083  0.0000E+00  0.1200E+02
 -12.073  0.0000E+00  0.1200E+02
 -12.063  0.0000E+00  0.1200E+02
 -12.053  0.0000E+00  0.1200E+02
 -12.043  0.0000E+00  0.1200E+02
 -12.033  0.0000E+00  0.1200E+02
 -12.023  0.0000E+00  0.1200E+02
 -12.013  0.0000E+00  0.1200E+02
 -12.003  0.0000E+00  0.1200E+02
 -11.993  0.0000E+00  0.1200E+02
 -11.983  0.0000E+00  0.1200E+02
 -11.973  0.0000E+00  0.1200E+02
 -11.963  0.0000E+00  0.1200E+02
 -11.953  0.0000E+00  0.1200E+02
 -11.943  0.0000E+00  0.1200E+02
 -11.933  0.0000E+00  0.1200E+02
 -11.923  0.0000E+00  0.1200E+02
 -11.913  0.0000E+00  0.1200E+02
 -11.903  0.0000E+00  0.1200E+02
 -11.893  0.0000E+00  0.1200E+02
 -11.883  0.0000E+00  0.1200E+02
 -11.873  0.0000E+00  0.1200E+02
 -11.863  0.0000E+00  0.1200E+02
 -11.853  0.0000E+00  0.1200E+02
 -11.843  0.0000E+00  0.1200E+02
 -11.833  0.0000E+00  0.1200E+02
 -11.823  0.0000E+00  0.1200E+02
 -11.813  0.0000E+00  0.1200E+02
 -11.803  0.0000E+00  0.1200E+02
 -11.793  0.0000E+00  0.1200E+02
 -11.783  0.0000E+00  0.1200E+02
 -11.773  0.0000E+00  0.1200E+02
 -11.763  0.0000E+00  0.1200E+02
 -11.753  0.0000E+00  0.1200E+02
 -11.743  0.0000E+00  0.1200E+02
 -11.733  0.0000E+00  0.1200E+02
 -11.723  0.0000E+00  0.1200E+02
 -11.713  0.0000E+00  0.1200E+02
 -11.703  0.0000E+00  0.1200E+02
 -11.693  0.0000E+00  0.1200E+02
 -11.683  0.0000E+00  0.1200E+02
 -11.673  0.0000E+00  0.1200E+02
 -11.663  0.0000E+00  0.1200E+02
 -11.653  0.0000E+00  0.1200E+02
 -11.643  0.0000E+00  0.1200E+02
 -11.633  0.0000E+00  0.1200E+02
 -11.623  0.0000E+00  0.1200E+02
 -11.613  0.0000E+00  0.1200E+02
 -11.603  0.0000E+00  0.1200E+02
 -11.593  0.0000E+00  0.1200E+02
 -11.583  0.0000E+00  0.1200E+02
 -11.573  0.0000E+00  0.1200E+02
 -11.563  0.0000E+00  0.1200E+02
 -11.553  0.0000E+00  0.1200E+02
 -11.543  0.0000E+00  0.1200E+02
 -11.533  0.0000E+00  0.1200E+02
 -11.523  0.0000E+00  0.1200E+02
 -11.513  0.0000E+00  0.1200E+02
 -11.503  0.0000E+00  0.1200E+02
 -11.493  0.0000E+00  0.1200E+02
 -11.483  0.0000E+00  0.1200E+02
 -11.473  0.0000E+00  0.1200E+02
 -11.463  0.0000E+00  0.1200E+02
 -11.453  0.0000E+00  0.1200E+02
 -11.443  0.0000E+00  0.1200E+02
 -11.433  0.0000E+00  0.1200E+02
 -11.423  0.0000E+00  0.1200E+02
 -11.413  0.0000E+00  0.1200E+02
 -11.403  0.0000E+00  0.1200E+02
 -11.393  0.0000E+00  0.1200E+02
 -11.383  0.0000E+00  0.1200E+02
 -11.373  0.0000E+00  0.1200E+02
 -11.363  0.0000E+00  0.1200E+02
 -11.353  0.0000E+00  0.1200E+02
 -11.343  0.0000E+00  0.1200E+02
 -11.333  0.0000E+00  0.1200E+02
 -11.323  0.0000E+00  0.1200E+02
 -11.313  0.0000E+00  0.1200E+02
 -11.303  0.0000E+00  0.1200E+02
 -11.293  0.0000E+00  0.1200E+02
 -11.283  0.0000E+00  0.1200E+02
 -11.273  0.0000E+00  0.1200E+02
 -11.263  0.0000E+00  0.1200E+02
 -11.253  0.0000E+00  0.1200E+02
 -11.243  0.0000E+00  0.1200E+02
 -11.233  0.0000E+00  0.1200E+02
 -11.223  0.0000E+00  0.1200E+02
 -11.213  0.0000E+00  0.1200E+02
 -11.203  0.0000E+00  0.1200E+02
 -11.193  0.0000E+00  0.1200E+02
 -11.183  0.0000E+00  0.1200E+02
 -11.173  0.0000E+00  0.1200E+02
 -11.163  0.0000E+00  0.1200E+02
 -11.153  0.0000E+00  0.1200E+02
 -11.143  0.0000E+00  0.1200E+02
 -11.133  0.0000E+00  0.1200E+02
 -11.123  0.0000E+00  0.1200E+02
 -11.113  0.0000E+00  0.1200E+02
 -11.103  0.0000E+00  0.1200E+02
 -11.093  0.0000E+00  0.1200E+02
 -11.083  0.0000E+00  0.1200E+02
 -11.073  0.0000E+00  0.1200E+02
 -11.063  0.0000E+00  0.1200E+02
 -11.053  0.0000E+00  0.1200E+02
 -11.043  0.0000E+00  0.1200E+02
 -11.033  0.0000E+00  0.1200E+02
 -11.023  0.0000E+00  0.1200E+02
 -11.013  0.0000E+00  0.1200E+02
 -11.003  0.0000E+00  0.1200E+02
 -10.993  0.0000E+00  0.1200E+02
 -10.983  0.0000E+00  0.1200E+02
 -10.973  0.0000E+00  0.1200E+02
 -10.963  0.0000E+00  0.1200E+02
 -10.953  0.0000E+00  0.1200E+02
 -10.943  0.0000E+00  0.1200E+02
 -10.933  0.0000E+00  0.1200E+02
 -10.923  0.0000E+00  0.1200E+02
 -10.913  0.0000E+00  0.1200E+02
 -10.903  0.0000E+00  0.1200E+02
 -10.893  0.0000E+00  0.1200E+02
 -10.883  0.0000E+00  0.1200E+02
 -10.873  0.0000E+00  0.1200E+02
 -10.863  0.0000E+00  0.1200E+02
 -10.853  0.0000E+00  0.1200E+02
 -10.843  0.0000E+00  0.1200E+02
 -10.833  0.0000E+00  0.1200E+02
 -10.823  0.0000E+00  0.1200E+02
 -10.813  0.0000E+00  0.1200E+02
 -10.803  0.0000E+00  0.1200E+02
 -10.793  0.0000E+00  0.1200E+02
 -10.783  0.0000E+00  0.1200E+02
 -10.773  0.0000E+00  0.1200E+02
 -10.763  0.0000E+00  0.1200E+02
 -10.753  0.0000E+00  0.1200E+02
 -10.743  0.0000E+00  0.1200E+02
 -10.733  0.0000E+00  0.1200E+02
 -10.723  0.0000E+00  0.1200E+02
 -10.713  0.0000E+00  0.1200E+02
 -10.703  0.0000E+00  0.1200E+02
 -10.693  0.0000E+00  0.1200E+02
 -10.683  0.0000E+00  0.1200E+02
 -10.673  0.0000E+00  0.1200E+02
 -10.663  0.0000E+00  0.1200E+02
 -10.653  0.0000E+00  0.1200E+02
 -10.643  0.0000E+00  0.1200E+02
 -10.633  0.0000E+00  0.1200E+02
 -10.623  0.0000E+00  0.1200E+02
 -10.613  0.0000E+00  0.1200E+02
 -10.603  0.0000E+00  0.1200E+02
 -10.593  0.0000E+00  0.1200E+02
 -10.583  0.0000E+00  0.1200E+02
 -10.573  0.0000E+00  0.1200E+02
 -10.563  0.0000E+00  0.1200E+02
 -10.553  0.0000E+00  0.1200E+02
 -10.543  0.0000E+00  0.1200E+02
 -10.533  0.0000E+00  0.1200E+02
 -10.523  0.0000E+00  0.1200E+02
 -10.513  0.0000E+00  0.1200E+02
 -10.503  0.0000E+00  0.1200E+02
 -10.493  0.0000E+00  0.1200E+02
 -10.483  0.0000E+00  0.1200E+02
 -10.473  0.0000E+00  0.1200E+02
 -10.463  0.0000E+00  0.1200E+02
 -10.453  0.0000E+00  0.1200E+02
 -10.443  0.0000E+00  0.1200E+02
 -10.433  0.0000E+00  0.1200E+02
 -10.423  0.0000E+00  0.1200E+02
 -10.413  0.0000E+00  0.1200E+02
 -10.403  0.0000E+00  0.1200E+02
 -10.393  0.0000E+00  0.1200E+02
 -10.383  0.0000E+00  0.1200E+02
 -10.373  0.0000E+00  0.1200E+02
 -10.363  0.0000E+00  0.1200E+02
 -10.353  0.0000E+00  0.1200E+02
 -10.343  0.0000E+00  0.1200E+02
 -10.333  0.0000E+00  0.1200E+02
 -10.323  0.0000E+00  0.1200E+02
 -10.313  0.0000E+00  0.1200E+02
 -10.303  0.0000E+00  0.1200E+02
 -10.293  0.0000E+00  0.1200E+02
 -10.283  0.0000E+00  0.1200E+02
 -10.273  0.0000E+00  0.1200E+02
 -10.263  0.0000E+00  0.1200E+02
 -10.253  0.0000E+00  0.1200E+02
 -10.243  0.0000E+00  0.1200E+02
 -10.233  0.0000E+00  0.1200E+02
 -10.223  0.0000E+00  0.1200E+02
 -10.213  0.0000E+00  0.1200E+02
 -10.203  0.0000E+00  0.1200E+02
 -10.193  0.0000E+00  0.1200E+02
 -10.183  0.0000E+00  0.1200E+02
 -10.173  0.0000E+00  0.1200E+02
 -10.163  0.0000E+00  0.1200E+02
 -10.153  0.0000E+00  0.1200E+02
 -10.143  0.0000E+00  0.1200E+02
 -10.133  0.0000E+00  0.1200E+02
 -10.123  0.0000E+00  0.1200E+02
 -10.113  0.0000E+00  0.1200E+02
 -10.103  0.0000E+00  0.1200E+02
 -10.093  0.0000E+00  0.1200E+02
 -10.083  0.0000E+00  0.1200E+02
 -10.073  0.0000E+00  0.1200E+02
 -10.063  0.0000E+00  0.1200E+02
 -10.053  0.0000E+00  0.1200E+02
 -10.043  0.0000E+00  0.1200E+02
 -10.033  0.0000E+00  0.1200E+02
 -10.023  0.0000E+00  0.1200E+02
 -10.013  0.0000E+00  0.1200E+02
 -10.003  0.0000E+00  0.1200E+02
  -9.993  0.0000E+00  0.1200E+02
  -9.983  0.0000E+00  0.1200E+02
  -9.973  0.0000E+00  0.1200E+02
  -9.963  0.0000E+00  0.1200E+02
  -9.953  0.0000E+00  0.1200E+02
  -9.943  0.0000E+00  0.1200E+02
  -9.933  0.0000E+00  0.1200E+02
  -9.923  0.0000E+00  0.1200E+02
  -9.913  0.0000E+00  0.1200E+02
  -9.903  0.0000E+00  0.1200E+02
  -9.893  0.0000E+00  0.1200E+02
  -9.883  0.0000E+00  0.1200E+02
  -9.873  0.0000E+00  0.1200E+02
  -9.863  0.0000E+00  0.1200E+02
  -9.853  0.0000E+00  0.1200E+02
  -9.843  0.0000E+00  0.1200E+02
  -9.833  0.0000E+00  0.1200E+02
  -9.823  0.0000E+00  0.1200E+02
  -9.813  0.0000E+00  0.1200E+02
  -9.803  0.0000E+00  0.1200E+02
  -9.793  0.0000E+00  0.1200E+02
  -9.783  0.0000E+00  0.1200E+02
  -9.773  0.0000E+00  0.1200E+02
  -9.763  0.0000E+00  0.1200E+02
  -9.753  0.0000E+00  0.1200E+02
  -9.743  0.0000E+00  0.1200E+02
  -9.733  0.0000E+00  0.1200E+02
  -9.723  0.0000E+00  0.1200E+02
  -9.713  0.0000E+00  0.1200E+02
  -9.703  0.0000E+00  0.1200E+02
  -9.693  0.0000E+00  0.1200E+02
  -9.683  0.0000E+00  0.1200E+02
  -9.673  0.0000E+00  0.1200E+02
  -9.663  0.0000E+00  0.1200E+02
  -9.653  0.0000E+00  0.1200E+02
  -9.643  0.0000E+00  0.1200E+02
  -9.633  0.0000E+00  0.1200E+02
  -9.623  0.0000E+00  0.1200E+02
  -9.613  0.0000E+00  0.1200E+02
  -9.603  0.0000E+00  0.1200E+02
  -9.593  0.0000E+00  0.1200E+02
  -9.583  0.0000E+00  0.1200E+02
  -9.573  0.0000E+00  0.1200E+02
  -9.563  0.0000E+00  0.1200E+02
  -9.553  0.0000E+00  0.1200E+02
  -9.543  0.0000E+00  0.1200E+02
  -9.533  0.0000E+00  0.1200E+02
  -9.523  0.0000E+00  0.1200E+02
  -9.513  0.0000E+00  0.1200E+02
  -9.503  0.0000E+00  0.1200E+02
  -9.493  0.0000E+00  0.1200E+02
  -9.483  0.0000E+00  0.1200E+02
  -9.473  0.0000E+00  0.1200E+02
  -9.463  0.0000E+00  0.1200E+02
  -9.453  0.0000E+00  0.1200E+02
  -9.443  0.0000E+00  0.1200E+02
  -9.433  0.0000E+00  0.1200E+02
  -9.423  0.0000E+00  0.1200E+02
  -9.413  0.0000E+00  0.1200E+02
  -9.403  0.0000E+00  0.1200E+02
  -9.393  0.0000E+00  0.1200E+02
  -9.383  0.0000E+00  0.1200E+02
  -9.373  0.0000E+00  0.1200E+02
  -9.363  0.0000E+00  0.1200E+02
  -9.353  0.0000E+00  0.1200E+02
  -9.343  0.0000E+00  0.1200E+02
  -9.333  0.0000E+00  0.1200E+02
  -9.323  0.0000E+00  0.1200E+02
  -9.313  0.0000E+00  0.1200E+02
  -9.303  0.0000E+00  0.1200E+02
  -9.293  0.0000E+00  0.1200E+02
  -9.283  0.0000E+00  0.1200E+02
  -9.273  0.0000E+00  0.1200E+02
  -9.263  0.0000E+00  0.1200E+02
  -9.253  0.0000E+00  0.1200E+02
  -9.243  0.0000E+00  0.1200E+02
  -9.233  0.0000E+00  0.1200E+02
  -9.223  0.0000E+00  0.1200E+02
  -9.213  0.0000E+00  0.1200E+02
  -9.203  0.0000E+00  0.1200E+02
  -9.193  0.0000E+00  0.1200E+02
  -9.183  0.0000E+00  0.1200E+02
  -9.173  0.0000E+00  0.1200E+02
  -9.163  0.0000E+00  0.1200E+02
  -9.153  0.0000E+00  0.1200E+02
  -9.143  0.0000E+00  0.1200E+02
  -9.133  0.0000E+00  0.1200E+02
  -9.123  0.0000E+00  0.1200E+02
  -9.113  0.0000E+00  0.1200E+02
  -9.103  0.0000E+00  0.1200E+02
  -9.093  0.0000E+00  0.1200E+02
  -9.083  0.0000E+00  0.1200E+02
  -9.073  0.0000E+00  0.1200E+02
  -9.063  0.0000E+00  0.1200E+02
  -9.053  0.0000E+00  0.1200E+02
  -9.043  0.0000E+00  0.1200E+02
  -9.033  0.0000E+00  0.1200E+02
  -9.023  0.0000E+00  0.1200E+02
  -9.013  0.0000E+00  0.1200E+02
  -9.003  0.0000E+00  0.1200E+02
  -8.993  0.0000E+00  0.1200E+02
  -8.983  0.0000E+00  0.1200E+02
  -8.973  0.0000E+00  0.1200E+02
  -8.963  0.0000E+00  0.1200E+02
  -8.953  0.0000E+00  0.1200E+02
  -8.943  0.0000E+00  0.1200E+02
  -8.933  0.0000E+00  0.1200E+02
  -8.923  0.0000E+00  0.1200E+02
  -8.913  0.0000E+00  0.1200E+02
  -8.903  0.0000E+00  0.1200E+02
  -8.893  0.0000E+00  0.1200E+02
  -8.883  0.0000E+00  0.1200E+02
  -8.873  0.0000E+00  0.1200E+02
  -8.863  0.0000E+00  0.1200E+02
  -8.853  0.0000E+00  0.1200E+02
  -8.843  0.0000E+00  0.1200E+02
  -8.833  0.0000E+00  0.1200E+02
  -8.823  0.0000E+00  0.1200E+02
  -8.813  0.0000E+00  0.1200E+02
  -8.803  0.0000E+00  0.1200E+02
  -8.793  0.0000E+00  0.1200E+02
  -8.783  0.0000E+00  0.1200E+02
  -8.773  0.0000E+00  0.1200E+02
  -8.763  0.0000E+00  0.1200E+02
  -8.753  0.0000E+00  0.1200E+02
  -8.743  0.0000E+00  0.1200E+02
  -8.733  0.0000E+00  0.1200E+02
  -8.723  0.0000E+00  0.1200E+02
  -8.713  0.0000E+00  0.1200E+02
  -8.703  0.0000E+00  0.1200E+02
  -8.693  0.0000E+00  0.1200E+02
  -8.683  0.0000E+00  0.1200E+02
  -8.673  0.0000E+00  0.1200E+02
  -8.663  0.0000E+00  0.1200E+02
  -8.653  0.0000E+00  0.1200E+02
  -8.643  0.0000E+00  0.1200E+02
  -8.633  0.0000E+00  0.1200E+02
  -8.623  0.0000E+00  0.1200E+02
  -8.613  0.0000E+00  0.1200E+02
  -8.603  0.0000E+00  0.1200E+02
  -8.593  0.0000E+00  0.1200E+02
  -8.583  0.0000E+00  0.1200E+02
  -8.573  0.0000E+00  0.1200E+02
  -8.563  0.0000E+00  0.1200E+02
  -8.553  0.0000E+00  0.1200E+02
  -8.543  0.0000E+00  0.1200E+02
  -8.533  0.0000E+00  0.1200E+02
  -8.523  0.0000E+00  0.1200E+02
  -8.513  0.0000E+00  0.1200E+02
  -8.503  0.0000E+00  0.1200E+02
  -8.493  0.0000E+00  0.1200E+02
  -8.483  0.0000E+00  0.1200E+02
  -8.473  0.0000E+00  0.1200E+02
  -8.463  0.0000E+00  0.1200E+02
  -8.453  0.0000E+00  0.1200E+02
  -8.443  0.0000E+00  0.1200E+02
  -8.433  0.0000E+00  0.1200E+02
  -8.423  0.0000E+00  0.1200E+02
  -8.413  0.0000E+00  0.1200E+02
  -8.403  0.0000E+00  0.1200E+02
  -8.393  0.0000E+00  0.1200E+02
  -8.383  0.0000E+00  0.1200E+02
  -8.373  0.0000E+00  0.1200E+02
  -8.363  0.0000E+00  0.1200E+02
  -8.353  0.0000E+00  0.1200E+02
  -8.343  0.0000E+00  0.1200E+02
  -8.333  0.0000E+00  0.1200E+02
  -8.323  0.0000E+00  0.1200E+02
  -8.313  0.0000E+00  0.1200E+02
  -8.303  0.0000E+00  0.1200E+02
  -8.293  0.0000E+00  0.1200E+02
  -8.283  0.0000E+00  0.1200E+02
  -8.273  0.0000E+00  0.1200E+02
  -8.263  0.0000E+00  0.1200E+02
  -8.253  0.0000E+00  0.1200E+02
  -8.243  0.0000E+00  0.1200E+02
  -8.233  0.0000E+00  0.1200E+02
  -8.223  0.0000E+00  0.1200E+02
  -8.213  0.0000E+00  0.1200E+02
  -8.203  0.0000E+00  0.1200E+02
  -8.193  0.0000E+00  0.1200E+02
  -8.183  0.0000E+00  0.1200E+02
  -8.173  0.0000E+00  0.1200E+02
  -8.163  0.0000E+00  0.1200E+02
  -8.153  0.0000E+00  0.1200E+02
  -8.143  0.0000E+00  0.1200E+02
  -8.133  0.0000E+00  0.1200E+02
  -8.123  0.0000E+00  0.1200E+02
  -8.113  0.0000E+00  0.1200E+02
  -8.103  0.0000E+00  0.1200E+02
  -8.093  0.0000E+00  0.1200E+02
  -8.083  0.0000E+00  0.1200E+02
  -8.073  0.0000E+00  0.1200E+02
  -8.063  0.0000E+00  0.1200E+02
  -8.053  0.0000E+00  0.1200E+02
  -8.043  0.0000E+00  0.1200E+02
  -8.033  0.0000E+00  0.1200E+02
  -8.023  0.0000E+00  0.1200E+02
  -8.013  0.0000E+00  0.1200E+02
  -8.003  0.0000E+00  0.1200E+02
  -7.993  0.0000E+00  0.1200E+02
  -7.983  0.0000E+00  0.1200E+02
  -7.973  0.0000E+00  0.1200E+02
  -7.963  0.0000E+00  0.1200E+02
  -7.953  0.0000E+00  0.1200E+02
  -7.943  0.0000E+00  0.1200E+02
  -7.933  0.0000E+00  0.1200E+02
  -7.923  0.0000E+00  0.1200E+02
  -7.913  0.0000E+00  0.1200E+02
  -7.903  0.0000E+00  0.1200E+02
  -7.893  0.0000E+00  0.1200E+02
  -7.883  0.0000E+00  0.1200E+02
  -7.873  0.0000E+00  0.1200E+02
  -7.863  0.0000E+00  0.1200E+02
  -7.853  0.0000E+00  0.1200E+02
  -7.843  0.0000E+00  0.1200E+02
  -7.833  0.0000E+00  0.1200E+02
  -7.823  0.0000E+00  0.1200E+02
  -7.813  0.0000E+00  0.1200E+02
  -7.803  0.0000E+00  0.1200E+02
  -7.793  0.0000E+00  0.1200E+02
  -7.783  0.0000E+00  0.1200E+02
  -7.773  0.0000E+00  0.1200E+02
  -7.763  0.0000E+00  0.1200E+02
  -7.753  0.0000E+00  0.1200E+02
  -7.743  0.0000E+00  0.1200E+02
  -7.733  0.0000E+00  0.1200E+02
  -7.723  0.0000E+00  0.1200E+02
  -7.713  0.0000E+00  0.1200E+02
  -7.703  0.0000E+00  0.1200E+02
  -7.693  0.0000E+00  0.1200E+02
  -7.683  0.0000E+00  0.1200E+02
  -7.673  0.0000E+00  0.1200E+02
  -7.663  0.0000E+00  0.1200E+02
  -7.653  0.0000E+00  0.1200E+02
  -7.643  0.0000E+00  0.1200E+02
  -7.633  0.0000E+00  0.1200E+02
  -7.623  0.0000E+00  0.1200E+02
  -7.613  0.0000E+00  0.1200E+02
  -7.603  0.0000E+00  0.1200E+02
  -7.593  0.0000E+00  0.1200E+02
  -7.583  0.0000E+00  0.1200E+02
  -7.573  0.0000E+00  0.1200E+02
  -7.563  0.0000E+00  0.1200E+02
  -7.553  0.0000E+00  0.1200E+02
  -7.543  0.0000E+00  0.1200E+02
  -7.533  0.0000E+00  0.1200E+02
  -7.523  0.0000E+00  0.1200E+02
  -7.513  0.0000E+00  0.1200E+02
  -7.503  0.0000E+00  0.1200E+02
  -7.493  0.0000E+00  0.1200E+02
  -7.483  0.0000E+00  0.1200E+02
  -7.473  0.0000E+00  0.1200E+02
  -7.463  0.0000E+00  0.1200E+02
  -7.453  0.0000E+00  0.1200E+02
  -7.443  0.0000E+00  0.1200E+02
  -7.433  0.0000E+00  0.1200E+02
  -7.423  0.0000E+00  0.1200E+02
  -7.413  0.0000E+00  0.1200E+02
  -7.403  0.0000E+00  0.1200E+02
  -7.393  0.0000E+00  0.1200E+02
  -7.383  0.0000E+00  0.1200E+02
  -7.373  0.0000E+00  0.1200E+02
  -7.363  0.0000E+00  0.1200E+02
  -7.353  0.0000E+00  0.1200E+02
  -7.343  0.0000E+00  0.1200E+02
  -7.333  0.0000E+00  0.1200E+02
  -7.323  0.0000E+00  0.1200E+02
  -7.313  0.0000E+00  0.1200E+02
  -7.303  0.0000E+00  0.1200E+02
  -7.293  0.0000E+00  0.1200E+02
  -7.283  0.0000E+00  0.1200E+02
  -7.273  0.0000E+00  0.1200E+02
  -7.263  0.0000E+00  0.1200E+02
  -7.253  0.0000E+00  0.1200E+02
  -7.243  0.0000E+00  0.1200E+02
  -7.233  0.0000E+00  0.1200E+02
  -7.223  0.0000E+00  0.1200E+02
  -7.213  0.0000E+00  0.1200E+02
  -7.203  0.0000E+00  0.1200E+02
  -7.193  0.0000E+00  0.1200E+02
  -7.183  0.0000E+00  0.1200E+02
  -7.173  0.0000E+00  0.1200E+02
  -7.163  0.0000E+00  0.1200E+02
  -7.153  0.0000E+00  0.1200E+02
  -7.143  0.0000E+00  0.1200E+02
  -7.133  0.0000E+00  0.1200E+02
  -7.123  0.0000E+00  0.1200E+02
  -7.113  0.0000E+00  0.1200E+02
  -7.103  0.0000E+00  0.1200E+02
  -7.093  0.0000E+00  0.1200E+02
  -7.083  0.0000E+00  0.1200E+02
  -7.073  0.0000E+00  0.1200E+02
  -7.063  0.0000E+00  0.1200E+02
  -7.053  0.0000E+00  0.1200E+02
  -7.043  0.0000E+00  0.1200E+02
  -7.033  0.0000E+00  0.1200E+02
  -7.023  0.0000E+00  0.1200E+02
  -7.013  0.0000E+00  0.1200E+02
  -7.003  0.0000E+00  0.1200E+02
  -6.993  0.0000E+00  0.1200E+02
  -6.983  0.0000E+00  0.1200E+02
  -6.973  0.0000E+00  0.1200E+02
  -6.963  0.0000E+00  0.1200E+02
  -6.953  0.0000E+00  0.1200E+02
  -6.943  0.0000E+00  0.1200E+02
  -6.933  0.0000E+00  0.1200E+02
  -6.923  0.0000E+00  0.1200E+02
  -6.913  0.0000E+00  0.1200E+02
  -6.903  0.0000E+00  0.1200E+02
  -6.893  0.0000E+00  0.1200E+02
  -6.883  0.0000E+00  0.1200E+02
  -6.873  0.0000E+00  0.1200E+02
  -6.863  0.0000E+00  0.1200E+02
  -6.853  0.0000E+00  0.1200E+02
  -6.843  0.0000E+00  0.1200E+02
  -6.833  0.0000E+00  0.1200E+02
  -6.823  0.0000E+00  0.1200E+02
  -6.813  0.0000E+00  0.1200E+02
  -6.803  0.0000E+00  0.1200E+02
  -6.793  0.0000E+00  0.1200E+02
  -6.783  0.0000E+00  0.1200E+02
  -6.773  0.3299E-03  0.1200E+02
  -6.763  0.1407E-02  0.1200E+02
  -6.753  0.3233E-02  0.1200E+02
  -6.743  0.5807E-02  0.1200E+02
  -6.733  0.9130E-02  0.1200E+02
  -6.723  0.1320E-01  0.1200E+02
  -6.713  0.1802E-01  0.1200E+02
  -6.703  0.2359E-01  0.1200E+02
  -6.693  0.2991E-01  0.1200E+02
  -6.683  0.3698E-01  0.1200E+02
  -6.673  0.4479E-01  0.1200E+02
  -6.663  0.5335E-01  0.1200E+02
  -6.653  0.6267E-01  0.1200E+02
  -6.643  0.7273E-01  0.1200E+02
  -6.633  0.8354E-01  0.1200E+02
  -6.623  0.9510E-01  0.1201E+02
  -6.613  0.1074E+00  0.1201E+02
  -6.603  0.1205E+00  0.1201E+02
  -6.593  0.1343E+00  0.1201E+02
  -6.583  0.1488E+00  0.1201E+02
  -6.573  0.1641E+00  0.1201E+02
  -6.563  0.1802E+00  0.1201E+02
  -6.553  0.1970E+00  0.1202E+02
  -6.543  0.2145E+00  0.1202E+02
  -6.533  0.2328E+00  0.1202E+02
  -6.523  0.2519E+00  0.1202E+02
  -6.513  0.2717E+00  0.1202E+02
  -6.503  0.2922E+00  0.1203E+02
  -6.493  0.3135E+00  0.1203E+02
  -6.483  0.3355E+00  0.1203E+02
  -6.473  0.3586E+00  0.1204E+02
  -6.463  0.3832E+00  0.1204E+02
  -6.453  0.4093E+00  0.1204E+02
  -6.443  0.4369E+00  0.1205E+02
  -6.433  0.4660E+00  0.1205E+02
  -6.423  0.4966E+00  0.1206E+02
  -6.413  0.5286E+00  0.1206E+02
  -6.403  0.5621E+00  0.1207E+02
  -6.393  0.5972E+00  0.1207E+02
  -6.383  0.6337E+00  0.1208E+02
  -6.373  0.6717E+00  0.1209E+02
  -6.363  0.7112E+00  0.1209E+02
  -6.353  0.7521E+00  0.1210E+02
  -6.343  0.7912E+00  0.1211E+02
  -6.333  0.8129E+00  0.1212E+02
  -6.323  0.8345E+00  0.1213E+02
  -6.313  0.8560E+00  0.1213E+02
  -6.303  0.8773E+00  0.1214E+02
  -6.293  0.8984E+00  0.1215E+02
  -6.283  0.9195E+00  0.1216E+02
  -6.273  0.9404E+00  0.1217E+02
  -6.263  0.9612E+00  0.1218E+02
  -6.253  0.9818E+00  0.1219E+02
  -6.243  0.1002E+01  0.1220E+02
  -6.233  0.1023E+01  0.1221E+02
  -6.223  0.1043E+01  0.1222E+02
  -6.213  0.1063E+01  0.1223E+02
  -6.203  0.1083E+01  0.1224E+02
  -6.193  0.1103E+01  0.1225E+02
  -6.183  0.1123E+01  0.1226E+02
  -6.173  0.1142E+01  0.1227E+02
  -6.163  0.1162E+01  0.1229E+02
  -6.153  0.1181E+01  0.1230E+02
  -6.143  0.1220E+01  0.1231E+02
  -6.133  0.1275E+01  0.1232E+02
  -6.123  0.1333E+01  0.1233E+02
  -6.113  0.1394E+01  0.1235E+02
  -6.103  0.1457E+01  0.1236E+02
  -6.093  0.1523E+01  0.1238E+02
  -6.083  0.1592E+01  0.1239E+02
  -6.073  0.1663E+01  0.1241E+02
  -6.063  0.1737E+01  0.1243E+02
  -6.053  0.1813E+01  0.1244E+02
  -6.043  0.1892E+01  0.1246E+02
  -6.033  0.1974E+01  0.1248E+02
  -6.023  0.2058E+01  0.1250E+02
  -6.013  0.2145E+01  0.1252E+02
  -6.003  0.2234E+01  0.1255E+02
  -5.993  0.2326E+01  0.1257E+02
  -5.983  0.2421E+01  0.1259E+02
  -5.973  0.2518E+01  0.1262E+02
  -5.963  0.2618E+01  0.1264E+02
  -5.953  0.2720E+01  0.1267E+02
  -5.943  0.2825E+01  0.1270E+02
  -5.933  0.2933E+01  0.1273E+02
  -5.923  0.3043E+01  0.1276E+02
  -5.913  0.3156E+01  0.1279E+02
  -5.903  0.3271E+01  0.1282E+02
  -5.893  0.3389E+01  0.1285E+02
  -5.883  0.3510E+01  0.1289E+02
  -5.873  0.3633E+01  0.1292E+02
  -5.863  0.3759E+01  0.1296E+02
  -5.853  0.5822E+01  0.1301E+02
  -5.843  0.6912E+01  0.1307E+02
  -5.833  0.7624E+01  0.1315E+02
  -5.823  0.8060E+01  0.1322E+02
  -5.813  0.8340E+01  0.1331E+02
  -5.803  0.8464E+01  0.1339E+02
  -5.793  0.8431E+01  0.1348E+02
  -5.783  0.8241E+01  0.1356E+02
  -5.773  0.7895E+01  0.1364E+02
  -5.763  0.4373E+01  0.1370E+02
  -5.753  0.4063E+01  0.1375E+02
  -5.743  0.3813E+01  0.1378E+02
  -5.733  0.3581E+01  0.1382E+02
  -5.723  0.3367E+01  0.1386E+02
  -5.713  0.3171E+01  0.1389E+02
  -5.703  0.2993E+01  0.1392E+02
  -5.693  0.2832E+01  0.1395E+02
  -5.683  0.2627E+01  0.1398E+02
  -5.673  0.1252E+01  0.1400E+02
  -5.663  0.1489E-02  0.1400E+02
  -5.653  0.2679E-02  0.1400E+02
  -5.643  0.4216E-02  0.1400E+02
  -5.633  0.6100E-02  0.1400E+02
  -5.623  0.8331E-02  0.1400E+02
  -5.613  0.1091E-01  0.1400E+02
  -5.603  0.1383E-01  0.1400E+02
  -5.593  0.1710E-01  0.1400E+02
  -5.583  0.2072E-01  0.1400E+02
  -5.573  0.2469E-01  0.1400E+02
  -5.563  0.2900E-01  0.1400E+02
  -5.553  0.3366E-01  0.1400E+02
  -5.543  0.3867E-01  0.1400E+02
  -5.533  0.4402E-01  0.1400E+02
  -5.523  0.4972E-01  0.1400E+02
  -5.513  0.5577E-01  0.1400E+02
  -5.503  0.6216E-01  0.1400E+02
  -5.493  0.6891E-01  0.1400E+02
  -5.483  0.7599E-01  0.1401E+02
  -5.473  0.8343E-01  0.1401E+02
  -5.463  0.9121E-01  0.1401E+02
  -5.453  0.9934E-01  0.1401E+02
  -5.443  0.1078E+00  0.1401E+02
  -5.433  0.1166E+00  0.1401E+02
  -5.423  0.1258E+00  0.1401E+02
  -5.413  0.1353E+00  0.1401E+02
  -5.403  0.1452E+00  0.1401E+02
  -5.393  0.1554E+00  0.1402E+02
  -5.383  0.1660E+00  0.1402E+02
  -5.373  0.1769E+00  0.1402E+02
  -5.363  0.1881E+00  0.1402E+02
  -5.353  0.1997E+00  0.1402E+02
  -5.343  0.2117E+00  0.1402E+02
  -5.333  0.2240E+00  0.1403E+02
  -5.323  0.2366E+00  0.1403E+02
  -5.313  0.2496E+00  0.1403E+02
  -5.303  0.2634E+00  0.1403E+02
  -5.293  0.2779E+00  0.1404E+02
  -5.283  0.2929E+00  0.1404E+02
  -5.273  0.3086E+00  0.1404E+02
  -5.263  0.3249E+00  0.1405E+02
  -5.253  0.3418E+00  0.1405E+02
  -5.243  0.3593E+00  0.1405E+02
  -5.233  0.3774E+00  0.1406E+02
  -5.223  0.3961E+00  0.1406E+02
  -5.213  0.4155E+00  0.1406E+02
  -5.203  0.4355E+00  0.1407E+02
  -5.193  0.4561E+00  0.1407E+02
  -5.183  0.4773E+00  0.1408E+02
  -5.173  0.4991E+00  0.1408E+02
  -5.163  0.5215E+00  0.1409E+02
  -5.153  0.5445E+00  0.1409E+02
  -5.143  0.5682E+00  0.1410E+02
  -5.133  0.5925E+00  0.1410E+02
  -5.123  0.6174E+00  0.1411E+02
  -5.113  0.6429E+00  0.1412E+02
  -5.103  0.6690E+00  0.1412E+02
  -5.093  0.6957E+00  0.1413E+02
  -5.083  0.7231E+00  0.1414E+02
  -5.073  0.7510E+00  0.1414E+02
  -5.063  0.7796E+00  0.1415E+02
  -5.053  0.8088E+00  0.1416E+02
  -5.043  0.8386E+00  0.1417E+02
  -5.033  0.8690E+00  0.1418E+02
  -5.023  0.9000E+00  0.1419E+02
  -5.013  0.9317E+00  0.1419E+02
  -5.003  0.9639E+00  0.1420E+02
  -4.993  0.9968E+00  0.1421E+02
  -4.983  0.1030E+01  0.1422E+02
  -4.973  0.1064E+01  0.1423E+02
  -4.963  0.1099E+01  0.1425E+02
  -4.953  0.1134E+01  0.1426E+02
  -4.943  0.1170E+01  0.1427E+02
  -4.933  0.1207E+01  0.1428E+02
  -4.923  0.1244E+01  0.1429E+02
  -4.913  0.1282E+01  0.1431E+02
  -4.903  0.1320E+01  0.1432E+02
  -4.893  0.1359E+01  0.1433E+02
  -4.883  0.1399E+01  0.1435E+02
  -4.873  0.1439E+01  0.1436E+02
  -4.863  0.1480E+01  0.1437E+02
  -4.853  0.1522E+01  0.1439E+02
  -4.843  0.1564E+01  0.1440E+02
  -4.833  0.1606E+01  0.1442E+02
  -4.823  0.1670E+01  0.1444E+02
  -4.813  0.1806E+01  0.1445E+02
  -4.803  0.2020E+01  0.1447E+02
  -4.793  0.2309E+01  0.1449E+02
  -4.783  0.2675E+01  0.1452E+02
  -4.773  0.3118E+01  0.1455E+02
  -4.763  0.3740E+01  0.1458E+02
  -4.753  0.4620E+01  0.1462E+02
  -4.743  0.5759E+01  0.1468E+02
  -4.733  0.7157E+01  0.1474E+02
  -4.723  0.9089E+01  0.1482E+02
  -4.713  0.1084E+02  0.1492E+02
  -4.703  0.1149E+02  0.1503E+02
  -4.693  0.1393E+02  0.1516E+02
  -4.683  0.1221E+02  0.1529E+02
  -4.673  0.1818E+02  0.1542E+02
  -4.663  0.1833E+01  0.1548E+02
  -4.653  0.1790E+01  0.1550E+02
  -4.643  0.1747E+01  0.1552E+02
  -4.633  0.1705E+01  0.1553E+02
  -4.623  0.1663E+01  0.1555E+02
  -4.613  0.1622E+01  0.1557E+02
  -4.603  0.1581E+01  0.1558E+02
  -4.593  0.1540E+01  0.1560E+02
  -4.583  0.1501E+01  0.1561E+02
  -4.573  0.1461E+01  0.1563E+02
  -4.563  0.1423E+01  0.1564E+02
  -4.553  0.1384E+01  0.1566E+02
  -4.543  0.1346E+01  0.1567E+02
  -4.533  0.1309E+01  0.1568E+02
  -4.523  0.1272E+01  0.1570E+02
  -4.513  0.1236E+01  0.1571E+02
  -4.503  0.1201E+01  0.1572E+02
  -4.493  0.1165E+01  0.1573E+02
  -4.483  0.1131E+01  0.1575E+02
  -4.473  0.1096E+01  0.1576E+02
  -4.463  0.1063E+01  0.1577E+02
  -4.453  0.1030E+01  0.1578E+02
  -4.443  0.9970E+00  0.1579E+02
  -4.433  0.9648E+00  0.1580E+02
  -4.423  0.9332E+00  0.1581E+02
  -4.413  0.9021E+00  0.1582E+02
  -4.403  0.8715E+00  0.1583E+02
  -4.393  0.8414E+00  0.1583E+02
  -4.383  0.8118E+00  0.1584E+02
  -4.373  0.7828E+00  0.1585E+02
  -4.363  0.7542E+00  0.1586E+02
  -4.353  0.7261E+00  0.1587E+02
  -4.343  0.6986E+00  0.1587E+02
  -4.333  0.6716E+00  0.1588E+02
  -4.323  0.6451E+00  0.1589E+02
  -4.313  0.6191E+00  0.1589E+02
  -4.303  0.5936E+00  0.1590E+02
  -4.293  0.5686E+00  0.1590E+02
  -4.283  0.5441E+00  0.1591E+02
  -4.273  0.5202E+00  0.1592E+02
  -4.263  0.4967E+00  0.1592E+02
  -4.253  0.4738E+00  0.1593E+02
  -4.243  0.4514E+00  0.1593E+02
  -4.233  0.4295E+00  0.1593E+02
  -4.223  0.4081E+00  0.1594E+02
  -4.213  0.3872E+00  0.1594E+02
  -4.203  0.3668E+00  0.1595E+02
  -4.193  0.3469E+00  0.1595E+02
  -4.183  0.3276E+00  0.1595E+02
  -4.173  0.3087E+00  0.1596E+02
  -4.163  0.2904E+00  0.1596E+02
  -4.153  0.2726E+00  0.1596E+02
  -4.143  0.2558E+00  0.1596E+02
  -4.133  0.2436E+00  0.1597E+02
  -4.123  0.2317E+00  0.1597E+02
  -4.113  0.2201E+00  0.1597E+02
  -4.103  0.2088E+00  0.1597E+02
  -4.093  0.1977E+00  0.1598E+02
  -4.083  0.1870E+00  0.1598E+02
  -4.073  0.1766E+00  0.1598E+02
  -4.063  0.1665E+00  0.1598E+02
  -4.053  0.1567E+00  0.1598E+02
  -4.043  0.1472E+00  0.1598E+02
  -4.033  0.1379E+00  0.1599E+02
  -4.023  0.1290E+00  0.1599E+02
  -4.013  0.1204E+00  0.1599E+02
  -4.003  0.1121E+00  0.1599E+02
  -3.993  0.1040E+00  0.1599E+02
  -3.983  0.9632E-01  0.1599E+02
  -3.973  0.8889E-01  0.1599E+02
  -3.963  0.8176E-01  0.1599E+02
  -3.953  0.6918E+00  0.1600E+02
  -3.943  0.9348E+00  0.1601E+02
  -3.933  0.1188E+01  0.1602E+02
  -3.923  0.1453E+01  0.1603E+02
  -3.913  0.1728E+01  0.1605E+02
  -3.903  0.2014E+01  0.1606E+02
  -3.893  0.2310E+01  0.1609E+02
  -3.883  0.2617E+01  0.1611E+02
  -3.873  0.2935E+01  0.1614E+02
  -3.863  0.3264E+01  0.1617E+02
  -3.853  0.3595E+01  0.1620E+02
  -3.843  0.3843E+01  0.1624E+02
  -3.833  0.3983E+01  0.1628E+02
  -3.823  0.4017E+01  0.1632E+02
  -3.813  0.3622E+01  0.1636E+02
  -3.803  0.3666E+01  0.1640E+02
  -3.793  0.3702E+01  0.1643E+02
  -3.783  0.3730E+01  0.1647E+02
  -3.773  0.3750E+01  0.1651E+02
  -3.763  0.3762E+01  0.1655E+02
  -3.753  0.3767E+01  0.1658E+02
  -3.743  0.3763E+01  0.1662E+02
  -3.733  0.3752E+01  0.1666E+02
  -3.723  0.3735E+01  0.1670E+02
  -3.713  0.3721E+01  0.1673E+02
  -3.703  0.3711E+01  0.1677E+02
  -3.693  0.3706E+01  0.1681E+02
  -3.683  0.3704E+01  0.1684E+02
  -3.673  0.3706E+01  0.1688E+02
  -3.663  0.3713E+01  0.1692E+02
  -3.653  0.3717E+01  0.1696E+02
  -3.643  0.3672E+01  0.1699E+02
  -3.633  0.3237E+01  0.1703E+02
  -3.623  0.3168E+01  0.1706E+02
  -3.613  0.3099E+01  0.1709E+02
  -3.603  0.3030E+01  0.1712E+02
  -3.593  0.2960E+01  0.1715E+02
  -3.583  0.2890E+01  0.1718E+02
  -3.573  0.2820E+01  0.1721E+02
  -3.563  0.2750E+01  0.1724E+02
  -3.553  0.2679E+01  0.1726E+02
  -3.543  0.2608E+01  0.1729E+02
  -3.533  0.2536E+01  0.1732E+02
  -3.523  0.2465E+01  0.1734E+02
  -3.513  0.2393E+01  0.1737E+02
  -3.503  0.2321E+01  0.1739E+02
  -3.493  0.2248E+01  0.1741E+02
  -3.483  0.2175E+01  0.1743E+02
  -3.473  0.2102E+01  0.1746E+02
  -3.463  0.2029E+01  0.1748E+02
  -3.453  0.1956E+01  0.1750E+02
  -3.443  0.1882E+01  0.1752E+02
  -3.433  0.1808E+01  0.1753E+02
  -3.423  0.1742E+01  0.1755E+02
  -3.413  0.1692E+01  0.1757E+02
  -3.403  0.1645E+01  0.1759E+02
  -3.393  0.1599E+01  0.1760E+02
  -3.383  0.1556E+01  0.1762E+02
  -3.373  0.1515E+01  0.1763E+02
  -3.363  0.1476E+01  0.1765E+02
  -3.353  0.1439E+01  0.1766E+02
  -3.343  0.1403E+01  0.1768E+02
  -3.333  0.1367E+01  0.1769E+02
  -3.323  0.1331E+01  0.1770E+02
  -3.313  0.1297E+01  0.1772E+02
  -3.303  0.1262E+01  0.1773E+02
  -3.293  0.1229E+01  0.1774E+02
  -3.283  0.1196E+01  0.1775E+02
  -3.273  0.1163E+01  0.1777E+02
  -3.263  0.1131E+01  0.1778E+02
  -3.253  0.1099E+01  0.1779E+02
  -3.243  0.1068E+01  0.1780E+02
  -3.233  0.1038E+01  0.1781E+02
  -3.223  0.1008E+01  0.1782E+02
  -3.213  0.9784E+00  0.1783E+02
  -3.203  0.9495E+00  0.1784E+02
  -3.193  0.9211E+00  0.1785E+02
  -3.183  0.8933E+00  0.1786E+02
  -3.173  0.8660E+00  0.1787E+02
  -3.163  0.8393E+00  0.1788E+02
  -3.153  0.8131E+00  0.1788E+02
  -3.143  0.7874E+00  0.1789E+02
  -3.133  0.7623E+00  0.1790E+02
  -3.123  0.7384E+00  0.1791E+02
  -3.113  0.7167E+00  0.1792E+02
  -3.103  0.6970E+00  0.1792E+02
  -3.093  0.6795E+00  0.1793E+02
  -3.083  0.6640E+00  0.1794E+02
  -3.073  0.6545E+00  0.1794E+02
  -3.063  0.6741E+00  0.1795E+02
  -3.053  0.7268E+00  0.1796E+02
  -3.043  0.8124E+00  0.1796E+02
  -3.033  0.9310E+00  0.1797E+02
  -3.023  0.1083E+01  0.1798E+02
  -3.013  0.1230E+01  0.1799E+02
  -3.003  0.1342E+01  0.1801E+02
  -2.993  0.1522E+01  0.1802E+02
  -2.983  0.1953E+01  0.1804E+02
  -2.973  0.2670E+01  0.1806E+02
  -2.963  0.3671E+01  0.1809E+02
  -2.953  0.4958E+01  0.1814E+02
  -2.943  0.7210E+01  0.1819E+02
  -2.933  0.1219E+02  0.1829E+02
  -2.923  0.1588E+02  0.1843E+02
  -2.913  0.1863E+02  0.1861E+02
  -2.903  0.2096E+02  0.1881E+02
  -2.893  0.2005E+02  0.1901E+02
  -2.883  0.1885E+02  0.1921E+02
  -2.873  0.1776E+02  0.1940E+02
  -2.863  0.1258E+02  0.1955E+02
  -2.853  0.8270E+01  0.1965E+02
  -2.843  0.8407E+01  0.1973E+02
  -2.833  0.8497E+01  0.1981E+02
  -2.823  0.8541E+01  0.1990E+02
  -2.813  0.8538E+01  0.1998E+02
  -2.803  0.8489E+01  0.2007E+02
  -2.793  0.8420E+01  0.2015E+02
  -2.783  0.8377E+01  0.2024E+02
  -2.773  0.8302E+01  0.2032E+02
  -2.763  0.8493E+01  0.2040E+02
  -2.753  0.8273E+01  0.2049E+02
  -2.743  0.8067E+01  0.2057E+02
  -2.733  0.7878E+01  0.2065E+02
  -2.723  0.7704E+01  0.2073E+02
  -2.713  0.7545E+01  0.2080E+02
  -2.703  0.7023E+01  0.2088E+02
  -2.693  0.7149E+01  0.2095E+02
  -2.683  0.7266E+01  0.2102E+02
  -2.673  0.7374E+01  0.2109E+02
  -2.663  0.7473E+01  0.2117E+02
  -2.653  0.7550E+01  0.2124E+02
  -2.643  0.7596E+01  0.2132E+02
  -2.633  0.7695E+01  0.2140E+02
  -2.623  0.7954E+01  0.2147E+02
  -2.613  0.1163E+02  0.2158E+02
  -2.603  0.1237E+02  0.2170E+02
  -2.593  0.1120E+02  0.2182E+02
  -2.583  0.8561E+01  0.2192E+02
  -2.573  0.3890E+01  0.2197E+02
  -2.563  0.2070E+01  0.2200E+02
  -2.553  0.9201E+00  0.2202E+02
  -2.543  0.4418E+00  0.2202E+02
  -2.533  0.4637E+00  0.2203E+02
  -2.523  0.5154E+00  0.2203E+02
  -2.513  0.5699E+00  0.2204E+02
  -2.503  0.6271E+00  0.2204E+02
  -2.493  0.6871E+00  0.2205E+02
  -2.483  0.7497E+00  0.2206E+02
  -2.473  0.8152E+00  0.2207E+02
  -2.463  0.8833E+00  0.2207E+02
  -2.453  0.9542E+00  0.2208E+02
  -2.443  0.1351E+01  0.2209E+02
  -2.433  0.2408E+01  0.2211E+02
  -2.423  0.6296E+01  0.2215E+02
  -2.413  0.8437E+01  0.2222E+02
  -2.403  0.9836E+01  0.2232E+02
  -2.393  0.1049E+02  0.2242E+02
  -2.383  0.1056E+02  0.2252E+02
  -2.373  0.1058E+02  0.2263E+02
  -2.363  0.1058E+02  0.2274E+02
  -2.353  0.1058E+02  0.2284E+02
  -2.343  0.1054E+02  0.2295E+02
  -2.333  0.1041E+02  0.2305E+02
  -2.323  0.1017E+02  0.2316E+02
  -2.313  0.9823E+01  0.2326E+02
  -2.303  0.9196E+01  0.2335E+02
  -2.293  0.7505E+01  0.2343E+02
  -2.283  0.6072E+01  0.2350E+02
  -2.273  0.5051E+01  0.2356E+02
  -2.263  0.4605E+01  0.2361E+02
  -2.253  0.4282E+01  0.2365E+02
  -2.243  0.3975E+01  0.2369E+02
  -2.233  0.3684E+01  0.2373E+02
  -2.223  0.3408E+01  0.2376E+02
  -2.213  0.3148E+01  0.2380E+02
  -2.203  0.2905E+01  0.2383E+02
  -2.193  0.2677E+01  0.2386E+02
  -2.183  0.2465E+01  0.2388E+02
  -2.173  0.2269E+01  0.2391E+02
  -2.163  0.2089E+01  0.2393E+02
  -2.153  0.1923E+01  0.2395E+02
  -2.143  0.1761E+01  0.2397E+02
  -2.133  0.1598E+01  0.2398E+02
  -2.123  0.1433E+01  0.2400E+02
  -2.113  0.0000E+00  0.2400E+02
  -2.103  0.0000E+00  0.2400E+02
  -2.093  0.0000E+00  0.2400E+02
  -2.083  0.0000E+00  0.2400E+02
  -2.073  0.0000E+00  0.2400E+02
  -2.063  0.0000E+00  0.2400E+02
  -2.053  0.0000E+00  0.2400E+02
  -2.043  0.0000E+00  0.2400E+02
  -2.033  0.0000E+00  0.2400E+02
  -2.023  0.0000E+00  0.2400E+02
  -2.013  0.0000E+00  0.2400E+02
  -2.003  0.0000E+00  0.2400E+02
  -1.993  0.0000E+00  0.2400E+02
  -1.983  0.0000E+00  0.2400E+02
  -1.973  0.0000E+00  0.2400E+02
  -1.963  0.0000E+00  0.2400E+02
  -1.953  0.0000E+00  0.2400E+02
  -1.943  0.0000E+00  0.2400E+02
  -1.933  0.0000E+00  0.2400E+02
  -1.923  0.0000E+00  0.2400E+02
  -1.913  0.0000E+00  0.2400E+02
  -1.903  0.0000E+00  0.2400E+02
  -1.893  0.0000E+00  0.2400E+02
  -1.883  0.0000E+00  0.2400E+02
  -1.873  0.0000E+00  0.2400E+02
  -1.863  0.0000E+00  0.2400E+02
  -1.853  0.0000E+00  0.2400E+02
  -1.843  0.0000E+00  0.2400E+02
  -1.833  0.0000E+00  0.2400E+02
  -1.823  0.0000E+00  0.2400E+02
  -1.813  0.0000E+00  0.2400E+02
  -1.803  0.0000E+00  0.2400E+02
  -1.793  0.0000E+00  0.2400E+02
  -1.783  0.0000E+00  0.2400E+02
  -1.773  0.0000E+00  0.2400E+02
  -1.763  0.0000E+00  0.2400E+02
  -1.753  0.0000E+00  0.2400E+02
  -1.743  0.0000E+00  0.2400E+02
  -1.733  0.0000E+00  0.2400E+02
  -1.723  0.0000E+00  0.2400E+02
  -1.713  0.0000E+00  0.2400E+02
  -1.703  0.0000E+00  0.2400E+02
  -1.693  0.0000E+00  0.2400E+02
  -1.683  0.0000E+00  0.2400E+02
  -1.673  0.0000E+00  0.2400E+02
  -1.663  0.0000E+00  0.2400E+02
  -1.653  0.0000E+00  0.2400E+02
  -1.643  0.0000E+00  0.2400E+02
  -1.633  0.0000E+00  0.2400E+02
  -1.623  0.0000E+00  0.2400E+02
  -1.613  0.0000E+00  0.2400E+02
  -1.603  0.0000E+00  0.2400E+02
  -1.593  0.0000E+00  0.2400E+02
  -1.583  0.0000E+00  0.2400E+02
  -1.573  0.0000E+00  0.2400E+02
  -1.563  0.0000E+00  0.2400E+02
  -1.553  0.0000E+00  0.2400E+02
  -1.543  0.0000E+00  0.2400E+02
  -1.533  0.0000E+00  0.2400E+02
  -1.523  0.0000E+00  0.2400E+02
  -1.513  0.0000E+00  0.2400E+02
  -1.503  0.0000E+00  0.2400E+02
  -1.493  0.0000E+00  0.2400E+02
  -1.483  0.0000E+00  0.2400E+02
  -1.473  0.0000E+00  0.2400E+02
  -1.463  0.0000E+00  0.2400E+02
  -1.453  0.0000E+00  0.2400E+02
  -1.443  0.0000E+00  0.2400E+02
  -1.433  0.0000E+00  0.2400E+02
  -1.423  0.0000E+00  0.2400E+02
  -1.413  0.0000E+00  0.2400E+02
  -1.403  0.0000E+00  0.2400E+02
  -1.393  0.0000E+00  0.2400E+02
  -1.383  0.0000E+00  0.2400E+02
  -1.373  0.0000E+00  0.2400E+02
  -1.363  0.0000E+00  0.2400E+02
  -1.353  0.0000E+00  0.2400E+02
  -1.343  0.0000E+00  0.2400E+02
  -1.333  0.0000E+00  0.2400E+02
  -1.323  0.0000E+00  0.2400E+02
  -1.313  0.0000E+00  0.2400E+02
  -1.303  0.0000E+00  0.2400E+02
  -1.293  0.0000E+00  0.2400E+02
  -1.283  0.0000E+00  0.2400E+02
  -1.273  0.0000E+00  0.2400E+02
  -1.263  0.0000E+00  0.2400E+02
  -1.253  0.0000E+00  0.2400E+02
  -1.243  0.0000E+00  0.2400E+02
  -1.233  0.0000E+00  0.2400E+02
  -1.223  0.0000E+00  0.2400E+02
  -1.213  0.0000E+00  0.2400E+02
  -1.203  0.0000E+00  0.2400E+02
  -1.193  0.0000E+00  0.2400E+02
  -1.183  0.0000E+00  0.2400E+02
  -1.173  0.0000E+00  0.2400E+02
  -1.163  0.0000E+00  0.2400E+02
  -1.153  0.0000E+00  0.2400E+02
  -1.143  0.0000E+00  0.2400E+02
  -1.133  0.0000E+00  0.2400E+02
  -1.123  0.0000E+00  0.2400E+02
  -1.113  0.0000E+00  0.2400E+02
  -1.103  0.0000E+00  0.2400E+02
  -1.093  0.0000E+00  0.2400E+02
  -1.083  0.0000E+00  0.2400E+02
  -1.073  0.0000E+00  0.2400E+02
  -1.063  0.0000E+00  0.2400E+02
  -1.053  0.0000E+00  0.2400E+02
  -1.043  0.0000E+00  0.2400E+02
  -1.033  0.0000E+00  0.2400E+02
  -1.023  0.0000E+00  0.2400E+02
  -1.013  0.0000E+00  0.2400E+02
  -1.003  0.0000E+00  0.2400E+02
  -0.993  0.0000E+00  0.2400E+02
  -0.983  0.0000E+00  0.2400E+02
  -0.973  0.0000E+00  0.2400E+02
  -0.963  0.0000E+00  0.2400E+02
  -0.953  0.0000E+00  0.2400E+02
  -0.943  0.0000E+00  0.2400E+02
  -0.933  0.0000E+00  0.2400E+02
  -0.923  0.0000E+00  0.2400E+02
  -0.913  0.0000E+00  0.2400E+02
  -0.903  0.0000E+00  0.2400E+02
  -0.893  0.0000E+00  0.2400E+02
  -0.883  0.0000E+00  0.2400E+02
  -0.873  0.0000E+00  0.2400E+02
  -0.863  0.0000E+00  0.2400E+02
  -0.853  0.0000E+00  0.2400E+02
  -0.843  0.0000E+00  0.2400E+02
  -0.833  0.0000E+00  0.2400E+02
  -0.823  0.0000E+00  0.2400E+02
  -0.813  0.0000E+00  0.2400E+02
  -0.803  0.0000E+00  0.2400E+02
  -0.793  0.0000E+00  0.2400E+02
  -0.783  0.0000E+00  0.2400E+02
  -0.773  0.0000E+00  0.2400E+02
  -0.763  0.0000E+00  0.2400E+02
  -0.753  0.0000E+00  0.2400E+02
  -0.743  0.0000E+00  0.2400E+02
  -0.733  0.0000E+00  0.2400E+02
  -0.723  0.0000E+00  0.2400E+02
  -0.713  0.0000E+00  0.2400E+02
  -0.703  0.0000E+00  0.2400E+02
  -0.693  0.0000E+00  0.2400E+02
  -0.683  0.0000E+00  0.2400E+02
  -0.673  0.0000E+00  0.2400E+02
  -0.663  0.0000E+00  0.2400E+02
  -0.653  0.0000E+00  0.2400E+02
  -0.643  0.1241E+01  0.2400E+02
  -0.633  0.2823E+01  0.2402E+02
  -0.623  0.4376E+01  0.2406E+02
  -0.613  0.5901E+01  0.2411E+02
  -0.603  0.7397E+01  0.2418E+02
  -0.593  0.9219E+01  0.2426E+02
  -0.583  0.1067E+02  0.2436E+02
  -0.573  0.1216E+02  0.2447E+02
  -0.563  0.1350E+02  0.2460E+02
  -0.553  0.1467E+02  0.2474E+02
  -0.543  0.1518E+02  0.2489E+02
  -0.533  0.1493E+02  0.2504E+02
  -0.523  0.1450E+02  0.2519E+02
  -0.513  0.1356E+02  0.2533E+02
  -0.503  0.1253E+02  0.2546E+02
  -0.493  0.1142E+02  0.2558E+02
  -0.483  0.1023E+02  0.2569E+02
  -0.473  0.8954E+01  0.2579E+02
  -0.463  0.7570E+01  0.2587E+02
  -0.453  0.5993E+01  0.2594E+02
  -0.443  0.5147E+01  0.2599E+02
  -0.433  0.5181E+01  0.2604E+02
  -0.423  0.5242E+01  0.2609E+02
  -0.413  0.5763E+01  0.2615E+02
  -0.403  0.5885E+01  0.2621E+02
  -0.393  0.6329E+01  0.2627E+02
  -0.383  0.6272E+01  0.2633E+02
  -0.373  0.6260E+01  0.2640E+02
  -0.363  0.6293E+01  0.2646E+02
  -0.353  0.6372E+01  0.2652E+02
  -0.343  0.6494E+01  0.2659E+02
  -0.333  0.6654E+01  0.2665E+02
  -0.323  0.6853E+01  0.2672E+02
  -0.313  0.7091E+01  0.2679E+02
  -0.303  0.7368E+01  0.2686E+02
  -0.293  0.1999E+02  0.2702E+02
  -0.283  0.6694E+01  0.2713E+02
  -0.273  0.6499E+01  0.2719E+02
  -0.263  0.6329E+01  0.2726E+02
  -0.253  0.6184E+01  0.2732E+02
  -0.243  0.6065E+01  0.2738E+02
  -0.233  0.5971E+01  0.2744E+02
  -0.223  0.5751E+01  0.2750E+02
  -0.213  0.5396E+01  0.2756E+02
  -0.203  0.5055E+01  0.2761E+02
  -0.193  0.4727E+01  0.2766E+02
  -0.183  0.4412E+01  0.2770E+02
  -0.173  0.4110E+01  0.2774E+02
  -0.163  0.3822E+01  0.2778E+02
  -0.153  0.3547E+01  0.2782E+02
  -0.143  0.3285E+01  0.2786E+02
  -0.133  0.3037E+01  0.2789E+02
  -0.123  0.6192E+01  0.2794E+02
  -0.113  0.8479E+01  0.2801E+02
  -0.103  0.9326E+01  0.2810E+02
  -0.093  0.9821E+01  0.2820E+02
  -0.083  0.9448E+01  0.2829E+02
  -0.073  0.1102E+02  0.2839E+02
  -0.063  0.1296E+02  0.2851E+02
  -0.053  0.1519E+02  0.2865E+02
  -0.043  0.1320E+02  0.2879E+02
  -0.033  0.1279E+02  0.2892E+02
  -0.023  0.1193E+02  0.2904E+02
  -0.013  0.1060E+02  0.2915E+02
  -0.003  0.9374E+01  0.2925E+02
   0.007  0.8757E+01  0.2934E+02
   0.017  0.8598E+01  0.2943E+02
   0.027  0.7849E+01  0.2951E+02
   0.037  0.7495E+01  0.2959E+02
   0.047  0.7056E+01  0.2966E+02
   0.057  0.6532E+01  0.2973E+02
   0.067  0.5923E+01  0.2979E+02
   0.077  0.5225E+01  0.2985E+02
   0.087  0.4409E+01  0.2990E+02
   0.097  0.3470E+01  0.2994E+02
   0.107  0.2408E+01  0.2997E+02
   0.117  0.1252E+01  0.2998E+02
   0.127  0.6890E+00  0.2999E+02
   0.137  0.2929E+00  0.3000E+02
   0.147  0.6366E-01  0.3000E+02
   0.157  0.7826E-03  0.3000E+02
   0.167  0.2337E-01  0.3000E+02
   0.177  0.7717E-01  0.3000E+02
   0.187  0.1622E+00  0.3000E+02
   0.197  0.2942E+00  0.3000E+02
   0.207  0.5199E+00  0.3001E+02
   0.217  0.8423E+00  0.3001E+02
   0.227  0.1262E+01  0.3003E+02
   0.237  0.1778E+01  0.3004E+02
   0.247  0.2390E+01  0.3006E+02
   0.257  0.3100E+01  0.3009E+02
   0.267  0.3928E+01  0.3012E+02
   0.277  0.5088E+01  0.3017E+02
   0.287  0.6629E+01  0.3023E+02
   0.297  0.8395E+01  0.3030E+02
   0.307  0.1025E+02  0.3039E+02
   0.317  0.1220E+02  0.3051E+02
   0.327  0.1420E+02  0.3064E+02
   0.337  0.1611E+02  0.3079E+02
   0.347  0.1631E+02  0.3095E+02
   0.357  0.1612E+02  0.3112E+02
   0.367  0.1565E+02  0.3128E+02
   0.377  0.1973E+02  0.3143E+02
   0.387  0.1695E+02  0.3161E+02
   0.397  0.1421E+02  0.3177E+02
   0.407  0.5011E+01  0.3187E+02
   0.417  0.3613E+01  0.3191E+02
   0.427  0.2525E+01  0.3195E+02
   0.437  0.1647E+01  0.3197E+02
   0.447  0.9803E+00  0.3198E+02
   0.457  0.5238E+00  0.3199E+02
   0.467  0.2777E+00  0.3199E+02
   0.477  0.1227E+01  0.3200E+02
   0.487  0.1923E+01  0.3201E+02
   0.497  0.2724E+01  0.3204E+02
   0.507  0.4472E+01  0.3207E+02
   0.517  0.6868E+01  0.3213E+02
   0.527  0.9060E+01  0.3221E+02
   0.537  0.1105E+02  0.3231E+02
   0.547  0.1283E+02  0.3243E+02
   0.557  0.1440E+02  0.3257E+02
   0.567  0.1651E+02  0.3272E+02
   0.577  0.1716E+02  0.3289E+02
   0.587  0.1682E+02  0.3306E+02
   0.597  0.1588E+02  0.3322E+02
   0.607  0.1439E+02  0.3338E+02
   0.617  0.1249E+02  0.3351E+02
   0.627  0.1494E+02  0.3366E+02
   0.637  0.7433E+01  0.3379E+02
   0.647  0.3172E+01  0.3384E+02
   0.657  0.1378E+01  0.3386E+02
   0.667  0.1233E+01  0.3387E+02
   0.677  0.1135E+01  0.3388E+02
   0.687  0.1042E+01  0.3390E+02
   0.697  0.9537E+00  0.3391E+02
   0.707  0.8710E+00  0.3391E+02
   0.717  0.7935E+00  0.3392E+02
   0.727  0.7211E+00  0.3393E+02
   0.737  0.6539E+00  0.3394E+02
   0.747  0.5919E+00  0.3394E+02
   0.757  0.5350E+00  0.3395E+02
   0.767  0.4855E+00  0.3395E+02
   0.777  0.4478E+00  0.3396E+02
   0.787  0.4219E+00  0.3396E+02
   0.797  0.4078E+00  0.3397E+02
   0.807  0.4318E+01  0.3398E+02
   0.817  0.9991E+01  0.3405E+02
   0.827  0.1511E+02  0.3418E+02
   0.837  0.1212E+02  0.3432E+02
   0.847  0.1026E+02  0.3443E+02
   0.857  0.1000E+02  0.3453E+02
   0.867  0.8052E+01  0.3462E+02
   0.877  0.8098E+01  0.3470E+02
   0.887  0.8133E+01  0.3478E+02
   0.897  0.8157E+01  0.3486E+02
   0.907  0.8170E+01  0.3494E+02
   0.917  0.8173E+01  0.3503E+02
   0.927  0.8166E+01  0.3511E+02
   0.937  0.8160E+01  0.3519E+02
   0.947  0.8179E+01  0.3527E+02
   0.957  0.8220E+01  0.3535E+02
   0.967  0.8339E+01  0.3543E+02
   0.977  0.9745E+01  0.3552E+02
   0.987  0.1084E+02  0.3563E+02
   0.997  0.1107E+02  0.3574E+02
   1.007  0.9908E+01  0.3585E+02
   1.017  0.8089E+01  0.3593E+02
   1.027  0.6964E+01  0.3601E+02
   1.037  0.6138E+01  0.3607E+02
   1.047  0.5533E+01  0.3613E+02
   1.057  0.5130E+01  0.3619E+02
   1.067  0.4932E+01  0.3624E+02
   1.077  0.4953E+01  0.3628E+02
   1.087  0.1796E+02  0.3645E+02
   1.097  0.1677E+02  0.3662E+02
   1.107  0.1401E+02  0.3678E+02
   1.117  0.1186E+02  0.3691E+02
   1.127  0.1048E+02  0.3702E+02
   1.137  0.9966E+01  0.3712E+02
   1.147  0.9113E+01  0.3722E+02
   1.157  0.7896E+01  0.3730E+02
   1.167  0.6908E+01  0.3738E+02
   1.177  0.6148E+01  0.3744E+02
   1.187  0.5616E+01  0.3750E+02
   1.197  0.5070E+01  0.3755E+02
   1.207  0.5030E+01  0.3760E+02
   1.217  0.4992E+01  0.3765E+02
   1.227  0.5397E+01  0.3770E+02
   1.237  0.5534E+01  0.3776E+02
   1.247  0.5729E+01  0.3782E+02
   1.257  0.5983E+01  0.3787E+02
   1.267  0.6295E+01  0.3794E+02
   1.277  0.6666E+01  0.3800E+02
   1.287  0.7164E+01  0.3807E+02
   1.297  0.8344E+01  0.3815E+02
   1.307  0.9283E+01  0.3823E+02
   1.317  0.9729E+01  0.3833E+02
   1.327  0.1001E+02  0.3843E+02
   1.337  0.1030E+02  0.3853E+02
   1.347  0.1057E+02  0.3863E+02
   1.357  0.1084E+02  0.3874E+02
   1.367  0.1110E+02  0.3885E+02
   1.377  0.1142E+02  0.3896E+02
   1.387  0.1207E+02  0.3908E+02
   1.397  0.1223E+02  0.3920E+02
   1.407  0.1189E+02  0.3932E+02
   1.417  0.1105E+02  0.3944E+02
   1.427  0.9791E+01  0.3954E+02
   1.437  0.8594E+01  0.3964E+02
   1.447  0.7399E+01  0.3972E+02
   1.457  0.6519E+01  0.3978E+02
   1.467  0.5656E+01  0.3985E+02
   1.477  0.4810E+01  0.3990E+02
   1.487  0.4021E+01  0.3994E+02
   1.497  0.3466E+01  0.3998E+02
   1.507  0.3100E+01  0.4001E+02
   1.517  0.3604E+01  0.4004E+02
   1.527  0.4884E+01  0.4008E+02
   1.537  0.6164E+01  0.4014E+02
   1.547  0.8110E+01  0.4021E+02
   1.557  0.1008E+02  0.4030E+02
   1.567  0.1195E+02  0.4041E+02
   1.577  0.1372E+02  0.4054E+02
   1.587  0.1538E+02  0.4068E+02
   1.597  0.1611E+02  0.4084E+02
   1.607  0.1765E+02  0.4101E+02
   1.617  0.1832E+02  0.4119E+02
   1.627  0.1753E+02  0.4137E+02
   1.637  0.1610E+02  0.4154E+02
   1.647  0.1239E+02  0.4169E+02
   1.657  0.9613E+01  0.4180E+02
   1.667  0.6822E+01  0.4188E+02
   1.677  0.4469E+01  0.4193E+02
   1.687  0.2636E+01  0.4197E+02
   1.697  0.1321E+01  0.4199E+02
   1.707  0.5104E+00  0.4200E+02
   1.717  0.8416E-01  0.4200E+02
   1.727  0.0000E+00  0.4200E+02
   1.737  0.0000E+00  0.4200E+02
   1.747  0.0000E+00  0.4200E+02
   1.757  0.8422E+00  0.4200E+02
   1.767  0.2130E+01  0.4202E+02
   1.777  0.3405E+01  0.4205E+02
   1.787  0.4682E+01  0.4209E+02
   1.797  0.5966E+01  0.4214E+02
   1.807  0.7254E+01  0.4220E+02
   1.817  0.8541E+01  0.4228E+02
   1.827  0.9825E+01  0.4238E+02
   1.837  0.1111E+02  0.4248E+02
   1.847  0.1238E+02  0.4260E+02
   1.857  0.1354E+02  0.4273E+02
   1.867  0.1447E+02  0.4287E+02
   1.877  0.1715E+02  0.4303E+02
   1.887  0.1489E+02  0.4319E+02
   1.897  0.1200E+02  0.4333E+02
   1.907  0.9002E+01  0.4343E+02
   1.917  0.7462E+01  0.4351E+02
   1.927  0.6088E+01  0.4358E+02
   1.937  0.4880E+01  0.4363E+02
   1.947  0.2607E+01  0.4367E+02
   1.957  0.2450E+01  0.4370E+02
   1.967  0.2300E+01  0.4372E+02
   1.977  0.2157E+01  0.4375E+02
   1.987  0.2025E+01  0.4377E+02
   1.997  0.2011E+01  0.4379E+02
   2.007  0.2157E+01  0.4381E+02
   2.017  0.2461E+01  0.4383E+02
   2.027  0.2924E+01  0.4386E+02
   2.037  0.3546E+01  0.4389E+02
   2.047  0.4538E+01  0.4393E+02
   2.057  0.4794E+01  0.4398E+02
   2.067  0.5060E+01  0.4403E+02
   2.077  0.5336E+01  0.4408E+02
   2.087  0.5621E+01  0.4413E+02
   2.097  0.5915E+01  0.4419E+02
   2.107  0.6219E+01  0.4425E+02
   2.117  0.6531E+01  0.4432E+02
   2.127  0.6853E+01  0.4438E+02
   2.137  0.7185E+01  0.4445E+02
   2.147  0.7538E+01  0.4453E+02
   2.157  0.8178E+01  0.4460E+02
   2.167  0.8389E+01  0.4469E+02
   2.177  0.8019E+01  0.4477E+02
   2.187  0.7867E+01  0.4485E+02
   2.197  0.8242E+01  0.4493E+02
   2.207  0.8453E+01  0.4501E+02
   2.217  0.8691E+01  0.4510E+02
   2.227  0.8957E+01  0.4519E+02
   2.237  0.9250E+01  0.4528E+02
   2.247  0.9571E+01  0.4537E+02
   2.257  0.9919E+01  0.4547E+02
   2.267  0.1030E+02  0.4557E+02
   2.277  0.1014E+02  0.4567E+02
   2.287  0.9984E+01  0.4577E+02
   2.297  0.9463E+01  0.4587E+02
   2.307  0.8581E+01  0.4596E+02
   2.317  0.7357E+01  0.4604E+02
   2.327  0.6147E+01  0.4611E+02
   2.337  0.5089E+01  0.4617E+02
   2.347  0.4124E+01  0.4621E+02
   2.357  0.3715E+01  0.4625E+02
   2.367  0.3885E+01  0.4629E+02
   2.377  0.4239E+01  0.4633E+02
   2.387  0.4634E+01  0.4637E+02
   2.397  0.5087E+01  0.4642E+02
   2.407  0.5748E+01  0.4648E+02
   2.417  0.6630E+01  0.4654E+02
   2.427  0.7733E+01  0.4661E+02
   2.437  0.1324E+02  0.4672E+02
   2.447  0.1566E+02  0.4686E+02
   2.457  0.1638E+02  0.4702E+02
   2.467  0.1548E+02  0.4719E+02
   2.477  0.1464E+02  0.4734E+02
   2.487  0.1356E+02  0.4748E+02
   2.497  0.1186E+02  0.4760E+02
   2.507  0.9904E+01  0.4771E+02
   2.517  0.8132E+01  0.4780E+02
   2.527  0.6545E+01  0.4788E+02
   2.537  0.5141E+01  0.4793E+02
   2.547  0.3888E+01  0.4798E+02
