#  E (eV)   dos(E)     Int dos(E) EFermi =    2.570 eV
 -16.773  0.0000E+00  0.0000E+00
 -16.763  0.9279E-02  0.3093E-04
 -16.753  0.3712E-01  0.2474E-03
 -16.743  0.8351E-01  0.8351E-03
 -16.733  0.1485E+00  0.1979E-02
 -16.723  0.2320E+00  0.3866E-02
 -16.713  0.3340E+00  0.6681E-02
 -16.703  0.4547E+00  0.1061E-01
 -16.693  0.5938E+00  0.1584E-01
 -16.683  0.7473E+00  0.2253E-01
 -16.673  0.9127E+00  0.3082E-01
 -16.663  0.1090E+01  0.4083E-01
 -16.653  0.1237E+01  0.5259E-01
 -16.643  0.1304E+01  0.6530E-01
 -16.633  0.1359E+01  0.7863E-01
 -16.623  0.1404E+01  0.9245E-01
 -16.613  0.1437E+01  0.1067E+00
 -16.603  0.1459E+01  0.1212E+00
 -16.593  0.1470E+01  0.1358E+00
 -16.583  0.1485E+01  0.1505E+00
 -16.573  0.1564E+01  0.1658E+00
 -16.563  0.1645E+01  0.1818E+00
 -16.553  0.1728E+01  0.1987E+00
 -16.543  0.1813E+01  0.2164E+00
 -16.533  0.1901E+01  0.2349E+00
 -16.523  0.1990E+01  0.2544E+00
 -16.513  0.2082E+01  0.2748E+00
 -16.503  0.2175E+01  0.2960E+00
 -16.493  0.2271E+01  0.3183E+00
 -16.483  0.2369E+01  0.3415E+00
 -16.473  0.2469E+01  0.3656E+00
 -16.463  0.2619E+01  0.3909E+00
 -16.453  0.2843E+01  0.4183E+00
 -16.443  0.3057E+01  0.4478E+00
 -16.433  0.3266E+01  0.4794E+00
 -16.423  0.3472E+01  0.5131E+00
 -16.413  0.3676E+01  0.5488E+00
 -16.403  0.3877E+01  0.5866E+00
 -16.393  0.4075E+01  0.6263E+00
 -16.383  0.4373E+01  0.6684E+00
 -16.373  0.4352E+01  0.7113E+00
 -16.363  0.4759E+01  0.7566E+00
 -16.353  0.5223E+01  0.8065E+00
 -16.343  0.5641E+01  0.8609E+00
 -16.333  0.6010E+01  0.9192E+00
 -16.323  0.6281E+01  0.9808E+00
 -16.313  0.6471E+01  0.1045E+01
 -16.303  0.6627E+01  0.1110E+01
 -16.293  0.6751E+01  0.1177E+01
 -16.283  0.6841E+01  0.1245E+01
 -16.273  0.6898E+01  0.1314E+01
 -16.263  0.6958E+01  0.1383E+01
 -16.253  0.7682E+01  0.1456E+01
 -16.243  0.8420E+01  0.1536E+01
 -16.233  0.9731E+01  0.1633E+01
 -16.223  0.8475E+01  0.1725E+01
 -16.213  0.7127E+01  0.1803E+01
 -16.203  0.5686E+01  0.1867E+01
 -16.193  0.4153E+01  0.1916E+01
 -16.183  0.0000E+00  0.2000E+01
 -16.173  0.0000E+00  0.2000E+01
 -16.163  0.0000E+00  0.2000E+01
 -16.153  0.0000E+00  0.2000E+01
 -16.143  0.0000E+00  0.2000E+01
 -16.133  0.0000E+00  0.2000E+01
 -16.123  0.0000E+00  0.2000E+01
 -16.113  0.5851E-01  0.2000E+01
 -16.103  0.3081E+00  0.2002E+01
 -16.093  0.5729E+00  0.2006E+01
 -16.083  0.8532E+00  0.2013E+01
 -16.073  0.1149E+01  0.2023E+01
 -16.063  0.1460E+01  0.2036E+01
 -16.053  0.1382E+01  0.2052E+01
 -16.043  0.1000E+01  0.2063E+01
 -16.033  0.1066E+01  0.2073E+01
 -16.023  0.1135E+01  0.2084E+01
 -16.013  0.1207E+01  0.2096E+01
 -16.003  0.1281E+01  0.2108E+01
 -15.993  0.1358E+01  0.2121E+01
 -15.983  0.1437E+01  0.2135E+01
 -15.973  0.1519E+01  0.2150E+01
 -15.963  0.1604E+01  0.2166E+01
 -15.953  0.1692E+01  0.2182E+01
 -15.943  0.1782E+01  0.2199E+01
 -15.933  0.1875E+01  0.2218E+01
 -15.923  0.1970E+01  0.2237E+01
 -15.913  0.2073E+01  0.2257E+01
 -15.903  0.2217E+01  0.2279E+01
 -15.893  0.2409E+01  0.2302E+01
 -15.883  0.3273E+01  0.2328E+01
 -15.873  0.3762E+01  0.2363E+01
 -15.863  0.4346E+01  0.2403E+01
 -15.853  0.5123E+01  0.2450E+01
 -15.843  0.6671E+01  0.2509E+01
 -15.833  0.7834E+01  0.2582E+01
 -15.823  0.8013E+01  0.2661E+01
 -15.813  0.8368E+01  0.2743E+01
 -15.803  0.8642E+01  0.2828E+01
 -15.793  0.8835E+01  0.2915E+01
 -15.783  0.8947E+01  0.3004E+01
 -15.773  0.8979E+01  0.3094E+01
 -15.763  0.8930E+01  0.3184E+01
 -15.753  0.8746E+01  0.3272E+01
 -15.743  0.8166E+01  0.3357E+01
 -15.733  0.7201E+01  0.3434E+01
 -15.723  0.6046E+01  0.3500E+01
 -15.713  0.4067E+01  0.3565E+01
 -15.703  0.3474E+01  0.3603E+01
 -15.693  0.3096E+01  0.3636E+01
 -15.683  0.2829E+01  0.3665E+01
 -15.673  0.2546E+01  0.3692E+01
 -15.663  0.2253E+01  0.3716E+01
 -15.653  0.1999E+01  0.3737E+01
 -15.643  0.1785E+01  0.3756E+01
 -15.633  0.1609E+01  0.3773E+01
 -15.623  0.1472E+01  0.3789E+01
 -15.613  0.1374E+01  0.3803E+01
 -15.603  0.1311E+01  0.3816E+01
 -15.593  0.1253E+01  0.3829E+01
 -15.583  0.1196E+01  0.3841E+01
 -15.573  0.1141E+01  0.3853E+01
 -15.563  0.1086E+01  0.3864E+01
 -15.553  0.1033E+01  0.3875E+01
 -15.543  0.9813E+00  0.3885E+01
 -15.533  0.9306E+00  0.3894E+01
 -15.523  0.8810E+00  0.3903E+01
 -15.513  0.8325E+00  0.3912E+01
 -15.503  0.7853E+00  0.3920E+01
 -15.493  0.7392E+00  0.3928E+01
 -15.483  0.6943E+00  0.3935E+01
 -15.473  0.6505E+00  0.3942E+01
 -15.463  0.6080E+00  0.3948E+01
 -15.453  0.5666E+00  0.3954E+01
 -15.443  0.5264E+00  0.3959E+01
 -15.433  0.4873E+00  0.3964E+01
 -15.423  0.4495E+00  0.3969E+01
 -15.413  0.4128E+00  0.3973E+01
 -15.403  0.3773E+00  0.3977E+01
 -15.393  0.3429E+00  0.3981E+01
 -15.383  0.3098E+00  0.3984E+01
 -15.373  0.2778E+00  0.3987E+01
 -15.363  0.9710E+00  0.4011E+01
 -15.353  0.1093E+01  0.4021E+01
 -15.343  0.1237E+01  0.4033E+01
 -15.333  0.1403E+01  0.4046E+01
 -15.323  0.1590E+01  0.4061E+01
 -15.313  0.1798E+01  0.4078E+01
 -15.303  0.2029E+01  0.4097E+01
 -15.293  0.2280E+01  0.4118E+01
 -15.283  0.2553E+01  0.4143E+01
 -15.273  0.2848E+01  0.4170E+01
 -15.263  0.3164E+01  0.4200E+01
 -15.253  0.3981E+01  0.4234E+01
 -15.243  0.5154E+01  0.4279E+01
 -15.233  0.6769E+01  0.4339E+01
 -15.223  0.8953E+01  0.4417E+01
 -15.213  0.1227E+02  0.4521E+01
 -15.203  0.1908E+02  0.4675E+01
 -15.193  0.1700E+02  0.4856E+01
 -15.183  0.1086E+02  0.5000E+01
 -15.173  0.7218E+01  0.5086E+01
 -15.163  0.5429E+01  0.5148E+01
 -15.153  0.4576E+01  0.5198E+01
 -15.143  0.4270E+01  0.5242E+01
 -15.133  0.3989E+01  0.5283E+01
 -15.123  0.3729E+01  0.5322E+01
 -15.113  0.3492E+01  0.5358E+01
 -15.103  0.3277E+01  0.5392E+01
 -15.093  0.3084E+01  0.5423E+01
 -15.083  0.2922E+01  0.5453E+01
 -15.073  0.2783E+01  0.5482E+01
 -15.063  0.2648E+01  0.5509E+01
 -15.053  0.2519E+01  0.5535E+01
 -15.043  0.2395E+01  0.5559E+01
 -15.033  0.2276E+01  0.5583E+01
 -15.023  0.2162E+01  0.5605E+01
 -15.013  0.2054E+01  0.5626E+01
 -15.003  0.1951E+01  0.5646E+01
 -14.993  0.1853E+01  0.5665E+01
 -14.983  0.1761E+01  0.5683E+01
 -14.973  0.1681E+01  0.5700E+01
 -14.963  0.1631E+01  0.5717E+01
 -14.953  0.1592E+01  0.5733E+01
 -14.943  0.1552E+01  0.5749E+01
 -14.933  0.1510E+01  0.5764E+01
 -14.923  0.1466E+01  0.5779E+01
 -14.913  0.1422E+01  0.5793E+01
 -14.903  0.1376E+01  0.5807E+01
 -14.893  0.1328E+01  0.5821E+01
 -14.883  0.1279E+01  0.5834E+01
 -14.873  0.1229E+01  0.5846E+01
 -14.863  0.1177E+01  0.5858E+01
 -14.853  0.1123E+01  0.5870E+01
 -14.843  0.1069E+01  0.5881E+01
 -14.833  0.1013E+01  0.5891E+01
 -14.823  0.9556E+00  0.5901E+01
 -14.813  0.8972E+00  0.5910E+01
 -14.803  0.8376E+00  0.5919E+01
 -14.793  0.9427E+00  0.5928E+01
 -14.783  0.9208E+00  0.5937E+01
 -14.773  0.8387E+00  0.5946E+01
 -14.763  0.7600E+00  0.5954E+01
 -14.753  0.6845E+00  0.5961E+01
 -14.743  0.6123E+00  0.5968E+01
 -14.733  0.5434E+00  0.5974E+01
 -14.723  0.4778E+00  0.5979E+01
 -14.713  0.4155E+00  0.5983E+01
 -14.703  0.3564E+00  0.5987E+01
 -14.693  0.3007E+00  0.5990E+01
 -14.683  0.2482E+00  0.5993E+01
 -14.673  0.1990E+00  0.5995E+01
 -14.663  0.2042E+02  0.6083E+01
 -14.653  0.2639E+02  0.6337E+01
 -14.643  0.1082E+03  0.6772E+01
 -14.633  0.2761E+02  0.7315E+01
 -14.623  0.2999E+02  0.7579E+01
 -14.613  0.4981E+02  0.7968E+01
 -14.603  0.8044E+02  0.8632E+01
 -14.593  0.4853E+02  0.9252E+01
 -14.583  0.3328E+02  0.9622E+01
 -14.573  0.1076E+03  0.1030E+02
 -14.563  0.4881E+02  0.1118E+02
 -14.553  0.3332E+02  0.1157E+02
 -14.543  0.1782E+02  0.1183E+02
 -14.533  0.7874E+01  0.1196E+02
 -14.523  0.1291E+01  0.1200E+02
 -14.513  0.0000E+00  0.1200E+02
 -14.503  0.0000E+00  0.1200E+02
 -14.493  0.0000E+00  0.1200E+02
 -14.483  0.0000E+00  0.1200E+02
 -14.473  0.0000E+00  0.1200E+02
 -14.463  0.0000E+00  0.1200E+02
 -14.453  0.0000E+00  0.1200E+02
 -14.443  0.0000E+00  0.1200E+02
 -14.433  0.0000E+00  0.1200E+02
 -14.423  0.0000E+00  0.1200E+02
 -14.413  0.0000E+00  0.1200E+02
 -14.403  0.0000E+00  0.1200E+02
 -14.393  0.0000E+00  0.1200E+02
 -14.383  0.0000E+00  0.1200E+02
 -14.373  0.0000E+00  0.1200E+02
 -14.363  0.0000E+00  0.1200E+02
 -14.353  0.0000E+00  0.1200E+02
 -14.343  0.0000E+00  0.1200E+02
 -14.333  0.0000E+00  0.1200E+02
 -14.323  0.0000E+00  0.1200E+02
 -14.313  0.0000E+00  0.1200E+02
 -14.303  0.0000E+00  0.1200E+02
 -14.293  0.0000E+00  0.1200E+02
 -14.283  0.0000E+00  0.1200E+02
 -14.273  0.0000E+00  0.1200E+02
 -14.263  0.0000E+00  0.1200E+02
 -14.253  0.0000E+00  0.1200E+02
 -14.243  0.0000E+00  0.1200E+02
 -14.233  0.0000E+00  0.1200E+02
 -14.223  0.0000E+00  0.1200E+02
 -14.213  0.0000E+00  0.1200E+02
 -14.203  0.0000E+00  0.1200E+02
 -14.193  0.0000E+00  0.1200E+02
 -14.183  0.0000E+00  0.1200E+02
 -14.173  0.0000E+00  0.1200E+02
 -14.163  0.0000E+00  0.1200E+02
 -14.153  0.0000E+00  0.1200E+02
 -14.143  0.0000E+00  0.1200E+02
 -14.133  0.0000E+00  0.1200E+02
 -14.123  0.0000E+00  0.1200E+02
 -14.113  0.0000E+00  0.1200E+02
 -14.103  0.0000E+00  0.1200E+02
 -14.093  0.0000E+00  0.1200E+02
 -14.083  0.0000E+00  0.1200E+02
 -14.073  0.0000E+00  0.1200E+02
 -14.063  0.0000E+00  0.1200E+02
 -14.053  0.0000E+00  0.1200E+02
 -14.043  0.0000E+00  0.1200E+02
 -14.033  0.0000E+00  0.1200E+02
 -14.023  0.0000E+00  0.1200E+02
 -14.013  0.0000E+00  0.1200E+02
 -14.003  0.0000E+00  0.1200E+02
 -13.993  0.0000E+00  0.1200E+02
 -13.983  0.0000E+00  0.1200E+02
 -13.973  0.0000E+00  0.1200E+02
 -13.963  0.0000E+00  0.1200E+02
 -13.953  0.0000E+00  0.1200E+02
 -13.943  0.0000E+00  0.1200E+02
 -13.933  0.0000E+00  0.1200E+02
 -13.923  0.0000E+00  0.1200E+02
 -13.913  0.0000E+00  0.1200E+02
 -13.903  0.0000E+00  0.1200E+02
 -13.893  0.0000E+00  0.1200E+02
 -13.883  0.0000E+00  0.1200E+02
 -13.873  0.0000E+00  0.1200E+02
 -13.863  0.0000E+00  0.1200E+02
 -13.853  0.0000E+00  0.1200E+02
 -13.843  0.0000E+00  0.1200E+02
 -13.833  0.0000E+00  0.1200E+02
 -13.823  0.0000E+00  0.1200E+02
 -13.813  0.0000E+00  0.1200E+02
 -13.803  0.0000E+00  0.1200E+02
 -13.793  0.0000E+00  0.1200E+02
 -13.783  0.0000E+00  0.1200E+02
 -13.773  0.0000E+00  0.1200E+02
 -13.763  0.0000E+00  0.1200E+02
 -13.753  0.0000E+00  0.1200E+02
 -13.743  0.0000E+00  0.1200E+02
 -13.733  0.0000E+00  0.1200E+02
 -13.723  0.0000E+00  0.1200E+02
 -13.713  0.0000E+00  0.1200E+02
 -13.703  0.0000E+00  0.1200E+02
 -13.693  0.0000E+00  0.1200E+02
 -13.683  0.0000E+00  0.1200E+02
 -13.673  0.0000E+00  0.1200E+02
 -13.663  0.0000E+00  0.1200E+02
 -13.653  0.0000E+00  0.1200E+02
 -13.643  0.0000E+00  0.1200E+02
 -13.633  0.0000E+00  0.1200E+02
 -13.623  0.0000E+00  0.1200E+02
 -13.613  0.0000E+00  0.1200E+02
 -13.603  0.0000E+00  0.1200E+02
 -13.593  0.0000E+00  0.1200E+02
 -13.583  0.0000E+00  0.1200E+02
 -13.573  0.0000E+00  0.1200E+02
 -13.563  0.0000E+00  0.1200E+02
 -13.553  0.0000E+00  0.1200E+02
 -13.543  0.0000E+00  0.1200E+02
 -13.533  0.0000E+00  0.1200E+02
 -13.523  0.0000E+00  0.1200E+02
 -13.513  0.0000E+00  0.1200E+02
 -13.503  0.0000E+00  0.1200E+02
 -13.493  0.0000E+00  0.1200E+02
 -13.483  0.0000E+00  0.1200E+02
 -13.473  0.0000E+00  0.1200E+02
 -13.463  0.0000E+00  0.1200E+02
 -13.453  0.0000E+00  0.1200E+02
 -13.443  0.0000E+00  0.1200E+02
 -13.433  0.0000E+00  0.1200E+02
 -13.423  0.0000E+00  0.1200E+02
 -13.413  0.0000E+00  0.1200E+02
 -13.403  0.0000E+00  0.1200E+02
 -13.393  0.0000E+00  0.1200E+02
 -13.383  0.0000E+00  0.1200E+02
 -13.373  0.0000E+00  0.1200E+02
 -13.363  0.0000E+00  0.1200E+02
 -13.353  0.0000E+00  0.1200E+02
 -13.343  0.0000E+00  0.1200E+02
 -13.333  0.0000E+00  0.1200E+02
 -13.323  0.0000E+00  0.1200E+02
 -13.313  0.0000E+00  0.1200E+02
 -13.303  0.0000E+00  0.1200E+02
 -13.293  0.0000E+00  0.1200E+02
 -13.283  0.0000E+00  0.1200E+02
 -13.273  0.0000E+00  0.1200E+02
 -13.263  0.0000E+00  0.1200E+02
 -13.253  0.0000E+00  0.1200E+02
 -13.243  0.0000E+00  0.1200E+02
 -13.233  0.0000E+00  0.1200E+02
 -13.223  0.0000E+00  0.1200E+02
 -13.213  0.0000E+00  0.1200E+02
 -13.203  0.0000E+00  0.1200E+02
 -13.193  0.0000E+00  0.1200E+02
 -13.183  0.0000E+00  0.1200E+02
 -13.173  0.0000E+00  0.1200E+02
 -13.163  0.0000E+00  0.1200E+02
 -13.153  0.0000E+00  0.1200E+02
 -13.143  0.0000E+00  0.1200E+02
 -13.133  0.0000E+00  0.1200E+02
 -13.123  0.0000E+00  0.1200E+02
 -13.113  0.0000E+00  0.1200E+02
 -13.103  0.0000E+00  0.1200E+02
 -13.093  0.0000E+00  0.1200E+02
 -13.083  0.0000E+00  0.1200E+02
 -13.073  0.0000E+00  0.1200E+02
 -13.063  0.0000E+00  0.1200E+02
 -13.053  0.0000E+00  0.1200E+02
 -13.043  0.0000E+00  0.1200E+02
 -13.033  0.0000E+00  0.1200E+02
 -13.023  0.0000E+00  0.1200E+02
 -13.013  0.0000E+00  0.1200E+02
 -13.003  0.0000E+00  0.1200E+02
 -12.993  0.0000E+00  0.1200E+02
 -12.983  0.0000E+00  0.1200E+02
 -12.973  0.0000E+00  0.1200E+02
 -12.963  0.0000E+00  0.1200E+02
 -12.953  0.0000E+00  0.1200E+02
 -12.943  0.0000E+00  0.1200E+02
 -12.933  0.0000E+00  0.1200E+02
 -12.923  0.0000E+00  0.1200E+02
 -12.913  0.0000E+00  0.1200E+02
 -12.903  0.0000E+00  0.1200E+02
 -12.893  0.0000E+00  0.1200E+02
 -12.883  0.0000E+00  0.1200E+02
 -12.873  0.0000E+00  0.1200E+02
 -12.863  0.0000E+00  0.1200E+02
 -12.853  0.0000E+00  0.1200E+02
 -12.843  0.0000E+00  0.1200E+02
 -12.833  0.0000E+00  0.1200E+02
 -12.823  0.0000E+00  0.1200E+02
 -12.813  0.0000E+00  0.1200E+02
 -12.803  0.0000E+00  0.1200E+02
 -12.793  0.0000E+00  0.1200E+02
 -12.783  0.0000E+00  0.1200E+02
 -12.773  0.0000E+00  0.1200E+02
 -12.763  0.0000E+00  0.1200E+02
 -12.753  0.0000E+00  0.1200E+02
 -12.743  0.0000E+00  0.1200E+02
 -12.733  0.0000E+00  0.1200E+02
 -12.723  0.0000E+00  0.1200E+02
 -12.713  0.0000E+00  0.1200E+02
 -12.703  0.0000E+00  0.1200E+02
 -12.693  0.0000E+00  0.1200E+02
 -12.683  0.0000E+00  0.1200E+02
 -12.673  0.0000E+00  0.1200E+02
 -12.663  0.0000E+00  0.1200E+02
 -12.653  0.0000E+00  0.1200E+02
 -12.643  0.0000E+00  0.1200E+02
 -12.633  0.0000E+00  0.1200E+02
 -12.623  0.0000E+00  0.1200E+02
 -12.613  0.0000E+00  0.1200E+02
 -12.603  0.0000E+00  0.1200E+02
 -12.593  0.0000E+00  0.1200E+02
 -12.583  0.0000E+00  0.1200E+02
 -12.573  0.0000E+00  0.1200E+02
 -12.563  0.0000E+00  0.1200E+02
 -12.553  0.0000E+00  0.1200E+02
 -12.543  0.0000E+00  0.1200E+02
 -12.533  0.0000E+00  0.1200E+02
 -12.523  0.0000E+00  0.1200E+02
 -12.513  0.0000E+00  0.1200E+02
 -12.503  0.0000E+00  0.1200E+02
 -12.493  0.0000E+00  0.1200E+02
 -12.483  0.0000E+00  0.1200E+02
 -12.473  0.0000E+00  0.1200E+02
 -12.463  0.0000E+00  0.1200E+02
 -12.453  0.0000E+00  0.1200E+02
 -12.443  0.0000E+00  0.1200E+02
 -12.433  0.0000E+00  0.1200E+02
 -12.423  0.0000E+00  0.1200E+02
 -12.413  0.0000E+00  0.1200E+02
 -12.403  0.0000E+00  0.1200E+02
 -12.393  0.0000E+00  0.1200E+02
 -12.383  0.0000E+00  0.1200E+02
 -12.373  0.0000E+00  0.1200E+02
 -12.363  0.0000E+00  0.1200E+02
 -12.353  0.0000E+00  0.1200E+02
 -12.343  0.0000E+00  0.1200E+02
 -12.333  0.0000E+00  0.1200E+02
 -12.323  0.0000E+00  0.1200E+02
 -12.313  0.0000E+00  0.1200E+02
 -12.303  0.0000E+00  0.1200E+02
 -12.293  0.0000E+00  0.1200E+02
 -12.283  0.0000E+00  0.1200E+02
 -12.273  0.0000E+00  0.1200E+02
 -12.263  0.0000E+00  0.1200E+02
 -12.253  0.0000E+00  0.1200E+02
 -12.243  0.0000E+00  0.1200E+02
 -12.233  0.0000E+00  0.1200E+02
 -12.223  0.0000E+00  0.1200E+02
 -12.213  0.0000E+00  0.1200E+02
 -12.203  0.0000E+00  0.1200E+02
 -12.193  0.0000E+00  0.1200E+02
 -12.183  0.0000E+00  0.1200E+02
 -12.173  0.0000E+00  0.1200E+02
 -12.163  0.0000E+00  0.1200E+02
 -12.153  0.0000E+00  0.1200E+02
 -12.143  0.0000E+00  0.1200E+02
 -12.133  0.0000E+00  0.1200E+02
 -12.123  0.0000E+00  0.1200E+02
 -12.113  0.0000E+00  0.1200E+02
 -12.103  0.0000E+00  0.1200E+02
 -12.093  0.0000E+00  0.1200E+02
 -12.083  0.0000E+00  0.1200E+02
 -12.073  0.0000E+00  0.1200E+02
 -12.063  0.0000E+00  0.1200E+02
 -12.053  0.0000E+00  0.1200E+02
 -12.043  0.0000E+00  0.1200E+02
 -12.033  0.0000E+00  0.1200E+02
 -12.023  0.0000E+00  0.1200E+02
 -12.013  0.0000E+00  0.1200E+02
 -12.003  0.0000E+00  0.1200E+02
 -11.993  0.0000E+00  0.1200E+02
 -11.983  0.0000E+00  0.1200E+02
 -11.973  0.0000E+00  0.1200E+02
 -11.963  0.0000E+00  0.1200E+02
 -11.953  0.0000E+00  0.1200E+02
 -11.943  0.0000E+00  0.1200E+02
 -11.933  0.0000E+00  0.1200E+02
 -11.923  0.0000E+00  0.1200E+02
 -11.913  0.0000E+00  0.1200E+02
 -11.903  0.0000E+00  0.1200E+02
 -11.893  0.0000E+00  0.1200E+02
 -11.883  0.0000E+00  0.1200E+02
 -11.873  0.0000E+00  0.1200E+02
 -11.863  0.0000E+00  0.1200E+02
 -11.853  0.0000E+00  0.1200E+02
 -11.843  0.0000E+00  0.1200E+02
 -11.833  0.0000E+00  0.1200E+02
 -11.823  0.0000E+00  0.1200E+02
 -11.813  0.0000E+00  0.1200E+02
 -11.803  0.0000E+00  0.1200E+02
 -11.793  0.0000E+00  0.1200E+02
 -11.783  0.0000E+00  0.1200E+02
 -11.773  0.0000E+00  0.1200E+02
 -11.763  0.0000E+00  0.1200E+02
 -11.753  0.0000E+00  0.1200E+02
 -11.743  0.0000E+00  0.1200E+02
 -11.733  0.0000E+00  0.1200E+02
 -11.723  0.0000E+00  0.1200E+02
 -11.713  0.0000E+00  0.1200E+02
 -11.703  0.0000E+00  0.1200E+02
 -11.693  0.0000E+00  0.1200E+02
 -11.683  0.0000E+00  0.1200E+02
 -11.673  0.0000E+00  0.1200E+02
 -11.663  0.0000E+00  0.1200E+02
 -11.653  0.0000E+00  0.1200E+02
 -11.643  0.0000E+00  0.1200E+02
 -11.633  0.0000E+00  0.1200E+02
 -11.623  0.0000E+00  0.1200E+02
 -11.613  0.0000E+00  0.1200E+02
 -11.603  0.0000E+00  0.1200E+02
 -11.593  0.0000E+00  0.1200E+02
 -11.583  0.0000E+00  0.1200E+02
 -11.573  0.0000E+00  0.1200E+02
 -11.563  0.0000E+00  0.1200E+02
 -11.553  0.0000E+00  0.1200E+02
 -11.543  0.0000E+00  0.1200E+02
 -11.533  0.0000E+00  0.1200E+02
 -11.523  0.0000E+00  0.1200E+02
 -11.513  0.0000E+00  0.1200E+02
 -11.503  0.0000E+00  0.1200E+02
 -11.493  0.0000E+00  0.1200E+02
 -11.483  0.0000E+00  0.1200E+02
 -11.473  0.0000E+00  0.1200E+02
 -11.463  0.0000E+00  0.1200E+02
 -11.453  0.0000E+00  0.1200E+02
 -11.443  0.0000E+00  0.1200E+02
 -11.433  0.0000E+00  0.1200E+02
 -11.423  0.0000E+00  0.1200E+02
 -11.413  0.0000E+00  0.1200E+02
 -11.403  0.0000E+00  0.1200E+02
 -11.393  0.0000E+00  0.1200E+02
 -11.383  0.0000E+00  0.1200E+02
 -11.373  0.0000E+00  0.1200E+02
 -11.363  0.0000E+00  0.1200E+02
 -11.353  0.0000E+00  0.1200E+02
 -11.343  0.0000E+00  0.1200E+02
 -11.333  0.0000E+00  0.1200E+02
 -11.323  0.0000E+00  0.1200E+02
 -11.313  0.0000E+00  0.1200E+02
 -11.303  0.0000E+00  0.1200E+02
 -11.293  0.0000E+00  0.1200E+02
 -11.283  0.0000E+00  0.1200E+02
 -11.273  0.0000E+00  0.1200E+02
 -11.263  0.0000E+00  0.1200E+02
 -11.253  0.0000E+00  0.1200E+02
 -11.243  0.0000E+00  0.1200E+02
 -11.233  0.0000E+00  0.1200E+02
 -11.223  0.0000E+00  0.1200E+02
 -11.213  0.0000E+00  0.1200E+02
 -11.203  0.0000E+00  0.1200E+02
 -11.193  0.0000E+00  0.1200E+02
 -11.183  0.0000E+00  0.1200E+02
 -11.173  0.0000E+00  0.1200E+02
 -11.163  0.0000E+00  0.1200E+02
 -11.153  0.0000E+00  0.1200E+02
 -11.143  0.0000E+00  0.1200E+02
 -11.133  0.0000E+00  0.1200E+02
 -11.123  0.0000E+00  0.1200E+02
 -11.113  0.0000E+00  0.1200E+02
 -11.103  0.0000E+00  0.1200E+02
 -11.093  0.0000E+00  0.1200E+02
 -11.083  0.0000E+00  0.1200E+02
 -11.073  0.0000E+00  0.1200E+02
 -11.063  0.0000E+00  0.1200E+02
 -11.053  0.0000E+00  0.1200E+02
 -11.043  0.0000E+00  0.1200E+02
 -11.033  0.0000E+00  0.1200E+02
 -11.023  0.0000E+00  0.1200E+02
 -11.013  0.0000E+00  0.1200E+02
 -11.003  0.0000E+00  0.1200E+02
 -10.993  0.0000E+00  0.1200E+02
 -10.983  0.0000E+00  0.1200E+02
 -10.973  0.0000E+00  0.1200E+02
 -10.963  0.0000E+00  0.1200E+02
 -10.953  0.0000E+00  0.1200E+02
 -10.943  0.0000E+00  0.1200E+02
 -10.933  0.0000E+00  0.1200E+02
 -10.923  0.0000E+00  0.1200E+02
 -10.913  0.0000E+00  0.1200E+02
 -10.903  0.0000E+00  0.1200E+02
 -10.893  0.0000E+00  0.1200E+02
 -10.883  0.0000E+00  0.1200E+02
 -10.873  0.0000E+00  0.1200E+02
 -10.863  0.0000E+00  0.1200E+02
 -10.853  0.0000E+00  0.1200E+02
 -10.843  0.0000E+00  0.1200E+02
 -10.833  0.0000E+00  0.1200E+02
 -10.823  0.0000E+00  0.1200E+02
 -10.813  0.0000E+00  0.1200E+02
 -10.803  0.0000E+00  0.1200E+02
 -10.793  0.0000E+00  0.1200E+02
 -10.783  0.0000E+00  0.1200E+02
 -10.773  0.0000E+00  0.1200E+02
 -10.763  0.0000E+00  0.1200E+02
 -10.753  0.0000E+00  0.1200E+02
 -10.743  0.0000E+00  0.1200E+02
 -10.733  0.0000E+00  0.1200E+02
 -10.723  0.0000E+00  0.1200E+02
 -10.713  0.0000E+00  0.1200E+02
 -10.703  0.0000E+00  0.1200E+02
 -10.693  0.0000E+00  0.1200E+02
 -10.683  0.0000E+00  0.1200E+02
 -10.673  0.0000E+00  0.1200E+02
 -10.663  0.0000E+00  0.1200E+02
 -10.653  0.0000E+00  0.1200E+02
 -10.643  0.0000E+00  0.1200E+02
 -10.633  0.0000E+00  0.1200E+02
 -10.623  0.0000E+00  0.1200E+02
 -10.613  0.0000E+00  0.1200E+02
 -10.603  0.0000E+00  0.1200E+02
 -10.593  0.0000E+00  0.1200E+02
 -10.583  0.0000E+00  0.1200E+02
 -10.573  0.0000E+00  0.1200E+02
 -10.563  0.0000E+00  0.1200E+02
 -10.553  0.0000E+00  0.1200E+02
 -10.543  0.0000E+00  0.1200E+02
 -10.533  0.0000E+00  0.1200E+02
 -10.523  0.0000E+00  0.1200E+02
 -10.513  0.0000E+00  0.1200E+02
 -10.503  0.0000E+00  0.1200E+02
 -10.493  0.0000E+00  0.1200E+02
 -10.483  0.0000E+00  0.1200E+02
 -10.473  0.0000E+00  0.1200E+02
 -10.463  0.0000E+00  0.1200E+02
 -10.453  0.0000E+00  0.1200E+02
 -10.443  0.0000E+00  0.1200E+02
 -10.433  0.0000E+00  0.1200E+02
 -10.423  0.0000E+00  0.1200E+02
 -10.413  0.0000E+00  0.1200E+02
 -10.403  0.0000E+00  0.1200E+02
 -10.393  0.0000E+00  0.1200E+02
 -10.383  0.0000E+00  0.1200E+02
 -10.373  0.0000E+00  0.1200E+02
 -10.363  0.0000E+00  0.1200E+02
 -10.353  0.0000E+00  0.1200E+02
 -10.343  0.0000E+00  0.1200E+02
 -10.333  0.0000E+00  0.1200E+02
 -10.323  0.0000E+00  0.1200E+02
 -10.313  0.0000E+00  0.1200E+02
 -10.303  0.0000E+00  0.1200E+02
 -10.293  0.0000E+00  0.1200E+02
 -10.283  0.0000E+00  0.1200E+02
 -10.273  0.0000E+00  0.1200E+02
 -10.263  0.0000E+00  0.1200E+02
 -10.253  0.0000E+00  0.1200E+02
 -10.243  0.0000E+00  0.1200E+02
 -10.233  0.0000E+00  0.1200E+02
 -10.223  0.0000E+00  0.1200E+02
 -10.213  0.0000E+00  0.1200E+02
 -10.203  0.0000E+00  0.1200E+02
 -10.193  0.0000E+00  0.1200E+02
 -10.183  0.0000E+00  0.1200E+02
 -10.173  0.0000E+00  0.1200E+02
 -10.163  0.0000E+00  0.1200E+02
 -10.153  0.0000E+00  0.1200E+02
 -10.143  0.0000E+00  0.1200E+02
 -10.133  0.0000E+00  0.1200E+02
 -10.123  0.0000E+00  0.1200E+02
 -10.113  0.0000E+00  0.1200E+02
 -10.103  0.0000E+00  0.1200E+02
 -10.093  0.0000E+00  0.1200E+02
 -10.083  0.0000E+00  0.1200E+02
 -10.073  0.0000E+00  0.1200E+02
 -10.063  0.0000E+00  0.1200E+02
 -10.053  0.0000E+00  0.1200E+02
 -10.043  0.0000E+00  0.1200E+02
 -10.033  0.0000E+00  0.1200E+02
 -10.023  0.0000E+00  0.1200E+02
 -10.013  0.0000E+00  0.1200E+02
 -10.003  0.0000E+00  0.1200E+02
  -9.993  0.0000E+00  0.1200E+02
  -9.983  0.0000E+00  0.1200E+02
  -9.973  0.0000E+00  0.1200E+02
  -9.963  0.0000E+00  0.1200E+02
  -9.953  0.0000E+00  0.1200E+02
  -9.943  0.0000E+00  0.1200E+02
  -9.933  0.0000E+00  0.1200E+02
  -9.923  0.0000E+00  0.1200E+02
  -9.913  0.0000E+00  0.1200E+02
  -9.903  0.0000E+00  0.1200E+02
  -9.893  0.0000E+00  0.1200E+02
  -9.883  0.0000E+00  0.1200E+02
  -9.873  0.0000E+00  0.1200E+02
  -9.863  0.0000E+00  0.1200E+02
  -9.853  0.0000E+00  0.1200E+02
  -9.843  0.0000E+00  0.1200E+02
  -9.833  0.0000E+00  0.1200E+02
  -9.823  0.0000E+00  0.1200E+02
  -9.813  0.0000E+00  0.1200E+02
  -9.803  0.0000E+00  0.1200E+02
  -9.793  0.0000E+00  0.1200E+02
  -9.783  0.0000E+00  0.1200E+02
  -9.773  0.0000E+00  0.1200E+02
  -9.763  0.0000E+00  0.1200E+02
  -9.753  0.0000E+00  0.1200E+02
  -9.743  0.0000E+00  0.1200E+02
  -9.733  0.0000E+00  0.1200E+02
  -9.723  0.0000E+00  0.1200E+02
  -9.713  0.0000E+00  0.1200E+02
  -9.703  0.0000E+00  0.1200E+02
  -9.693  0.0000E+00  0.1200E+02
  -9.683  0.0000E+00  0.1200E+02
  -9.673  0.0000E+00  0.1200E+02
  -9.663  0.0000E+00  0.1200E+02
  -9.653  0.0000E+00  0.1200E+02
  -9.643  0.0000E+00  0.1200E+02
  -9.633  0.0000E+00  0.1200E+02
  -9.623  0.0000E+00  0.1200E+02
  -9.613  0.0000E+00  0.1200E+02
  -9.603  0.0000E+00  0.1200E+02
  -9.593  0.0000E+00  0.1200E+02
  -9.583  0.0000E+00  0.1200E+02
  -9.573  0.0000E+00  0.1200E+02
  -9.563  0.0000E+00  0.1200E+02
  -9.553  0.0000E+00  0.1200E+02
  -9.543  0.0000E+00  0.1200E+02
  -9.533  0.0000E+00  0.1200E+02
  -9.523  0.0000E+00  0.1200E+02
  -9.513  0.0000E+00  0.1200E+02
  -9.503  0.0000E+00  0.1200E+02
  -9.493  0.0000E+00  0.1200E+02
  -9.483  0.0000E+00  0.1200E+02
  -9.473  0.0000E+00  0.1200E+02
  -9.463  0.0000E+00  0.1200E+02
  -9.453  0.0000E+00  0.1200E+02
  -9.443  0.0000E+00  0.1200E+02
  -9.433  0.0000E+00  0.1200E+02
  -9.423  0.0000E+00  0.1200E+02
  -9.413  0.0000E+00  0.1200E+02
  -9.403  0.0000E+00  0.1200E+02
  -9.393  0.0000E+00  0.1200E+02
  -9.383  0.0000E+00  0.1200E+02
  -9.373  0.0000E+00  0.1200E+02
  -9.363  0.0000E+00  0.1200E+02
  -9.353  0.0000E+00  0.1200E+02
  -9.343  0.0000E+00  0.1200E+02
  -9.333  0.0000E+00  0.1200E+02
  -9.323  0.0000E+00  0.1200E+02
  -9.313  0.0000E+00  0.1200E+02
  -9.303  0.0000E+00  0.1200E+02
  -9.293  0.0000E+00  0.1200E+02
  -9.283  0.0000E+00  0.1200E+02
  -9.273  0.0000E+00  0.1200E+02
  -9.263  0.0000E+00  0.1200E+02
  -9.253  0.0000E+00  0.1200E+02
  -9.243  0.0000E+00  0.1200E+02
  -9.233  0.0000E+00  0.1200E+02
  -9.223  0.0000E+00  0.1200E+02
  -9.213  0.0000E+00  0.1200E+02
  -9.203  0.0000E+00  0.1200E+02
  -9.193  0.0000E+00  0.1200E+02
  -9.183  0.0000E+00  0.1200E+02
  -9.173  0.0000E+00  0.1200E+02
  -9.163  0.0000E+00  0.1200E+02
  -9.153  0.0000E+00  0.1200E+02
  -9.143  0.0000E+00  0.1200E+02
  -9.133  0.0000E+00  0.1200E+02
  -9.123  0.0000E+00  0.1200E+02
  -9.113  0.0000E+00  0.1200E+02
  -9.103  0.0000E+00  0.1200E+02
  -9.093  0.0000E+00  0.1200E+02
  -9.083  0.0000E+00  0.1200E+02
  -9.073  0.0000E+00  0.1200E+02
  -9.063  0.0000E+00  0.1200E+02
  -9.053  0.0000E+00  0.1200E+02
  -9.043  0.0000E+00  0.1200E+02
  -9.033  0.0000E+00  0.1200E+02
  -9.023  0.0000E+00  0.1200E+02
  -9.013  0.0000E+00  0.1200E+02
  -9.003  0.0000E+00  0.1200E+02
  -8.993  0.0000E+00  0.1200E+02
  -8.983  0.0000E+00  0.1200E+02
  -8.973  0.0000E+00  0.1200E+02
  -8.963  0.0000E+00  0.1200E+02
  -8.953  0.0000E+00  0.1200E+02
  -8.943  0.0000E+00  0.1200E+02
  -8.933  0.0000E+00  0.1200E+02
  -8.923  0.0000E+00  0.1200E+02
  -8.913  0.0000E+00  0.1200E+02
  -8.903  0.0000E+00  0.1200E+02
  -8.893  0.0000E+00  0.1200E+02
  -8.883  0.0000E+00  0.1200E+02
  -8.873  0.0000E+00  0.1200E+02
  -8.863  0.0000E+00  0.1200E+02
  -8.853  0.0000E+00  0.1200E+02
  -8.843  0.0000E+00  0.1200E+02
  -8.833  0.0000E+00  0.1200E+02
  -8.823  0.0000E+00  0.1200E+02
  -8.813  0.0000E+00  0.1200E+02
  -8.803  0.0000E+00  0.1200E+02
  -8.793  0.0000E+00  0.1200E+02
  -8.783  0.0000E+00  0.1200E+02
  -8.773  0.0000E+00  0.1200E+02
  -8.763  0.0000E+00  0.1200E+02
  -8.753  0.0000E+00  0.1200E+02
  -8.743  0.0000E+00  0.1200E+02
  -8.733  0.0000E+00  0.1200E+02
  -8.723  0.0000E+00  0.1200E+02
  -8.713  0.0000E+00  0.1200E+02
  -8.703  0.0000E+00  0.1200E+02
  -8.693  0.0000E+00  0.1200E+02
  -8.683  0.0000E+00  0.1200E+02
  -8.673  0.0000E+00  0.1200E+02
  -8.663  0.0000E+00  0.1200E+02
  -8.653  0.0000E+00  0.1200E+02
  -8.643  0.0000E+00  0.1200E+02
  -8.633  0.0000E+00  0.1200E+02
  -8.623  0.0000E+00  0.1200E+02
  -8.613  0.0000E+00  0.1200E+02
  -8.603  0.0000E+00  0.1200E+02
  -8.593  0.0000E+00  0.1200E+02
  -8.583  0.0000E+00  0.1200E+02
  -8.573  0.0000E+00  0.1200E+02
  -8.563  0.0000E+00  0.1200E+02
  -8.553  0.0000E+00  0.1200E+02
  -8.543  0.0000E+00  0.1200E+02
  -8.533  0.0000E+00  0.1200E+02
  -8.523  0.0000E+00  0.1200E+02
  -8.513  0.0000E+00  0.1200E+02
  -8.503  0.0000E+00  0.1200E+02
  -8.493  0.0000E+00  0.1200E+02
  -8.483  0.0000E+00  0.1200E+02
  -8.473  0.0000E+00  0.1200E+02
  -8.463  0.0000E+00  0.1200E+02
  -8.453  0.0000E+00  0.1200E+02
  -8.443  0.0000E+00  0.1200E+02
  -8.433  0.0000E+00  0.1200E+02
  -8.423  0.0000E+00  0.1200E+02
  -8.413  0.0000E+00  0.1200E+02
  -8.403  0.0000E+00  0.1200E+02
  -8.393  0.0000E+00  0.1200E+02
  -8.383  0.0000E+00  0.1200E+02
  -8.373  0.0000E+00  0.1200E+02
  -8.363  0.0000E+00  0.1200E+02
  -8.353  0.0000E+00  0.1200E+02
  -8.343  0.0000E+00  0.1200E+02
  -8.333  0.0000E+00  0.1200E+02
  -8.323  0.0000E+00  0.1200E+02
  -8.313  0.0000E+00  0.1200E+02
  -8.303  0.0000E+00  0.1200E+02
  -8.293  0.0000E+00  0.1200E+02
  -8.283  0.0000E+00  0.1200E+02
  -8.273  0.0000E+00  0.1200E+02
  -8.263  0.0000E+00  0.1200E+02
  -8.253  0.0000E+00  0.1200E+02
  -8.243  0.0000E+00  0.1200E+02
  -8.233  0.0000E+00  0.1200E+02
  -8.223  0.0000E+00  0.1200E+02
  -8.213  0.0000E+00  0.1200E+02
  -8.203  0.0000E+00  0.1200E+02
  -8.193  0.0000E+00  0.1200E+02
  -8.183  0.0000E+00  0.1200E+02
  -8.173  0.0000E+00  0.1200E+02
  -8.163  0.0000E+00  0.1200E+02
  -8.153  0.0000E+00  0.1200E+02
  -8.143  0.0000E+00  0.1200E+02
  -8.133  0.0000E+00  0.1200E+02
  -8.123  0.0000E+00  0.1200E+02
  -8.113  0.0000E+00  0.1200E+02
  -8.103  0.0000E+00  0.1200E+02
  -8.093  0.0000E+00  0.1200E+02
  -8.083  0.0000E+00  0.1200E+02
  -8.073  0.0000E+00  0.1200E+02
  -8.063  0.0000E+00  0.1200E+02
  -8.053  0.0000E+00  0.1200E+02
  -8.043  0.0000E+00  0.1200E+02
  -8.033  0.0000E+00  0.1200E+02
  -8.023  0.0000E+00  0.1200E+02
  -8.013  0.0000E+00  0.1200E+02
  -8.003  0.0000E+00  0.1200E+02
  -7.993  0.0000E+00  0.1200E+02
  -7.983  0.0000E+00  0.1200E+02
  -7.973  0.0000E+00  0.1200E+02
  -7.963  0.0000E+00  0.1200E+02
  -7.953  0.0000E+00  0.1200E+02
  -7.943  0.0000E+00  0.1200E+02
  -7.933  0.0000E+00  0.1200E+02
  -7.923  0.0000E+00  0.1200E+02
  -7.913  0.0000E+00  0.1200E+02
  -7.903  0.0000E+00  0.1200E+02
  -7.893  0.0000E+00  0.1200E+02
  -7.883  0.0000E+00  0.1200E+02
  -7.873  0.0000E+00  0.1200E+02
  -7.863  0.0000E+00  0.1200E+02
  -7.853  0.0000E+00  0.1200E+02
  -7.843  0.0000E+00  0.1200E+02
  -7.833  0.0000E+00  0.1200E+02
  -7.823  0.0000E+00  0.1200E+02
  -7.813  0.0000E+00  0.1200E+02
  -7.803  0.0000E+00  0.1200E+02
  -7.793  0.0000E+00  0.1200E+02
  -7.783  0.0000E+00  0.1200E+02
  -7.773  0.0000E+00  0.1200E+02
  -7.763  0.0000E+00  0.1200E+02
  -7.753  0.0000E+00  0.1200E+02
  -7.743  0.0000E+00  0.1200E+02
  -7.733  0.0000E+00  0.1200E+02
  -7.723  0.0000E+00  0.1200E+02
  -7.713  0.0000E+00  0.1200E+02
  -7.703  0.0000E+00  0.1200E+02
  -7.693  0.0000E+00  0.1200E+02
  -7.683  0.0000E+00  0.1200E+02
  -7.673  0.0000E+00  0.1200E+02
  -7.663  0.0000E+00  0.1200E+02
  -7.653  0.0000E+00  0.1200E+02
  -7.643  0.0000E+00  0.1200E+02
  -7.633  0.0000E+00  0.1200E+02
  -7.623  0.0000E+00  0.1200E+02
  -7.613  0.0000E+00  0.1200E+02
  -7.603  0.0000E+00  0.1200E+02
  -7.593  0.0000E+00  0.1200E+02
  -7.583  0.0000E+00  0.1200E+02
  -7.573  0.0000E+00  0.1200E+02
  -7.563  0.0000E+00  0.1200E+02
  -7.553  0.0000E+00  0.1200E+02
  -7.543  0.0000E+00  0.1200E+02
  -7.533  0.0000E+00  0.1200E+02
  -7.523  0.0000E+00  0.1200E+02
  -7.513  0.0000E+00  0.1200E+02
  -7.503  0.0000E+00  0.1200E+02
  -7.493  0.0000E+00  0.1200E+02
  -7.483  0.0000E+00  0.1200E+02
  -7.473  0.0000E+00  0.1200E+02
  -7.463  0.0000E+00  0.1200E+02
  -7.453  0.0000E+00  0.1200E+02
  -7.443  0.0000E+00  0.1200E+02
  -7.433  0.0000E+00  0.1200E+02
  -7.423  0.0000E+00  0.1200E+02
  -7.413  0.0000E+00  0.1200E+02
  -7.403  0.0000E+00  0.1200E+02
  -7.393  0.0000E+00  0.1200E+02
  -7.383  0.0000E+00  0.1200E+02
  -7.373  0.0000E+00  0.1200E+02
  -7.363  0.0000E+00  0.1200E+02
  -7.353  0.0000E+00  0.1200E+02
  -7.343  0.0000E+00  0.1200E+02
  -7.333  0.0000E+00  0.1200E+02
  -7.323  0.0000E+00  0.1200E+02
  -7.313  0.0000E+00  0.1200E+02
  -7.303  0.0000E+00  0.1200E+02
  -7.293  0.0000E+00  0.1200E+02
  -7.283  0.0000E+00  0.1200E+02
  -7.273  0.0000E+00  0.1200E+02
  -7.263  0.0000E+00  0.1200E+02
  -7.253  0.0000E+00  0.1200E+02
  -7.243  0.0000E+00  0.1200E+02
  -7.233  0.0000E+00  0.1200E+02
  -7.223  0.0000E+00  0.1200E+02
  -7.213  0.0000E+00  0.1200E+02
  -7.203  0.0000E+00  0.1200E+02
  -7.193  0.0000E+00  0.1200E+02
  -7.183  0.0000E+00  0.1200E+02
  -7.173  0.0000E+00  0.1200E+02
  -7.163  0.0000E+00  0.1200E+02
  -7.153  0.0000E+00  0.1200E+02
  -7.143  0.0000E+00  0.1200E+02
  -7.133  0.0000E+00  0.1200E+02
  -7.123  0.0000E+00  0.1200E+02
  -7.113  0.0000E+00  0.1200E+02
  -7.103  0.0000E+00  0.1200E+02
  -7.093  0.0000E+00  0.1200E+02
  -7.083  0.0000E+00  0.1200E+02
  -7.073  0.0000E+00  0.1200E+02
  -7.063  0.0000E+00  0.1200E+02
  -7.053  0.0000E+00  0.1200E+02
  -7.043  0.0000E+00  0.1200E+02
  -7.033  0.0000E+00  0.1200E+02
  -7.023  0.0000E+00  0.1200E+02
  -7.013  0.0000E+00  0.1200E+02
  -7.003  0.0000E+00  0.1200E+02
  -6.993  0.0000E+00  0.1200E+02
  -6.983  0.0000E+00  0.1200E+02
  -6.973  0.0000E+00  0.1200E+02
  -6.963  0.0000E+00  0.1200E+02
  -6.953  0.0000E+00  0.1200E+02
  -6.943  0.0000E+00  0.1200E+02
  -6.933  0.0000E+00  0.1200E+02
  -6.923  0.0000E+00  0.1200E+02
  -6.913  0.0000E+00  0.1200E+02
  -6.903  0.0000E+00  0.1200E+02
  -6.893  0.0000E+00  0.1200E+02
  -6.883  0.0000E+00  0.1200E+02
  -6.873  0.0000E+00  0.1200E+02
  -6.863  0.0000E+00  0.1200E+02
  -6.853  0.0000E+00  0.1200E+02
  -6.843  0.0000E+00  0.1200E+02
  -6.833  0.0000E+00  0.1200E+02
  -6.823  0.0000E+00  0.1200E+02
  -6.813  0.0000E+00  0.1200E+02
  -6.803  0.0000E+00  0.1200E+02
  -6.793  0.0000E+00  0.1200E+02
  -6.783  0.0000E+00  0.1200E+02
  -6.773  0.0000E+00  0.1200E+02
  -6.763  0.0000E+00  0.1200E+02
  -6.753  0.0000E+00  0.1200E+02
  -6.743  0.0000E+00  0.1200E+02
  -6.733  0.0000E+00  0.1200E+02
  -6.723  0.1258E-01  0.1200E+02
  -6.713  0.2589E-01  0.1200E+02
  -6.703  0.3992E-01  0.1200E+02
  -6.693  0.5468E-01  0.1200E+02
  -6.683  0.7016E-01  0.1200E+02
  -6.673  0.8637E-01  0.1200E+02
  -6.663  0.1033E+00  0.1200E+02
  -6.653  0.1209E+00  0.1200E+02
  -6.643  0.1393E+00  0.1201E+02
  -6.633  0.1584E+00  0.1201E+02
  -6.623  0.1782E+00  0.1201E+02
  -6.613  0.1988E+00  0.1201E+02
  -6.603  0.2201E+00  0.1201E+02
  -6.593  0.2421E+00  0.1202E+02
  -6.583  0.2648E+00  0.1202E+02
  -6.573  0.2882E+00  0.1202E+02
  -6.563  0.3124E+00  0.1202E+02
  -6.553  0.3373E+00  0.1203E+02
  -6.543  0.3629E+00  0.1203E+02
  -6.533  0.3892E+00  0.1203E+02
  -6.523  0.4163E+00  0.1204E+02
  -6.513  0.4440E+00  0.1204E+02
  -6.503  0.4726E+00  0.1205E+02
  -6.493  0.5018E+00  0.1205E+02
  -6.483  0.5317E+00  0.1206E+02
  -6.473  0.5624E+00  0.1206E+02
  -6.463  0.5938E+00  0.1207E+02
  -6.453  0.6231E+00  0.1207E+02
  -6.443  0.5140E+00  0.1208E+02
  -6.433  0.5359E+00  0.1208E+02
  -6.423  0.5579E+00  0.1209E+02
  -6.413  0.5798E+00  0.1210E+02
  -6.403  0.6018E+00  0.1210E+02
  -6.393  0.6238E+00  0.1211E+02
  -6.383  0.6458E+00  0.1211E+02
  -6.373  0.6678E+00  0.1212E+02
  -6.363  0.6898E+00  0.1213E+02
  -6.353  0.7119E+00  0.1213E+02
  -6.343  0.7337E+00  0.1214E+02
  -6.333  0.7552E+00  0.1215E+02
  -6.323  0.7765E+00  0.1216E+02
  -6.313  0.7974E+00  0.1216E+02
  -6.303  0.8181E+00  0.1217E+02
  -6.293  0.8385E+00  0.1218E+02
  -6.283  0.8586E+00  0.1219E+02
  -6.273  0.8784E+00  0.1220E+02
  -6.263  0.8979E+00  0.1221E+02
  -6.253  0.9171E+00  0.1222E+02
  -6.243  0.9361E+00  0.1223E+02
  -6.233  0.9547E+00  0.1224E+02
  -6.223  0.9731E+00  0.1224E+02
  -6.213  0.9912E+00  0.1225E+02
  -6.203  0.1009E+01  0.1226E+02
  -6.193  0.1027E+01  0.1227E+02
  -6.183  0.1044E+01  0.1229E+02
  -6.173  0.1061E+01  0.1230E+02
  -6.163  0.1077E+01  0.1231E+02
  -6.153  0.1103E+01  0.1232E+02
  -6.143  0.1142E+01  0.1233E+02
  -6.133  0.1183E+01  0.1234E+02
  -6.123  0.1225E+01  0.1235E+02
  -6.113  0.1268E+01  0.1236E+02
  -6.103  0.1313E+01  0.1238E+02
  -6.093  0.1360E+01  0.1239E+02
  -6.083  0.1408E+01  0.1240E+02
  -6.073  0.1458E+01  0.1242E+02
  -6.063  0.1509E+01  0.1243E+02
  -6.053  0.1562E+01  0.1245E+02
  -6.043  0.1617E+01  0.1247E+02
  -6.033  0.1673E+01  0.1248E+02
  -6.023  0.1730E+01  0.1250E+02
  -6.013  0.1789E+01  0.1252E+02
  -6.003  0.1849E+01  0.1253E+02
  -5.993  0.1912E+01  0.1255E+02
  -5.983  0.1984E+01  0.1257E+02
  -5.973  0.2066E+01  0.1259E+02
  -5.963  0.2156E+01  0.1261E+02
  -5.953  0.2254E+01  0.1264E+02
  -5.943  0.2360E+01  0.1266E+02
  -5.933  0.2474E+01  0.1268E+02
  -5.923  0.2595E+01  0.1271E+02
  -5.913  0.2724E+01  0.1274E+02
  -5.903  0.2861E+01  0.1276E+02
  -5.893  0.3189E+01  0.1279E+02
  -5.883  0.4011E+01  0.1283E+02
  -5.873  0.5596E+01  0.1287E+02
  -5.863  0.6801E+01  0.1294E+02
  -5.853  0.8396E+01  0.1301E+02
  -5.843  0.1069E+02  0.1311E+02
  -5.833  0.1247E+02  0.1322E+02
  -5.823  0.1171E+02  0.1335E+02
  -5.813  0.9360E+01  0.1345E+02
  -5.803  0.7342E+01  0.1354E+02
  -5.793  0.5669E+01  0.1360E+02
  -5.783  0.4341E+01  0.1365E+02
  -5.773  0.3357E+01  0.1369E+02
  -5.763  0.2608E+01  0.1372E+02
  -5.753  0.2334E+01  0.1374E+02
  -5.743  0.2105E+01  0.1377E+02
  -5.733  0.1929E+01  0.1379E+02
  -5.723  0.1771E+01  0.1380E+02
  -5.713  0.1633E+01  0.1382E+02
  -5.703  0.1513E+01  0.1384E+02
  -5.693  0.1413E+01  0.1385E+02
  -5.683  0.1324E+01  0.1387E+02
  -5.673  0.1239E+01  0.1388E+02
  -5.663  0.1157E+01  0.1389E+02
  -5.653  0.1079E+01  0.1390E+02
  -5.643  0.1004E+01  0.1391E+02
  -5.633  0.9332E+00  0.1392E+02
  -5.623  0.8657E+00  0.1393E+02
  -5.613  0.8017E+00  0.1394E+02
  -5.603  0.7411E+00  0.1395E+02
  -5.593  0.6842E+00  0.1395E+02
  -5.583  0.6307E+00  0.1396E+02
  -5.573  0.5807E+00  0.1397E+02
  -5.563  0.5343E+00  0.1397E+02
  -5.553  0.4914E+00  0.1398E+02
  -5.543  0.4520E+00  0.1398E+02
  -5.533  0.4161E+00  0.1399E+02
  -5.523  0.6501E-01  0.1400E+02
  -5.513  0.7291E-01  0.1400E+02
  -5.503  0.8127E-01  0.1401E+02
  -5.493  0.9009E-01  0.1401E+02
  -5.483  0.9935E-01  0.1401E+02
  -5.473  0.1091E+00  0.1401E+02
  -5.463  0.1192E+00  0.1401E+02
  -5.453  0.1299E+00  0.1401E+02
  -5.443  0.1410E+00  0.1401E+02
  -5.433  0.1515E+00  0.1401E+02
  -5.423  0.1613E+00  0.1401E+02
  -5.413  0.1713E+00  0.1402E+02
  -5.403  0.1816E+00  0.1402E+02
  -5.393  0.1923E+00  0.1402E+02
  -5.383  0.2032E+00  0.1402E+02
  -5.373  0.2144E+00  0.1402E+02
  -5.363  0.2259E+00  0.1403E+02
  -5.353  0.2377E+00  0.1403E+02
  -5.343  0.2498E+00  0.1403E+02
  -5.333  0.2622E+00  0.1403E+02
  -5.323  0.2748E+00  0.1404E+02
  -5.313  0.2878E+00  0.1404E+02
  -5.303  0.3011E+00  0.1404E+02
  -5.293  0.3146E+00  0.1405E+02
  -5.283  0.3284E+00  0.1405E+02
  -5.273  0.3426E+00  0.1405E+02
  -5.263  0.3570E+00  0.1406E+02
  -5.253  0.3717E+00  0.1406E+02
  -5.243  0.3867E+00  0.1406E+02
  -5.233  0.4020E+00  0.1407E+02
  -5.223  0.4176E+00  0.1407E+02
  -5.213  0.4335E+00  0.1407E+02
  -5.203  0.4497E+00  0.1408E+02
  -5.193  0.4661E+00  0.1408E+02
  -5.183  0.4829E+00  0.1409E+02
  -5.173  0.4999E+00  0.1409E+02
  -5.163  0.5173E+00  0.1410E+02
  -5.153  0.5349E+00  0.1410E+02
  -5.143  0.5529E+00  0.1411E+02
  -5.133  0.5711E+00  0.1411E+02
  -5.123  0.5896E+00  0.1412E+02
  -5.113  0.6084E+00  0.1413E+02
  -5.103  0.6275E+00  0.1413E+02
  -5.093  0.6469E+00  0.1414E+02
  -5.083  0.6665E+00  0.1415E+02
  -5.073  0.6865E+00  0.1415E+02
  -5.063  0.7068E+00  0.1416E+02
  -5.053  0.7273E+00  0.1417E+02
  -5.043  0.7482E+00  0.1417E+02
  -5.033  0.7693E+00  0.1418E+02
  -5.023  0.7908E+00  0.1419E+02
  -5.013  0.8125E+00  0.1420E+02
  -5.003  0.8345E+00  0.1421E+02
  -4.993  0.8596E+00  0.1421E+02
  -4.983  0.8994E+00  0.1422E+02
  -4.973  0.9552E+00  0.1423E+02
  -4.963  0.1027E+01  0.1424E+02
  -4.953  0.1115E+01  0.1425E+02
  -4.943  0.1218E+01  0.1426E+02
  -4.933  0.1356E+01  0.1428E+02
  -4.923  0.1528E+01  0.1429E+02
  -4.913  0.1699E+01  0.1431E+02
  -4.903  0.1870E+01  0.1433E+02
  -4.893  0.2041E+01  0.1435E+02
  -4.883  0.2208E+01  0.1437E+02
  -4.873  0.2305E+01  0.1439E+02
  -4.863  0.2396E+01  0.1441E+02
  -4.853  0.2466E+01  0.1444E+02
  -4.843  0.2515E+01  0.1446E+02
  -4.833  0.2542E+01  0.1449E+02
  -4.823  0.2547E+01  0.1451E+02
  -4.813  0.2839E+01  0.1454E+02
  -4.803  0.3656E+01  0.1457E+02
  -4.793  0.4292E+01  0.1463E+02
  -4.783  0.4403E+01  0.1467E+02
  -4.773  0.4500E+01  0.1472E+02
  -4.763  0.4583E+01  0.1476E+02
  -4.753  0.4653E+01  0.1481E+02
  -4.743  0.4710E+01  0.1486E+02
  -4.733  0.4753E+01  0.1490E+02
  -4.723  0.4783E+01  0.1495E+02
  -4.713  0.4800E+01  0.1500E+02
  -4.703  0.4803E+01  0.1505E+02
  -4.693  0.4792E+01  0.1509E+02
  -4.683  0.4769E+01  0.1514E+02
  -4.673  0.4731E+01  0.1519E+02
  -4.663  0.4681E+01  0.1524E+02
  -4.653  0.4617E+01  0.1528E+02
  -4.643  0.4539E+01  0.1533E+02
  -4.633  0.4449E+01  0.1537E+02
  -4.623  0.4344E+01  0.1542E+02
  -4.613  0.4481E+01  0.1546E+02
  -4.603  0.3431E+01  0.1550E+02
  -4.593  0.3141E+01  0.1553E+02
  -4.583  0.2871E+01  0.1556E+02
  -4.573  0.2621E+01  0.1559E+02
  -4.563  0.2392E+01  0.1562E+02
  -4.553  0.1677E+01  0.1564E+02
  -4.543  0.1574E+01  0.1566E+02
  -4.533  0.1479E+01  0.1567E+02
  -4.523  0.1393E+01  0.1569E+02
  -4.513  0.1316E+01  0.1570E+02
  -4.503  0.1247E+01  0.1571E+02
  -4.493  0.1187E+01  0.1572E+02
  -4.483  0.1135E+01  0.1574E+02
  -4.473  0.1093E+01  0.1575E+02
  -4.463  0.1065E+01  0.1576E+02
  -4.453  0.1038E+01  0.1577E+02
  -4.443  0.1012E+01  0.1578E+02
  -4.433  0.9854E+00  0.1579E+02
  -4.423  0.9594E+00  0.1580E+02
  -4.413  0.9339E+00  0.1581E+02
  -4.403  0.9087E+00  0.1582E+02
  -4.393  0.8838E+00  0.1583E+02
  -4.383  0.8594E+00  0.1583E+02
  -4.373  0.8353E+00  0.1584E+02
  -4.363  0.8116E+00  0.1585E+02
  -4.353  0.7883E+00  0.1586E+02
  -4.343  0.7653E+00  0.1587E+02
  -4.333  0.7428E+00  0.1587E+02
  -4.323  0.7206E+00  0.1588E+02
  -4.313  0.6987E+00  0.1589E+02
  -4.303  0.6772E+00  0.1590E+02
  -4.293  0.6562E+00  0.1590E+02
  -4.283  0.6354E+00  0.1591E+02
  -4.273  0.6151E+00  0.1591E+02
  -4.263  0.5951E+00  0.1592E+02
  -4.253  0.5755E+00  0.1593E+02
  -4.243  0.5563E+00  0.1593E+02
  -4.233  0.5374E+00  0.1594E+02
  -4.223  0.5189E+00  0.1594E+02
  -4.213  0.7735E+00  0.1595E+02
  -4.203  0.7085E+00  0.1596E+02
  -4.193  0.6449E+00  0.1596E+02
  -4.183  0.5827E+00  0.1597E+02
  -4.173  0.5219E+00  0.1598E+02
  -4.163  0.4624E+00  0.1598E+02
  -4.153  0.4043E+00  0.1598E+02
  -4.143  0.3476E+00  0.1599E+02
  -4.133  0.2923E+00  0.1599E+02
  -4.123  0.2383E+00  0.1599E+02
  -4.113  0.1857E+00  0.1600E+02
  -4.103  0.1344E+00  0.1600E+02
  -4.093  0.8456E-01  0.1600E+02
  -4.083  0.3606E-01  0.1600E+02
  -4.073  0.0000E+00  0.1600E+02
  -4.063  0.0000E+00  0.1600E+02
  -4.053  0.0000E+00  0.1600E+02
  -4.043  0.0000E+00  0.1600E+02
  -4.033  0.0000E+00  0.1600E+02
  -4.023  0.0000E+00  0.1600E+02
  -4.013  0.0000E+00  0.1600E+02
  -4.003  0.0000E+00  0.1600E+02
  -3.993  0.0000E+00  0.1600E+02
  -3.983  0.0000E+00  0.1600E+02
  -3.973  0.0000E+00  0.1600E+02
  -3.963  0.0000E+00  0.1600E+02
  -3.953  0.0000E+00  0.1600E+02
  -3.943  0.1397E+01  0.1603E+02
  -3.933  0.1631E+01  0.1604E+02
  -3.923  0.1870E+01  0.1606E+02
  -3.913  0.2117E+01  0.1608E+02
  -3.903  0.2369E+01  0.1610E+02
  -3.893  0.2628E+01  0.1613E+02
  -3.883  0.2893E+01  0.1616E+02
  -3.873  0.3165E+01  0.1619E+02
  -3.863  0.3443E+01  0.1622E+02
  -3.853  0.3727E+01  0.1626E+02
  -3.843  0.3793E+01  0.1629E+02
  -3.833  0.3841E+01  0.1633E+02
  -3.823  0.3885E+01  0.1637E+02
  -3.813  0.3938E+01  0.1641E+02
  -3.803  0.3531E+01  0.1645E+02
  -3.793  0.3418E+01  0.1648E+02
  -3.783  0.3484E+01  0.1652E+02
  -3.773  0.3548E+01  0.1655E+02
  -3.763  0.3611E+01  0.1659E+02
  -3.753  0.3317E+01  0.1662E+02
  -3.743  0.3317E+01  0.1666E+02
  -3.733  0.3313E+01  0.1669E+02
  -3.723  0.3304E+01  0.1672E+02
  -3.713  0.3292E+01  0.1675E+02
  -3.703  0.3275E+01  0.1679E+02
  -3.693  0.3254E+01  0.1682E+02
  -3.683  0.3229E+01  0.1685E+02
  -3.673  0.3200E+01  0.1688E+02
  -3.663  0.3166E+01  0.1692E+02
  -3.653  0.3129E+01  0.1695E+02
  -3.643  0.3087E+01  0.1698E+02
  -3.633  0.3049E+01  0.1701E+02
  -3.623  0.3002E+01  0.1704E+02
  -3.613  0.2953E+01  0.1707E+02
  -3.603  0.2900E+01  0.1710E+02
  -3.593  0.2843E+01  0.1713E+02
  -3.583  0.2784E+01  0.1716E+02
  -3.573  0.2721E+01  0.1718E+02
  -3.563  0.2655E+01  0.1721E+02
  -3.553  0.2586E+01  0.1724E+02
  -3.543  0.2518E+01  0.1726E+02
  -3.533  0.2461E+01  0.1729E+02
  -3.523  0.2416E+01  0.1731E+02
  -3.513  0.2372E+01  0.1734E+02
  -3.503  0.2325E+01  0.1736E+02
  -3.493  0.2276E+01  0.1738E+02
  -3.483  0.2225E+01  0.1740E+02
  -3.473  0.2172E+01  0.1743E+02
  -3.463  0.2116E+01  0.1745E+02
  -3.453  0.2059E+01  0.1747E+02
  -3.443  0.1999E+01  0.1749E+02
  -3.433  0.1954E+01  0.1751E+02
  -3.423  0.1916E+01  0.1753E+02
  -3.413  0.1877E+01  0.1755E+02
  -3.403  0.1836E+01  0.1757E+02
  -3.393  0.1795E+01  0.1758E+02
  -3.383  0.1753E+01  0.1760E+02
  -3.373  0.1710E+01  0.1762E+02
  -3.363  0.1666E+01  0.1764E+02
  -3.353  0.1621E+01  0.1765E+02
  -3.343  0.1575E+01  0.1767E+02
  -3.333  0.1524E+01  0.1768E+02
  -3.323  0.1468E+01  0.1770E+02
  -3.313  0.1406E+01  0.1771E+02
  -3.303  0.1338E+01  0.1773E+02
  -3.293  0.1264E+01  0.1774E+02
  -3.283  0.1185E+01  0.1775E+02
  -3.273  0.1121E+01  0.1776E+02
  -3.263  0.1083E+01  0.1777E+02
  -3.253  0.1055E+01  0.1779E+02
  -3.243  0.1028E+01  0.1780E+02
  -3.233  0.1001E+01  0.1781E+02
  -3.223  0.9738E+00  0.1782E+02
  -3.213  0.9472E+00  0.1783E+02
  -3.203  0.9209E+00  0.1783E+02
  -3.193  0.8947E+00  0.1784E+02
  -3.183  0.8688E+00  0.1785E+02
  -3.173  0.8432E+00  0.1786E+02
  -3.163  0.8177E+00  0.1787E+02
  -3.153  0.7925E+00  0.1788E+02
  -3.143  0.7676E+00  0.1789E+02
  -3.133  0.7428E+00  0.1789E+02
  -3.123  0.7183E+00  0.1790E+02
  -3.113  0.6941E+00  0.1791E+02
  -3.103  0.6700E+00  0.1791E+02
  -3.093  0.6462E+00  0.1792E+02
  -3.083  0.6227E+00  0.1793E+02
  -3.073  0.6005E+00  0.1793E+02
  -3.063  0.6577E+00  0.1794E+02
  -3.053  0.7343E+00  0.1795E+02
  -3.043  0.8426E+00  0.1795E+02
  -3.033  0.9850E+00  0.1796E+02
  -3.023  0.1151E+01  0.1797E+02
  -3.013  0.1341E+01  0.1799E+02
  -3.003  0.1554E+01  0.1800E+02
  -2.993  0.1792E+01  0.1802E+02
  -2.983  0.2053E+01  0.1804E+02
  -2.973  0.2337E+01  0.1806E+02
  -2.963  0.2646E+01  0.1808E+02
  -2.953  0.3888E+01  0.1811E+02
  -2.943  0.5911E+01  0.1816E+02
  -2.933  0.8846E+01  0.1824E+02
  -2.923  0.2489E+02  0.1844E+02
  -2.913  0.1961E+02  0.1866E+02
  -2.903  0.1711E+02  0.1884E+02
  -2.893  0.1570E+02  0.1900E+02
  -2.883  0.1609E+02  0.1916E+02
  -2.873  0.1663E+02  0.1933E+02
  -2.863  0.1426E+02  0.1949E+02
  -2.853  0.9699E+01  0.1961E+02
  -2.843  0.9989E+01  0.1971E+02
  -2.833  0.1033E+02  0.1981E+02
  -2.823  0.1034E+02  0.1991E+02
  -2.813  0.9977E+01  0.2002E+02
  -2.803  0.9535E+01  0.2011E+02
  -2.793  0.9120E+01  0.2021E+02
  -2.783  0.9342E+01  0.2030E+02
  -2.773  0.8974E+01  0.2039E+02
  -2.763  0.6511E+01  0.2050E+02
  -2.753  0.6582E+01  0.2056E+02
  -2.743  0.6648E+01  0.2063E+02
  -2.733  0.6710E+01  0.2069E+02
  -2.723  0.6768E+01  0.2076E+02
  -2.713  0.6759E+01  0.2083E+02
  -2.703  0.6555E+01  0.2090E+02
  -2.693  0.6443E+01  0.2096E+02
  -2.683  0.6369E+01  0.2102E+02
  -2.673  0.6299E+01  0.2109E+02
  -2.663  0.6261E+01  0.2115E+02
  -2.653  0.6282E+01  0.2121E+02
  -2.643  0.6495E+01  0.2128E+02
  -2.633  0.8519E+01  0.2135E+02
  -2.623  0.5962E+01  0.2142E+02
  -2.613  0.5826E+01  0.2148E+02
  -2.603  0.5682E+01  0.2154E+02
  -2.593  0.5531E+01  0.2159E+02
  -2.583  0.5372E+01  0.2165E+02
  -2.573  0.5206E+01  0.2170E+02
  -2.563  0.5033E+01  0.2175E+02
  -2.553  0.4852E+01  0.2180E+02
  -2.543  0.5112E+01  0.2185E+02
  -2.533  0.5675E+01  0.2191E+02
  -2.523  0.4379E+01  0.2196E+02
  -2.513  0.3251E+01  0.2200E+02
  -2.503  0.2414E+01  0.2203E+02
  -2.493  0.1101E+01  0.2206E+02
  -2.483  0.1442E+01  0.2207E+02
  -2.473  0.1782E+01  0.2209E+02
  -2.463  0.3328E+01  0.2212E+02
  -2.453  0.4444E+01  0.2216E+02
  -2.443  0.5683E+01  0.2221E+02
  -2.433  0.7103E+01  0.2228E+02
  -2.423  0.7626E+01  0.2235E+02
  -2.413  0.7999E+01  0.2243E+02
  -2.403  0.8174E+01  0.2251E+02
  -2.393  0.8160E+01  0.2259E+02
  -2.383  0.8185E+01  0.2267E+02
  -2.373  0.8040E+01  0.2276E+02
  -2.363  0.8046E+01  0.2284E+02
  -2.353  0.8005E+01  0.2292E+02
  -2.343  0.7915E+01  0.2300E+02
  -2.333  0.7750E+01  0.2307E+02
  -2.323  0.7499E+01  0.2315E+02
  -2.313  0.7161E+01  0.2322E+02
  -2.303  0.6738E+01  0.2329E+02
  -2.293  0.6293E+01  0.2336E+02
  -2.283  0.5885E+01  0.2342E+02
  -2.273  0.5514E+01  0.2348E+02
  -2.263  0.5348E+01  0.2353E+02
  -2.253  0.5190E+01  0.2358E+02
  -2.243  0.4884E+01  0.2363E+02
  -2.233  0.4545E+01  0.2368E+02
  -2.223  0.4174E+01  0.2372E+02
  -2.213  0.3771E+01  0.2376E+02
  -2.203  0.3335E+01  0.2380E+02
  -2.193  0.2990E+01  0.2383E+02
  -2.183  0.2669E+01  0.2386E+02
  -2.173  0.2347E+01  0.2389E+02
  -2.163  0.2039E+01  0.2391E+02
  -2.153  0.1754E+01  0.2393E+02
  -2.143  0.1492E+01  0.2394E+02
  -2.133  0.1252E+01  0.2396E+02
  -2.123  0.1035E+01  0.2397E+02
  -2.113  0.8402E+00  0.2398E+02
  -2.103  0.6683E+00  0.2398E+02
  -2.093  0.5191E+00  0.2399E+02
  -2.083  0.3924E+00  0.2399E+02
  -2.073  0.2885E+00  0.2400E+02
  -2.063  0.0000E+00  0.2400E+02
  -2.053  0.0000E+00  0.2400E+02
  -2.043  0.0000E+00  0.2400E+02
  -2.033  0.0000E+00  0.2400E+02
  -2.023  0.0000E+00  0.2400E+02
  -2.013  0.0000E+00  0.2400E+02
  -2.003  0.0000E+00  0.2400E+02
  -1.993  0.0000E+00  0.2400E+02
  -1.983  0.0000E+00  0.2400E+02
  -1.973  0.0000E+00  0.2400E+02
  -1.963  0.0000E+00  0.2400E+02
  -1.953  0.0000E+00  0.2400E+02
  -1.943  0.0000E+00  0.2400E+02
  -1.933  0.0000E+00  0.2400E+02
  -1.923  0.0000E+00  0.2400E+02
  -1.913  0.0000E+00  0.2400E+02
  -1.903  0.0000E+00  0.2400E+02
  -1.893  0.0000E+00  0.2400E+02
  -1.883  0.0000E+00  0.2400E+02
  -1.873  0.0000E+00  0.2400E+02
  -1.863  0.0000E+00  0.2400E+02
  -1.853  0.0000E+00  0.2400E+02
  -1.843  0.0000E+00  0.2400E+02
  -1.833  0.0000E+00  0.2400E+02
  -1.823  0.0000E+00  0.2400E+02
  -1.813  0.0000E+00  0.2400E+02
  -1.803  0.0000E+00  0.2400E+02
  -1.793  0.0000E+00  0.2400E+02
  -1.783  0.0000E+00  0.2400E+02
  -1.773  0.0000E+00  0.2400E+02
  -1.763  0.0000E+00  0.2400E+02
  -1.753  0.0000E+00  0.2400E+02
  -1.743  0.0000E+00  0.2400E+02
  -1.733  0.0000E+00  0.2400E+02
  -1.723  0.0000E+00  0.2400E+02
  -1.713  0.0000E+00  0.2400E+02
  -1.703  0.0000E+00  0.2400E+02
  -1.693  0.0000E+00  0.2400E+02
  -1.683  0.0000E+00  0.2400E+02
  -1.673  0.0000E+00  0.2400E+02
  -1.663  0.0000E+00  0.2400E+02
  -1.653  0.0000E+00  0.2400E+02
  -1.643  0.0000E+00  0.2400E+02
  -1.633  0.0000E+00  0.2400E+02
  -1.623  0.0000E+00  0.2400E+02
  -1.613  0.0000E+00  0.2400E+02
  -1.603  0.0000E+00  0.2400E+02
  -1.593  0.0000E+00  0.2400E+02
  -1.583  0.0000E+00  0.2400E+02
  -1.573  0.0000E+00  0.2400E+02
  -1.563  0.0000E+00  0.2400E+02
  -1.553  0.0000E+00  0.2400E+02
  -1.543  0.0000E+00  0.2400E+02
  -1.533  0.0000E+00  0.2400E+02
  -1.523  0.0000E+00  0.2400E+02
  -1.513  0.0000E+00  0.2400E+02
  -1.503  0.0000E+00  0.2400E+02
  -1.493  0.0000E+00  0.2400E+02
  -1.483  0.0000E+00  0.2400E+02
  -1.473  0.0000E+00  0.2400E+02
  -1.463  0.0000E+00  0.2400E+02
  -1.453  0.0000E+00  0.2400E+02
  -1.443  0.0000E+00  0.2400E+02
  -1.433  0.0000E+00  0.2400E+02
  -1.423  0.0000E+00  0.2400E+02
  -1.413  0.0000E+00  0.2400E+02
  -1.403  0.0000E+00  0.2400E+02
  -1.393  0.0000E+00  0.2400E+02
  -1.383  0.0000E+00  0.2400E+02
  -1.373  0.0000E+00  0.2400E+02
  -1.363  0.0000E+00  0.2400E+02
  -1.353  0.0000E+00  0.2400E+02
  -1.343  0.0000E+00  0.2400E+02
  -1.333  0.0000E+00  0.2400E+02
  -1.323  0.0000E+00  0.2400E+02
  -1.313  0.0000E+00  0.2400E+02
  -1.303  0.0000E+00  0.2400E+02
  -1.293  0.0000E+00  0.2400E+02
  -1.283  0.0000E+00  0.2400E+02
  -1.273  0.0000E+00  0.2400E+02
  -1.263  0.0000E+00  0.2400E+02
  -1.253  0.0000E+00  0.2400E+02
  -1.243  0.0000E+00  0.2400E+02
  -1.233  0.0000E+00  0.2400E+02
  -1.223  0.0000E+00  0.2400E+02
  -1.213  0.0000E+00  0.2400E+02
  -1.203  0.0000E+00  0.2400E+02
  -1.193  0.0000E+00  0.2400E+02
  -1.183  0.0000E+00  0.2400E+02
  -1.173  0.0000E+00  0.2400E+02
  -1.163  0.0000E+00  0.2400E+02
  -1.153  0.0000E+00  0.2400E+02
  -1.143  0.0000E+00  0.2400E+02
  -1.133  0.0000E+00  0.2400E+02
  -1.123  0.0000E+00  0.2400E+02
  -1.113  0.0000E+00  0.2400E+02
  -1.103  0.0000E+00  0.2400E+02
  -1.093  0.0000E+00  0.2400E+02
  -1.083  0.0000E+00  0.2400E+02
  -1.073  0.0000E+00  0.2400E+02
  -1.063  0.0000E+00  0.2400E+02
  -1.053  0.0000E+00  0.2400E+02
  -1.043  0.0000E+00  0.2400E+02
  -1.033  0.0000E+00  0.2400E+02
  -1.023  0.0000E+00  0.2400E+02
  -1.013  0.0000E+00  0.2400E+02
  -1.003  0.0000E+00  0.2400E+02
  -0.993  0.0000E+00  0.2400E+02
  -0.983  0.0000E+00  0.2400E+02
  -0.973  0.0000E+00  0.2400E+02
  -0.963  0.0000E+00  0.2400E+02
  -0.953  0.0000E+00  0.2400E+02
  -0.943  0.0000E+00  0.2400E+02
  -0.933  0.0000E+00  0.2400E+02
  -0.923  0.0000E+00  0.2400E+02
  -0.913  0.0000E+00  0.2400E+02
  -0.903  0.0000E+00  0.2400E+02
  -0.893  0.0000E+00  0.2400E+02
  -0.883  0.0000E+00  0.2400E+02
  -0.873  0.0000E+00  0.2400E+02
  -0.863  0.0000E+00  0.2400E+02
  -0.853  0.0000E+00  0.2400E+02
  -0.843  0.0000E+00  0.2400E+02
  -0.833  0.0000E+00  0.2400E+02
  -0.823  0.0000E+00  0.2400E+02
  -0.813  0.0000E+00  0.2400E+02
  -0.803  0.0000E+00  0.2400E+02
  -0.793  0.0000E+00  0.2400E+02
  -0.783  0.0000E+00  0.2400E+02
  -0.773  0.0000E+00  0.2400E+02
  -0.763  0.0000E+00  0.2400E+02
  -0.753  0.0000E+00  0.2400E+02
  -0.743  0.0000E+00  0.2400E+02
  -0.733  0.0000E+00  0.2400E+02
  -0.723  0.0000E+00  0.2400E+02
  -0.713  0.0000E+00  0.2400E+02
  -0.703  0.0000E+00  0.2400E+02
  -0.693  0.0000E+00  0.2400E+02
  -0.683  0.0000E+00  0.2400E+02
  -0.673  0.0000E+00  0.2400E+02
  -0.663  0.0000E+00  0.2400E+02
  -0.653  0.1806E+01  0.2402E+02
  -0.643  0.2922E+01  0.2404E+02
  -0.633  0.4350E+01  0.2408E+02
  -0.623  0.6089E+01  0.2413E+02
  -0.613  0.8140E+01  0.2420E+02
  -0.603  0.9775E+01  0.2429E+02
  -0.593  0.1057E+02  0.2439E+02
  -0.583  0.1102E+02  0.2450E+02
  -0.573  0.1168E+02  0.2461E+02
  -0.563  0.1225E+02  0.2473E+02
  -0.553  0.1289E+02  0.2486E+02
  -0.543  0.1348E+02  0.2499E+02
  -0.533  0.1501E+02  0.2513E+02
  -0.523  0.1464E+02  0.2528E+02
  -0.513  0.1315E+02  0.2542E+02
  -0.503  0.1062E+02  0.2554E+02
  -0.493  0.7839E+01  0.2563E+02
  -0.483  0.7566E+01  0.2571E+02
  -0.473  0.7021E+01  0.2578E+02
  -0.463  0.6549E+01  0.2585E+02
  -0.453  0.6152E+01  0.2591E+02
  -0.443  0.5715E+01  0.2597E+02
  -0.433  0.5426E+01  0.2602E+02
  -0.423  0.5336E+01  0.2608E+02
  -0.413  0.5328E+01  0.2613E+02
  -0.403  0.9745E+01  0.2621E+02
  -0.393  0.7710E+01  0.2630E+02
  -0.383  0.5196E+01  0.2636E+02
  -0.373  0.5072E+01  0.2641E+02
  -0.363  0.4944E+01  0.2646E+02
  -0.353  0.4812E+01  0.2651E+02
  -0.343  0.4678E+01  0.2656E+02
  -0.333  0.5283E+01  0.2661E+02
  -0.323  0.6241E+01  0.2667E+02
  -0.313  0.7451E+01  0.2674E+02
  -0.303  0.8668E+01  0.2682E+02
  -0.293  0.8158E+01  0.2690E+02
  -0.283  0.7973E+01  0.2698E+02
  -0.273  0.8464E+01  0.2706E+02
  -0.263  0.8903E+01  0.2715E+02
  -0.253  0.8563E+01  0.2724E+02
  -0.243  0.8147E+01  0.2732E+02
  -0.233  0.7656E+01  0.2740E+02
  -0.223  0.7468E+01  0.2748E+02
  -0.213  0.6953E+01  0.2755E+02
  -0.203  0.6425E+01  0.2762E+02
  -0.193  0.6090E+01  0.2768E+02
  -0.183  0.5792E+01  0.2774E+02
  -0.173  0.6513E+01  0.2780E+02
  -0.163  0.7888E+01  0.2787E+02
  -0.153  0.7841E+01  0.2795E+02
  -0.143  0.5212E+01  0.2802E+02
  -0.133  0.3812E+01  0.2806E+02
  -0.123  0.3844E+01  0.2810E+02
  -0.113  0.4049E+01  0.2814E+02
  -0.103  0.4288E+01  0.2818E+02
  -0.093  0.4596E+01  0.2822E+02
  -0.083  0.5147E+01  0.2827E+02
  -0.073  0.6694E+01  0.2833E+02
  -0.063  0.8865E+01  0.2841E+02
  -0.053  0.9850E+01  0.2850E+02
  -0.043  0.1038E+02  0.2860E+02
  -0.033  0.1075E+02  0.2871E+02
  -0.023  0.1134E+02  0.2884E+02
  -0.013  0.1149E+02  0.2895E+02
  -0.003  0.1154E+02  0.2907E+02
   0.007  0.1074E+02  0.2918E+02
   0.017  0.1061E+02  0.2928E+02
   0.027  0.9991E+01  0.2939E+02
   0.037  0.7378E+01  0.2948E+02
   0.047  0.6613E+01  0.2955E+02
   0.057  0.6262E+01  0.2961E+02
   0.067  0.5902E+01  0.2967E+02
   0.077  0.5534E+01  0.2973E+02
   0.087  0.5156E+01  0.2978E+02
   0.097  0.4769E+01  0.2983E+02
   0.107  0.4331E+01  0.2988E+02
   0.117  0.3462E+01  0.2992E+02
   0.127  0.2666E+01  0.2995E+02
   0.137  0.1952E+01  0.2997E+02
   0.147  0.1348E+01  0.2999E+02
   0.157  0.8551E+00  0.3000E+02
   0.167  0.2652E+00  0.3000E+02
   0.177  0.4402E+00  0.3001E+02
   0.187  0.6621E+00  0.3001E+02
   0.197  0.9310E+00  0.3002E+02
   0.207  0.1247E+01  0.3003E+02
   0.217  0.1610E+01  0.3005E+02
   0.227  0.2020E+01  0.3006E+02
   0.237  0.2476E+01  0.3009E+02
   0.247  0.2980E+01  0.3011E+02
   0.257  0.3658E+01  0.3015E+02
   0.267  0.4835E+01  0.3019E+02
   0.277  0.8517E+01  0.3025E+02
   0.287  0.1262E+02  0.3036E+02
   0.297  0.1516E+02  0.3050E+02
   0.307  0.1676E+02  0.3066E+02
   0.317  0.1741E+02  0.3083E+02
   0.327  0.1711E+02  0.3100E+02
   0.337  0.1548E+02  0.3117E+02
   0.347  0.1275E+02  0.3131E+02
   0.357  0.7904E+01  0.3141E+02
   0.367  0.7045E+01  0.3149E+02
   0.377  0.6580E+01  0.3155E+02
   0.387  0.6128E+01  0.3162E+02
   0.397  0.5687E+01  0.3168E+02
   0.407  0.5259E+01  0.3173E+02
   0.417  0.6928E+01  0.3179E+02
   0.427  0.5274E+01  0.3185E+02
   0.437  0.2789E+01  0.3188E+02
   0.447  0.2393E+01  0.3190E+02
   0.457  0.2109E+01  0.3193E+02
   0.467  0.1950E+01  0.3195E+02
   0.477  0.1917E+01  0.3197E+02
   0.487  0.2052E+01  0.3199E+02
   0.497  0.2298E+01  0.3201E+02
   0.507  0.1938E+01  0.3204E+02
   0.517  0.2590E+01  0.3206E+02
   0.527  0.4892E+01  0.3210E+02
   0.537  0.8831E+01  0.3217E+02
   0.547  0.1131E+02  0.3227E+02
   0.557  0.1406E+02  0.3240E+02
   0.567  0.1670E+02  0.3255E+02
   0.577  0.2023E+02  0.3274E+02
   0.587  0.2314E+02  0.3295E+02
   0.597  0.2618E+02  0.3320E+02
   0.607  0.1468E+02  0.3356E+02
   0.617  0.9344E+01  0.3368E+02
   0.627  0.5355E+01  0.3375E+02
   0.637  0.3010E+01  0.3379E+02
   0.647  0.2292E+01  0.3382E+02
   0.657  0.1941E+01  0.3384E+02
   0.667  0.1634E+01  0.3386E+02
   0.677  0.1382E+01  0.3387E+02
   0.687  0.1196E+01  0.3388E+02
   0.697  0.1034E+01  0.3389E+02
   0.707  0.8971E+00  0.3390E+02
   0.717  0.7841E+00  0.3391E+02
   0.727  0.7142E+00  0.3392E+02
   0.737  0.6698E+00  0.3393E+02
   0.747  0.6270E+00  0.3393E+02
   0.757  0.2005E+01  0.3394E+02
   0.767  0.2579E+01  0.3396E+02
   0.777  0.3312E+01  0.3399E+02
   0.787  0.4204E+01  0.3403E+02
   0.797  0.5254E+01  0.3408E+02
   0.807  0.5346E+01  0.3413E+02
   0.817  0.5981E+01  0.3420E+02
   0.827  0.6567E+01  0.3426E+02
   0.837  0.7102E+01  0.3433E+02
   0.847  0.7476E+01  0.3441E+02
   0.857  0.7672E+01  0.3448E+02
   0.867  0.7687E+01  0.3456E+02
   0.877  0.7530E+01  0.3463E+02
   0.887  0.7309E+01  0.3471E+02
   0.897  0.7162E+01  0.3478E+02
   0.907  0.7091E+01  0.3485E+02
   0.917  0.7292E+01  0.3492E+02
   0.927  0.7492E+01  0.3500E+02
   0.937  0.7822E+01  0.3507E+02
   0.947  0.8394E+01  0.3516E+02
   0.957  0.9820E+01  0.3525E+02
   0.967  0.1662E+02  0.3537E+02
   0.977  0.1383E+02  0.3554E+02
   0.987  0.1194E+02  0.3567E+02
   0.997  0.1007E+02  0.3578E+02
   1.007  0.9136E+01  0.3587E+02
   1.017  0.9009E+01  0.3596E+02
   1.027  0.8954E+01  0.3605E+02
   1.037  0.8973E+01  0.3614E+02
   1.047  0.8261E+01  0.3623E+02
   1.057  0.7803E+01  0.3631E+02
   1.067  0.7617E+01  0.3639E+02
   1.077  0.7728E+01  0.3646E+02
   1.087  0.8511E+01  0.3654E+02
   1.097  0.1621E+02  0.3666E+02
   1.107  0.1537E+02  0.3683E+02
   1.117  0.1154E+02  0.3696E+02
   1.127  0.1007E+02  0.3707E+02
   1.137  0.9709E+01  0.3717E+02
   1.147  0.8720E+01  0.3726E+02
   1.157  0.6700E+01  0.3734E+02
   1.167  0.5762E+01  0.3740E+02
   1.177  0.5564E+01  0.3745E+02
   1.187  0.5408E+01  0.3751E+02
   1.197  0.5271E+01  0.3756E+02
   1.207  0.5151E+01  0.3761E+02
   1.217  0.5209E+01  0.3767E+02
   1.227  0.5192E+01  0.3772E+02
   1.237  0.5079E+01  0.3777E+02
   1.247  0.5043E+01  0.3782E+02
   1.257  0.5000E+01  0.3787E+02
   1.267  0.4930E+01  0.3792E+02
   1.277  0.5347E+01  0.3797E+02
   1.287  0.6168E+01  0.3803E+02
   1.297  0.7337E+01  0.3810E+02
   1.307  0.1106E+02  0.3819E+02
   1.317  0.1119E+02  0.3830E+02
   1.327  0.9122E+01  0.3839E+02
   1.337  0.9358E+01  0.3848E+02
   1.347  0.9621E+01  0.3858E+02
   1.357  0.9911E+01  0.3867E+02
   1.367  0.1023E+02  0.3877E+02
   1.377  0.1057E+02  0.3888E+02
   1.387  0.1094E+02  0.3899E+02
   1.397  0.1119E+02  0.3910E+02
   1.407  0.1117E+02  0.3921E+02
   1.417  0.1146E+02  0.3932E+02
   1.427  0.1178E+02  0.3944E+02
   1.437  0.1189E+02  0.3956E+02
   1.447  0.1075E+02  0.3968E+02
   1.457  0.9085E+01  0.3978E+02
   1.467  0.7598E+01  0.3987E+02
   1.477  0.6162E+01  0.3994E+02
   1.487  0.5184E+01  0.3999E+02
   1.497  0.4664E+01  0.4004E+02
   1.507  0.3383E+01  0.4009E+02
   1.517  0.3968E+01  0.4013E+02
   1.527  0.4740E+01  0.4017E+02
   1.537  0.5721E+01  0.4022E+02
   1.547  0.7345E+01  0.4029E+02
   1.557  0.8528E+01  0.4037E+02
   1.567  0.9400E+01  0.4046E+02
   1.577  0.1087E+02  0.4056E+02
   1.587  0.1320E+02  0.4068E+02
   1.597  0.1559E+02  0.4082E+02
   1.607  0.1559E+02  0.4098E+02
   1.617  0.1470E+02  0.4113E+02
   1.627  0.1481E+02  0.4128E+02
   1.637  0.1598E+02  0.4143E+02
   1.647  0.1907E+02  0.4162E+02
   1.657  0.1458E+02  0.4179E+02
   1.667  0.9354E+01  0.4191E+02
   1.677  0.2460E+01  0.4198E+02
   1.687  0.9931E+00  0.4199E+02
   1.697  0.3116E+00  0.4200E+02
   1.707  0.6856E-01  0.4200E+02
   1.717  0.0000E+00  0.4200E+02
   1.727  0.2166E-01  0.4200E+02
   1.737  0.1599E+00  0.4200E+02
   1.747  0.4258E+00  0.4200E+02
   1.757  0.8195E+00  0.4201E+02
   1.767  0.1341E+01  0.4202E+02
   1.777  0.2052E+01  0.4204E+02
   1.787  0.5536E+01  0.4207E+02
   1.797  0.7876E+01  0.4214E+02
   1.807  0.8463E+01  0.4223E+02
   1.817  0.9377E+01  0.4231E+02
   1.827  0.9987E+01  0.4241E+02
   1.837  0.1018E+02  0.4251E+02
   1.847  0.1030E+02  0.4262E+02
   1.857  0.1048E+02  0.4272E+02
   1.867  0.1142E+02  0.4283E+02
   1.877  0.1310E+02  0.4295E+02
   1.887  0.1420E+02  0.4309E+02
   1.897  0.1163E+02  0.4324E+02
   1.907  0.1011E+02  0.4335E+02
   1.917  0.8666E+01  0.4344E+02
   1.927  0.7177E+01  0.4352E+02
   1.937  0.5970E+01  0.4359E+02
   1.947  0.4977E+01  0.4364E+02
   1.957  0.4875E+01  0.4371E+02
   1.967  0.4904E+01  0.4376E+02
   1.977  0.4575E+01  0.4380E+02
   1.987  0.4329E+01  0.4385E+02
   1.997  0.4166E+01  0.4389E+02
   2.007  0.3478E+01  0.4392E+02
   2.017  0.3717E+01  0.4396E+02
   2.027  0.3980E+01  0.4400E+02
   2.037  0.4268E+01  0.4404E+02
   2.047  0.4581E+01  0.4408E+02
   2.057  0.3964E+01  0.4413E+02
   2.067  0.3943E+01  0.4417E+02
   2.077  0.3986E+01  0.4421E+02
   2.087  0.4087E+01  0.4425E+02
   2.097  0.4314E+01  0.4429E+02
   2.107  0.4398E+01  0.4433E+02
   2.117  0.4484E+01  0.4438E+02
   2.127  0.4600E+01  0.4442E+02
   2.137  0.4776E+01  0.4447E+02
   2.147  0.5012E+01  0.4452E+02
   2.157  0.5310E+01  0.4457E+02
   2.167  0.5670E+01  0.4463E+02
   2.177  0.7075E+01  0.4469E+02
   2.187  0.7063E+01  0.4476E+02
   2.197  0.7194E+01  0.4483E+02
   2.207  0.7481E+01  0.4491E+02
   2.217  0.7990E+01  0.4498E+02
   2.227  0.8501E+01  0.4506E+02
   2.237  0.8993E+01  0.4515E+02
   2.247  0.9466E+01  0.4524E+02
   2.257  0.1070E+02  0.4536E+02
   2.267  0.1093E+02  0.4547E+02
   2.277  0.1095E+02  0.4558E+02
   2.287  0.1075E+02  0.4569E+02
   2.297  0.1037E+02  0.4579E+02
   2.307  0.9808E+01  0.4589E+02
   2.317  0.9052E+01  0.4599E+02
   2.327  0.6039E+01  0.4607E+02
   2.337  0.4618E+01  0.4612E+02
   2.347  0.4961E+01  0.4616E+02
   2.357  0.5552E+01  0.4622E+02
   2.367  0.6246E+01  0.4628E+02
   2.377  0.7045E+01  0.4634E+02
   2.387  0.7583E+01  0.4642E+02
   2.397  0.7657E+01  0.4649E+02
   2.407  0.7787E+01  0.4657E+02
   2.417  0.8031E+01  0.4665E+02
   2.427  0.8392E+01  0.4673E+02
   2.437  0.8867E+01  0.4682E+02
   2.447  0.9461E+01  0.4691E+02
   2.457  0.1020E+02  0.4701E+02
   2.467  0.1148E+02  0.4711E+02
   2.477  0.1279E+02  0.4724E+02
   2.487  0.1353E+02  0.4737E+02
   2.497  0.1368E+02  0.4750E+02
   2.507  0.1345E+02  0.4764E+02
   2.517  0.1145E+02  0.4777E+02
   2.527  0.9411E+01  0.4787E+02
   2.537  0.4318E+01  0.4794E+02
   2.547  0.2457E+01  0.4797E+02
   2.557  0.1223E+01  0.4799E+02
   2.567  0.4338E+00  0.4800E+02
