#  E (eV)   dos(E)     Int dos(E) EFermi =    2.573 eV
 -16.773  0.0000E+00  0.0000E+00
 -16.763  0.2416E-01  0.8053E-04
 -16.753  0.9663E-01  0.6442E-03
 -16.743  0.2174E+00  0.2174E-02
 -16.733  0.3865E+00  0.5154E-02
 -16.723  0.5918E+00  0.1003E-01
 -16.713  0.8198E+00  0.1707E-01
 -16.703  0.9015E+00  0.2572E-01
 -16.693  0.9483E+00  0.3500E-01
 -16.683  0.9657E+00  0.4459E-01
 -16.673  0.9641E+00  0.5422E-01
 -16.663  0.1043E+01  0.6425E-01
 -16.653  0.1124E+01  0.7509E-01
 -16.643  0.1208E+01  0.8675E-01
 -16.633  0.1293E+01  0.9926E-01
 -16.623  0.1381E+01  0.1126E+00
 -16.613  0.1471E+01  0.1269E+00
 -16.603  0.1558E+01  0.1420E+00
 -16.593  0.1638E+01  0.1580E+00
 -16.583  0.1705E+01  0.1747E+00
 -16.573  0.1757E+01  0.1921E+00
 -16.563  0.1795E+01  0.2098E+00
 -16.553  0.1861E+01  0.2281E+00
 -16.543  0.1918E+01  0.2470E+00
 -16.533  0.1978E+01  0.2665E+00
 -16.523  0.2045E+01  0.2866E+00
 -16.513  0.2118E+01  0.3074E+00
 -16.503  0.2195E+01  0.3290E+00
 -16.493  0.2274E+01  0.3513E+00
 -16.483  0.2354E+01  0.3745E+00
 -16.473  0.2436E+01  0.3984E+00
 -16.463  0.2519E+01  0.4232E+00
 -16.453  0.2608E+01  0.4488E+00
 -16.443  0.2707E+01  0.4754E+00
 -16.433  0.2816E+01  0.5030E+00
 -16.423  0.2942E+01  0.5318E+00
 -16.413  0.3247E+01  0.5627E+00
 -16.403  0.3536E+01  0.5966E+00
 -16.393  0.3809E+01  0.6334E+00
 -16.383  0.4074E+01  0.6728E+00
 -16.373  0.3977E+01  0.7126E+00
 -16.363  0.4154E+01  0.7533E+00
 -16.353  0.4344E+01  0.7957E+00
 -16.343  0.4546E+01  0.8402E+00
 -16.333  0.4759E+01  0.8867E+00
 -16.323  0.5289E+01  0.9367E+00
 -16.313  0.5774E+01  0.9922E+00
 -16.303  0.6217E+01  0.1052E+01
 -16.293  0.6628E+01  0.1116E+01
 -16.283  0.6964E+01  0.1184E+01
 -16.273  0.7214E+01  0.1255E+01
 -16.263  0.7451E+01  0.1328E+01
 -16.253  0.7617E+01  0.1404E+01
 -16.243  0.7616E+01  0.1480E+01
 -16.233  0.7575E+01  0.1556E+01
 -16.223  0.1003E+02  0.1641E+01
 -16.213  0.8807E+01  0.1740E+01
 -16.203  0.7028E+01  0.1818E+01
 -16.193  0.8404E+01  0.1894E+01
 -16.183  0.4331E+01  0.1978E+01
 -16.173  0.0000E+00  0.2000E+01
 -16.163  0.2528E+00  0.2001E+01
 -16.153  0.5634E+00  0.2005E+01
 -16.143  0.8976E+00  0.2012E+01
 -16.133  0.5899E+00  0.2021E+01
 -16.123  0.6430E+00  0.2027E+01
 -16.113  0.6980E+00  0.2034E+01
 -16.103  0.7552E+00  0.2041E+01
 -16.093  0.8143E+00  0.2049E+01
 -16.083  0.8756E+00  0.2057E+01
 -16.073  0.9388E+00  0.2066E+01
 -16.063  0.1004E+01  0.2076E+01
 -16.053  0.1042E+01  0.2086E+01
 -16.043  0.1062E+01  0.2097E+01
 -16.033  0.1085E+01  0.2108E+01
 -16.023  0.1109E+01  0.2119E+01
 -16.013  0.1146E+01  0.2130E+01
 -16.003  0.1209E+01  0.2142E+01
 -15.993  0.1274E+01  0.2154E+01
 -15.983  0.1342E+01  0.2167E+01
 -15.973  0.1413E+01  0.2181E+01
 -15.963  0.1485E+01  0.2195E+01
 -15.953  0.1561E+01  0.2211E+01
 -15.943  0.1638E+01  0.2227E+01
 -15.933  0.1718E+01  0.2243E+01
 -15.923  0.1801E+01  0.2261E+01
 -15.913  0.1886E+01  0.2280E+01
 -15.903  0.1973E+01  0.2299E+01
 -15.893  0.2455E+01  0.2319E+01
 -15.883  0.3063E+01  0.2347E+01
 -15.873  0.3717E+01  0.2380E+01
 -15.863  0.4372E+01  0.2421E+01
 -15.853  0.4591E+01  0.2465E+01
 -15.843  0.5027E+01  0.2513E+01
 -15.833  0.5599E+01  0.2566E+01
 -15.823  0.6562E+01  0.2626E+01
 -15.813  0.8459E+01  0.2701E+01
 -15.803  0.1045E+02  0.2795E+01
 -15.793  0.1207E+02  0.2909E+01
 -15.783  0.1227E+02  0.3032E+01
 -15.773  0.1074E+02  0.3148E+01
 -15.763  0.8942E+01  0.3246E+01
 -15.753  0.7228E+01  0.3327E+01
 -15.743  0.5689E+01  0.3391E+01
 -15.733  0.5036E+01  0.3444E+01
 -15.723  0.4628E+01  0.3492E+01
 -15.713  0.4256E+01  0.3537E+01
 -15.703  0.2720E+01  0.3581E+01
 -15.693  0.2574E+01  0.3607E+01
 -15.683  0.2446E+01  0.3632E+01
 -15.673  0.2329E+01  0.3656E+01
 -15.663  0.2204E+01  0.3679E+01
 -15.653  0.2067E+01  0.3700E+01
 -15.643  0.1935E+01  0.3720E+01
 -15.633  0.1809E+01  0.3739E+01
 -15.623  0.1688E+01  0.3756E+01
 -15.613  0.1578E+01  0.3773E+01
 -15.603  0.1486E+01  0.3788E+01
 -15.593  0.1436E+01  0.3803E+01
 -15.583  0.1412E+01  0.3817E+01
 -15.573  0.1376E+01  0.3831E+01
 -15.563  0.1328E+01  0.3844E+01
 -15.553  0.1259E+01  0.3857E+01
 -15.543  0.1174E+01  0.3870E+01
 -15.533  0.1093E+01  0.3881E+01
 -15.523  0.1016E+01  0.3891E+01
 -15.513  0.9426E+00  0.3901E+01
 -15.503  0.8736E+00  0.3910E+01
 -15.493  0.8089E+00  0.3919E+01
 -15.483  0.7486E+00  0.3926E+01
 -15.473  0.6927E+00  0.3934E+01
 -15.463  0.6412E+00  0.3940E+01
 -15.453  0.5942E+00  0.3946E+01
 -15.443  0.5516E+00  0.3952E+01
 -15.433  0.5134E+00  0.3958E+01
 -15.423  0.4772E+00  0.3962E+01
 -15.413  0.4421E+00  0.3967E+01
 -15.403  0.4080E+00  0.3971E+01
 -15.393  0.3750E+00  0.3975E+01
 -15.383  0.1441E+01  0.3987E+01
 -15.373  0.1472E+01  0.4002E+01
 -15.363  0.1465E+01  0.4016E+01
 -15.353  0.1421E+01  0.4031E+01
 -15.343  0.1450E+01  0.4045E+01
 -15.333  0.1624E+01  0.4060E+01
 -15.323  0.1833E+01  0.4077E+01
 -15.313  0.2077E+01  0.4097E+01
 -15.303  0.2373E+01  0.4119E+01
 -15.293  0.2699E+01  0.4144E+01
 -15.283  0.3096E+01  0.4173E+01
 -15.273  0.3608E+01  0.4207E+01
 -15.263  0.4248E+01  0.4246E+01
 -15.253  0.5018E+01  0.4292E+01
 -15.243  0.5446E+01  0.4345E+01
 -15.233  0.6185E+01  0.4401E+01
 -15.223  0.8280E+01  0.4473E+01
 -15.213  0.1170E+02  0.4571E+01
 -15.203  0.1781E+02  0.4713E+01
 -15.193  0.1535E+02  0.4895E+01
 -15.183  0.7994E+01  0.5020E+01
 -15.173  0.6263E+01  0.5088E+01
 -15.163  0.5409E+01  0.5146E+01
 -15.153  0.4734E+01  0.5197E+01
 -15.143  0.4225E+01  0.5241E+01
 -15.133  0.3840E+01  0.5281E+01
 -15.123  0.3511E+01  0.5318E+01
 -15.113  0.3229E+01  0.5352E+01
 -15.103  0.3000E+01  0.5383E+01
 -15.093  0.2840E+01  0.5412E+01
 -15.083  0.2725E+01  0.5440E+01
 -15.073  0.2614E+01  0.5467E+01
 -15.063  0.2507E+01  0.5492E+01
 -15.053  0.2403E+01  0.5517E+01
 -15.043  0.2303E+01  0.5540E+01
 -15.033  0.2207E+01  0.5563E+01
 -15.023  0.2115E+01  0.5584E+01
 -15.013  0.2026E+01  0.5605E+01
 -15.003  0.1941E+01  0.5625E+01
 -14.993  0.1853E+01  0.5644E+01
 -14.983  0.1771E+01  0.5662E+01
 -14.973  0.1699E+01  0.5679E+01
 -14.963  0.1636E+01  0.5696E+01
 -14.953  0.1582E+01  0.5712E+01
 -14.943  0.1535E+01  0.5728E+01
 -14.933  0.1488E+01  0.5743E+01
 -14.923  0.1441E+01  0.5757E+01
 -14.913  0.1394E+01  0.5772E+01
 -14.903  0.1347E+01  0.5785E+01
 -14.893  0.1300E+01  0.5799E+01
 -14.883  0.1253E+01  0.5811E+01
 -14.873  0.1206E+01  0.5824E+01
 -14.863  0.1156E+01  0.5835E+01
 -14.853  0.1108E+01  0.5847E+01
 -14.843  0.1060E+01  0.5858E+01
 -14.833  0.1014E+01  0.5868E+01
 -14.823  0.9679E+00  0.5878E+01
 -14.813  0.9232E+00  0.5887E+01
 -14.803  0.8860E+00  0.5896E+01
 -14.793  0.8660E+00  0.5905E+01
 -14.783  0.8428E+00  0.5914E+01
 -14.773  0.8159E+00  0.5922E+01
 -14.763  0.7852E+00  0.5930E+01
 -14.753  0.7509E+00  0.5938E+01
 -14.743  0.7128E+00  0.5945E+01
 -14.733  0.6710E+00  0.5952E+01
 -14.723  0.6257E+00  0.5958E+01
 -14.713  0.5793E+00  0.5964E+01
 -14.703  0.5321E+00  0.5970E+01
 -14.693  0.6713E+00  0.5976E+01
 -14.683  0.5618E+00  0.5982E+01
 -14.673  0.4606E+00  0.5987E+01
 -14.663  0.1959E+02  0.6130E+01
 -14.653  0.2538E+02  0.6351E+01
 -14.643  0.1133E+03  0.6799E+01
 -14.633  0.3084E+02  0.7317E+01
 -14.623  0.2902E+02  0.7587E+01
 -14.613  0.5560E+02  0.7960E+01
 -14.603  0.7028E+02  0.8640E+01
 -14.593  0.5112E+02  0.9196E+01
 -14.583  0.4644E+02  0.9615E+01
 -14.573  0.1015E+03  0.1034E+02
 -14.563  0.4846E+02  0.1117E+02
 -14.553  0.2941E+02  0.1155E+02
 -14.543  0.1875E+02  0.1180E+02
 -14.533  0.9320E+01  0.1193E+02
 -14.523  0.2247E+01  0.1200E+02
 -14.513  0.0000E+00  0.1200E+02
 -14.503  0.0000E+00  0.1200E+02
 -14.493  0.0000E+00  0.1200E+02
 -14.483  0.0000E+00  0.1200E+02
 -14.473  0.0000E+00  0.1200E+02
 -14.463  0.0000E+00  0.1200E+02
 -14.453  0.0000E+00  0.1200E+02
 -14.443  0.0000E+00  0.1200E+02
 -14.433  0.0000E+00  0.1200E+02
 -14.423  0.0000E+00  0.1200E+02
 -14.413  0.0000E+00  0.1200E+02
 -14.403  0.0000E+00  0.1200E+02
 -14.393  0.0000E+00  0.1200E+02
 -14.383  0.0000E+00  0.1200E+02
 -14.373  0.0000E+00  0.1200E+02
 -14.363  0.0000E+00  0.1200E+02
 -14.353  0.0000E+00  0.1200E+02
 -14.343  0.0000E+00  0.1200E+02
 -14.333  0.0000E+00  0.1200E+02
 -14.323  0.0000E+00  0.1200E+02
 -14.313  0.0000E+00  0.1200E+02
 -14.303  0.0000E+00  0.1200E+02
 -14.293  0.0000E+00  0.1200E+02
 -14.283  0.0000E+00  0.1200E+02
 -14.273  0.0000E+00  0.1200E+02
 -14.263  0.0000E+00  0.1200E+02
 -14.253  0.0000E+00  0.1200E+02
 -14.243  0.0000E+00  0.1200E+02
 -14.233  0.0000E+00  0.1200E+02
 -14.223  0.0000E+00  0.1200E+02
 -14.213  0.0000E+00  0.1200E+02
 -14.203  0.0000E+00  0.1200E+02
 -14.193  0.0000E+00  0.1200E+02
 -14.183  0.0000E+00  0.1200E+02
 -14.173  0.0000E+00  0.1200E+02
 -14.163  0.0000E+00  0.1200E+02
 -14.153  0.0000E+00  0.1200E+02
 -14.143  0.0000E+00  0.1200E+02
 -14.133  0.0000E+00  0.1200E+02
 -14.123  0.0000E+00  0.1200E+02
 -14.113  0.0000E+00  0.1200E+02
 -14.103  0.0000E+00  0.1200E+02
 -14.093  0.0000E+00  0.1200E+02
 -14.083  0.0000E+00  0.1200E+02
 -14.073  0.0000E+00  0.1200E+02
 -14.063  0.0000E+00  0.1200E+02
 -14.053  0.0000E+00  0.1200E+02
 -14.043  0.0000E+00  0.1200E+02
 -14.033  0.0000E+00  0.1200E+02
 -14.023  0.0000E+00  0.1200E+02
 -14.013  0.0000E+00  0.1200E+02
 -14.003  0.0000E+00  0.1200E+02
 -13.993  0.0000E+00  0.1200E+02
 -13.983  0.0000E+00  0.1200E+02
 -13.973  0.0000E+00  0.1200E+02
 -13.963  0.0000E+00  0.1200E+02
 -13.953  0.0000E+00  0.1200E+02
 -13.943  0.0000E+00  0.1200E+02
 -13.933  0.0000E+00  0.1200E+02
 -13.923  0.0000E+00  0.1200E+02
 -13.913  0.0000E+00  0.1200E+02
 -13.903  0.0000E+00  0.1200E+02
 -13.893  0.0000E+00  0.1200E+02
 -13.883  0.0000E+00  0.1200E+02
 -13.873  0.0000E+00  0.1200E+02
 -13.863  0.0000E+00  0.1200E+02
 -13.853  0.0000E+00  0.1200E+02
 -13.843  0.0000E+00  0.1200E+02
 -13.833  0.0000E+00  0.1200E+02
 -13.823  0.0000E+00  0.1200E+02
 -13.813  0.0000E+00  0.1200E+02
 -13.803  0.0000E+00  0.1200E+02
 -13.793  0.0000E+00  0.1200E+02
 -13.783  0.0000E+00  0.1200E+02
 -13.773  0.0000E+00  0.1200E+02
 -13.763  0.0000E+00  0.1200E+02
 -13.753  0.0000E+00  0.1200E+02
 -13.743  0.0000E+00  0.1200E+02
 -13.733  0.0000E+00  0.1200E+02
 -13.723  0.0000E+00  0.1200E+02
 -13.713  0.0000E+00  0.1200E+02
 -13.703  0.0000E+00  0.1200E+02
 -13.693  0.0000E+00  0.1200E+02
 -13.683  0.0000E+00  0.1200E+02
 -13.673  0.0000E+00  0.1200E+02
 -13.663  0.0000E+00  0.1200E+02
 -13.653  0.0000E+00  0.1200E+02
 -13.643  0.0000E+00  0.1200E+02
 -13.633  0.0000E+00  0.1200E+02
 -13.623  0.0000E+00  0.1200E+02
 -13.613  0.0000E+00  0.1200E+02
 -13.603  0.0000E+00  0.1200E+02
 -13.593  0.0000E+00  0.1200E+02
 -13.583  0.0000E+00  0.1200E+02
 -13.573  0.0000E+00  0.1200E+02
 -13.563  0.0000E+00  0.1200E+02
 -13.553  0.0000E+00  0.1200E+02
 -13.543  0.0000E+00  0.1200E+02
 -13.533  0.0000E+00  0.1200E+02
 -13.523  0.0000E+00  0.1200E+02
 -13.513  0.0000E+00  0.1200E+02
 -13.503  0.0000E+00  0.1200E+02
 -13.493  0.0000E+00  0.1200E+02
 -13.483  0.0000E+00  0.1200E+02
 -13.473  0.0000E+00  0.1200E+02
 -13.463  0.0000E+00  0.1200E+02
 -13.453  0.0000E+00  0.1200E+02
 -13.443  0.0000E+00  0.1200E+02
 -13.433  0.0000E+00  0.1200E+02
 -13.423  0.0000E+00  0.1200E+02
 -13.413  0.0000E+00  0.1200E+02
 -13.403  0.0000E+00  0.1200E+02
 -13.393  0.0000E+00  0.1200E+02
 -13.383  0.0000E+00  0.1200E+02
 -13.373  0.0000E+00  0.1200E+02
 -13.363  0.0000E+00  0.1200E+02
 -13.353  0.0000E+00  0.1200E+02
 -13.343  0.0000E+00  0.1200E+02
 -13.333  0.0000E+00  0.1200E+02
 -13.323  0.0000E+00  0.1200E+02
 -13.313  0.0000E+00  0.1200E+02
 -13.303  0.0000E+00  0.1200E+02
 -13.293  0.0000E+00  0.1200E+02
 -13.283  0.0000E+00  0.1200E+02
 -13.273  0.0000E+00  0.1200E+02
 -13.263  0.0000E+00  0.1200E+02
 -13.253  0.0000E+00  0.1200E+02
 -13.243  0.0000E+00  0.1200E+02
 -13.233  0.0000E+00  0.1200E+02
 -13.223  0.0000E+00  0.1200E+02
 -13.213  0.0000E+00  0.1200E+02
 -13.203  0.0000E+00  0.1200E+02
 -13.193  0.0000E+00  0.1200E+02
 -13.183  0.0000E+00  0.1200E+02
 -13.173  0.0000E+00  0.1200E+02
 -13.163  0.0000E+00  0.1200E+02
 -13.153  0.0000E+00  0.1200E+02
 -13.143  0.0000E+00  0.1200E+02
 -13.133  0.0000E+00  0.1200E+02
 -13.123  0.0000E+00  0.1200E+02
 -13.113  0.0000E+00  0.1200E+02
 -13.103  0.0000E+00  0.1200E+02
 -13.093  0.0000E+00  0.1200E+02
 -13.083  0.0000E+00  0.1200E+02
 -13.073  0.0000E+00  0.1200E+02
 -13.063  0.0000E+00  0.1200E+02
 -13.053  0.0000E+00  0.1200E+02
 -13.043  0.0000E+00  0.1200E+02
 -13.033  0.0000E+00  0.1200E+02
 -13.023  0.0000E+00  0.1200E+02
 -13.013  0.0000E+00  0.1200E+02
 -13.003  0.0000E+00  0.1200E+02
 -12.993  0.0000E+00  0.1200E+02
 -12.983  0.0000E+00  0.1200E+02
 -12.973  0.0000E+00  0.1200E+02
 -12.963  0.0000E+00  0.1200E+02
 -12.953  0.0000E+00  0.1200E+02
 -12.943  0.0000E+00  0.1200E+02
 -12.933  0.0000E+00  0.1200E+02
 -12.923  0.0000E+00  0.1200E+02
 -12.913  0.0000E+00  0.1200E+02
 -12.903  0.0000E+00  0.1200E+02
 -12.893  0.0000E+00  0.1200E+02
 -12.883  0.0000E+00  0.1200E+02
 -12.873  0.0000E+00  0.1200E+02
 -12.863  0.0000E+00  0.1200E+02
 -12.853  0.0000E+00  0.1200E+02
 -12.843  0.0000E+00  0.1200E+02
 -12.833  0.0000E+00  0.1200E+02
 -12.823  0.0000E+00  0.1200E+02
 -12.813  0.0000E+00  0.1200E+02
 -12.803  0.0000E+00  0.1200E+02
 -12.793  0.0000E+00  0.1200E+02
 -12.783  0.0000E+00  0.1200E+02
 -12.773  0.0000E+00  0.1200E+02
 -12.763  0.0000E+00  0.1200E+02
 -12.753  0.0000E+00  0.1200E+02
 -12.743  0.0000E+00  0.1200E+02
 -12.733  0.0000E+00  0.1200E+02
 -12.723  0.0000E+00  0.1200E+02
 -12.713  0.0000E+00  0.1200E+02
 -12.703  0.0000E+00  0.1200E+02
 -12.693  0.0000E+00  0.1200E+02
 -12.683  0.0000E+00  0.1200E+02
 -12.673  0.0000E+00  0.1200E+02
 -12.663  0.0000E+00  0.1200E+02
 -12.653  0.0000E+00  0.1200E+02
 -12.643  0.0000E+00  0.1200E+02
 -12.633  0.0000E+00  0.1200E+02
 -12.623  0.0000E+00  0.1200E+02
 -12.613  0.0000E+00  0.1200E+02
 -12.603  0.0000E+00  0.1200E+02
 -12.593  0.0000E+00  0.1200E+02
 -12.583  0.0000E+00  0.1200E+02
 -12.573  0.0000E+00  0.1200E+02
 -12.563  0.0000E+00  0.1200E+02
 -12.553  0.0000E+00  0.1200E+02
 -12.543  0.0000E+00  0.1200E+02
 -12.533  0.0000E+00  0.1200E+02
 -12.523  0.0000E+00  0.1200E+02
 -12.513  0.0000E+00  0.1200E+02
 -12.503  0.0000E+00  0.1200E+02
 -12.493  0.0000E+00  0.1200E+02
 -12.483  0.0000E+00  0.1200E+02
 -12.473  0.0000E+00  0.1200E+02
 -12.463  0.0000E+00  0.1200E+02
 -12.453  0.0000E+00  0.1200E+02
 -12.443  0.0000E+00  0.1200E+02
 -12.433  0.0000E+00  0.1200E+02
 -12.423  0.0000E+00  0.1200E+02
 -12.413  0.0000E+00  0.1200E+02
 -12.403  0.0000E+00  0.1200E+02
 -12.393  0.0000E+00  0.1200E+02
 -12.383  0.0000E+00  0.1200E+02
 -12.373  0.0000E+00  0.1200E+02
 -12.363  0.0000E+00  0.1200E+02
 -12.353  0.0000E+00  0.1200E+02
 -12.343  0.0000E+00  0.1200E+02
 -12.333  0.0000E+00  0.1200E+02
 -12.323  0.0000E+00  0.1200E+02
 -12.313  0.0000E+00  0.1200E+02
 -12.303  0.0000E+00  0.1200E+02
 -12.293  0.0000E+00  0.1200E+02
 -12.283  0.0000E+00  0.1200E+02
 -12.273  0.0000E+00  0.1200E+02
 -12.263  0.0000E+00  0.1200E+02
 -12.253  0.0000E+00  0.1200E+02
 -12.243  0.0000E+00  0.1200E+02
 -12.233  0.0000E+00  0.1200E+02
 -12.223  0.0000E+00  0.1200E+02
 -12.213  0.0000E+00  0.1200E+02
 -12.203  0.0000E+00  0.1200E+02
 -12.193  0.0000E+00  0.1200E+02
 -12.183  0.0000E+00  0.1200E+02
 -12.173  0.0000E+00  0.1200E+02
 -12.163  0.0000E+00  0.1200E+02
 -12.153  0.0000E+00  0.1200E+02
 -12.143  0.0000E+00  0.1200E+02
 -12.133  0.0000E+00  0.1200E+02
 -12.123  0.0000E+00  0.1200E+02
 -12.113  0.0000E+00  0.1200E+02
 -12.103  0.0000E+00  0.1200E+02
 -12.093  0.0000E+00  0.1200E+02
 -12.083  0.0000E+00  0.1200E+02
 -12.073  0.0000E+00  0.1200E+02
 -12.063  0.0000E+00  0.1200E+02
 -12.053  0.0000E+00  0.1200E+02
 -12.043  0.0000E+00  0.1200E+02
 -12.033  0.0000E+00  0.1200E+02
 -12.023  0.0000E+00  0.1200E+02
 -12.013  0.0000E+00  0.1200E+02
 -12.003  0.0000E+00  0.1200E+02
 -11.993  0.0000E+00  0.1200E+02
 -11.983  0.0000E+00  0.1200E+02
 -11.973  0.0000E+00  0.1200E+02
 -11.963  0.0000E+00  0.1200E+02
 -11.953  0.0000E+00  0.1200E+02
 -11.943  0.0000E+00  0.1200E+02
 -11.933  0.0000E+00  0.1200E+02
 -11.923  0.0000E+00  0.1200E+02
 -11.913  0.0000E+00  0.1200E+02
 -11.903  0.0000E+00  0.1200E+02
 -11.893  0.0000E+00  0.1200E+02
 -11.883  0.0000E+00  0.1200E+02
 -11.873  0.0000E+00  0.1200E+02
 -11.863  0.0000E+00  0.1200E+02
 -11.853  0.0000E+00  0.1200E+02
 -11.843  0.0000E+00  0.1200E+02
 -11.833  0.0000E+00  0.1200E+02
 -11.823  0.0000E+00  0.1200E+02
 -11.813  0.0000E+00  0.1200E+02
 -11.803  0.0000E+00  0.1200E+02
 -11.793  0.0000E+00  0.1200E+02
 -11.783  0.0000E+00  0.1200E+02
 -11.773  0.0000E+00  0.1200E+02
 -11.763  0.0000E+00  0.1200E+02
 -11.753  0.0000E+00  0.1200E+02
 -11.743  0.0000E+00  0.1200E+02
 -11.733  0.0000E+00  0.1200E+02
 -11.723  0.0000E+00  0.1200E+02
 -11.713  0.0000E+00  0.1200E+02
 -11.703  0.0000E+00  0.1200E+02
 -11.693  0.0000E+00  0.1200E+02
 -11.683  0.0000E+00  0.1200E+02
 -11.673  0.0000E+00  0.1200E+02
 -11.663  0.0000E+00  0.1200E+02
 -11.653  0.0000E+00  0.1200E+02
 -11.643  0.0000E+00  0.1200E+02
 -11.633  0.0000E+00  0.1200E+02
 -11.623  0.0000E+00  0.1200E+02
 -11.613  0.0000E+00  0.1200E+02
 -11.603  0.0000E+00  0.1200E+02
 -11.593  0.0000E+00  0.1200E+02
 -11.583  0.0000E+00  0.1200E+02
 -11.573  0.0000E+00  0.1200E+02
 -11.563  0.0000E+00  0.1200E+02
 -11.553  0.0000E+00  0.1200E+02
 -11.543  0.0000E+00  0.1200E+02
 -11.533  0.0000E+00  0.1200E+02
 -11.523  0.0000E+00  0.1200E+02
 -11.513  0.0000E+00  0.1200E+02
 -11.503  0.0000E+00  0.1200E+02
 -11.493  0.0000E+00  0.1200E+02
 -11.483  0.0000E+00  0.1200E+02
 -11.473  0.0000E+00  0.1200E+02
 -11.463  0.0000E+00  0.1200E+02
 -11.453  0.0000E+00  0.1200E+02
 -11.443  0.0000E+00  0.1200E+02
 -11.433  0.0000E+00  0.1200E+02
 -11.423  0.0000E+00  0.1200E+02
 -11.413  0.0000E+00  0.1200E+02
 -11.403  0.0000E+00  0.1200E+02
 -11.393  0.0000E+00  0.1200E+02
 -11.383  0.0000E+00  0.1200E+02
 -11.373  0.0000E+00  0.1200E+02
 -11.363  0.0000E+00  0.1200E+02
 -11.353  0.0000E+00  0.1200E+02
 -11.343  0.0000E+00  0.1200E+02
 -11.333  0.0000E+00  0.1200E+02
 -11.323  0.0000E+00  0.1200E+02
 -11.313  0.0000E+00  0.1200E+02
 -11.303  0.0000E+00  0.1200E+02
 -11.293  0.0000E+00  0.1200E+02
 -11.283  0.0000E+00  0.1200E+02
 -11.273  0.0000E+00  0.1200E+02
 -11.263  0.0000E+00  0.1200E+02
 -11.253  0.0000E+00  0.1200E+02
 -11.243  0.0000E+00  0.1200E+02
 -11.233  0.0000E+00  0.1200E+02
 -11.223  0.0000E+00  0.1200E+02
 -11.213  0.0000E+00  0.1200E+02
 -11.203  0.0000E+00  0.1200E+02
 -11.193  0.0000E+00  0.1200E+02
 -11.183  0.0000E+00  0.1200E+02
 -11.173  0.0000E+00  0.1200E+02
 -11.163  0.0000E+00  0.1200E+02
 -11.153  0.0000E+00  0.1200E+02
 -11.143  0.0000E+00  0.1200E+02
 -11.133  0.0000E+00  0.1200E+02
 -11.123  0.0000E+00  0.1200E+02
 -11.113  0.0000E+00  0.1200E+02
 -11.103  0.0000E+00  0.1200E+02
 -11.093  0.0000E+00  0.1200E+02
 -11.083  0.0000E+00  0.1200E+02
 -11.073  0.0000E+00  0.1200E+02
 -11.063  0.0000E+00  0.1200E+02
 -11.053  0.0000E+00  0.1200E+02
 -11.043  0.0000E+00  0.1200E+02
 -11.033  0.0000E+00  0.1200E+02
 -11.023  0.0000E+00  0.1200E+02
 -11.013  0.0000E+00  0.1200E+02
 -11.003  0.0000E+00  0.1200E+02
 -10.993  0.0000E+00  0.1200E+02
 -10.983  0.0000E+00  0.1200E+02
 -10.973  0.0000E+00  0.1200E+02
 -10.963  0.0000E+00  0.1200E+02
 -10.953  0.0000E+00  0.1200E+02
 -10.943  0.0000E+00  0.1200E+02
 -10.933  0.0000E+00  0.1200E+02
 -10.923  0.0000E+00  0.1200E+02
 -10.913  0.0000E+00  0.1200E+02
 -10.903  0.0000E+00  0.1200E+02
 -10.893  0.0000E+00  0.1200E+02
 -10.883  0.0000E+00  0.1200E+02
 -10.873  0.0000E+00  0.1200E+02
 -10.863  0.0000E+00  0.1200E+02
 -10.853  0.0000E+00  0.1200E+02
 -10.843  0.0000E+00  0.1200E+02
 -10.833  0.0000E+00  0.1200E+02
 -10.823  0.0000E+00  0.1200E+02
 -10.813  0.0000E+00  0.1200E+02
 -10.803  0.0000E+00  0.1200E+02
 -10.793  0.0000E+00  0.1200E+02
 -10.783  0.0000E+00  0.1200E+02
 -10.773  0.0000E+00  0.1200E+02
 -10.763  0.0000E+00  0.1200E+02
 -10.753  0.0000E+00  0.1200E+02
 -10.743  0.0000E+00  0.1200E+02
 -10.733  0.0000E+00  0.1200E+02
 -10.723  0.0000E+00  0.1200E+02
 -10.713  0.0000E+00  0.1200E+02
 -10.703  0.0000E+00  0.1200E+02
 -10.693  0.0000E+00  0.1200E+02
 -10.683  0.0000E+00  0.1200E+02
 -10.673  0.0000E+00  0.1200E+02
 -10.663  0.0000E+00  0.1200E+02
 -10.653  0.0000E+00  0.1200E+02
 -10.643  0.0000E+00  0.1200E+02
 -10.633  0.0000E+00  0.1200E+02
 -10.623  0.0000E+00  0.1200E+02
 -10.613  0.0000E+00  0.1200E+02
 -10.603  0.0000E+00  0.1200E+02
 -10.593  0.0000E+00  0.1200E+02
 -10.583  0.0000E+00  0.1200E+02
 -10.573  0.0000E+00  0.1200E+02
 -10.563  0.0000E+00  0.1200E+02
 -10.553  0.0000E+00  0.1200E+02
 -10.543  0.0000E+00  0.1200E+02
 -10.533  0.0000E+00  0.1200E+02
 -10.523  0.0000E+00  0.1200E+02
 -10.513  0.0000E+00  0.1200E+02
 -10.503  0.0000E+00  0.1200E+02
 -10.493  0.0000E+00  0.1200E+02
 -10.483  0.0000E+00  0.1200E+02
 -10.473  0.0000E+00  0.1200E+02
 -10.463  0.0000E+00  0.1200E+02
 -10.453  0.0000E+00  0.1200E+02
 -10.443  0.0000E+00  0.1200E+02
 -10.433  0.0000E+00  0.1200E+02
 -10.423  0.0000E+00  0.1200E+02
 -10.413  0.0000E+00  0.1200E+02
 -10.403  0.0000E+00  0.1200E+02
 -10.393  0.0000E+00  0.1200E+02
 -10.383  0.0000E+00  0.1200E+02
 -10.373  0.0000E+00  0.1200E+02
 -10.363  0.0000E+00  0.1200E+02
 -10.353  0.0000E+00  0.1200E+02
 -10.343  0.0000E+00  0.1200E+02
 -10.333  0.0000E+00  0.1200E+02
 -10.323  0.0000E+00  0.1200E+02
 -10.313  0.0000E+00  0.1200E+02
 -10.303  0.0000E+00  0.1200E+02
 -10.293  0.0000E+00  0.1200E+02
 -10.283  0.0000E+00  0.1200E+02
 -10.273  0.0000E+00  0.1200E+02
 -10.263  0.0000E+00  0.1200E+02
 -10.253  0.0000E+00  0.1200E+02
 -10.243  0.0000E+00  0.1200E+02
 -10.233  0.0000E+00  0.1200E+02
 -10.223  0.0000E+00  0.1200E+02
 -10.213  0.0000E+00  0.1200E+02
 -10.203  0.0000E+00  0.1200E+02
 -10.193  0.0000E+00  0.1200E+02
 -10.183  0.0000E+00  0.1200E+02
 -10.173  0.0000E+00  0.1200E+02
 -10.163  0.0000E+00  0.1200E+02
 -10.153  0.0000E+00  0.1200E+02
 -10.143  0.0000E+00  0.1200E+02
 -10.133  0.0000E+00  0.1200E+02
 -10.123  0.0000E+00  0.1200E+02
 -10.113  0.0000E+00  0.1200E+02
 -10.103  0.0000E+00  0.1200E+02
 -10.093  0.0000E+00  0.1200E+02
 -10.083  0.0000E+00  0.1200E+02
 -10.073  0.0000E+00  0.1200E+02
 -10.063  0.0000E+00  0.1200E+02
 -10.053  0.0000E+00  0.1200E+02
 -10.043  0.0000E+00  0.1200E+02
 -10.033  0.0000E+00  0.1200E+02
 -10.023  0.0000E+00  0.1200E+02
 -10.013  0.0000E+00  0.1200E+02
 -10.003  0.0000E+00  0.1200E+02
  -9.993  0.0000E+00  0.1200E+02
  -9.983  0.0000E+00  0.1200E+02
  -9.973  0.0000E+00  0.1200E+02
  -9.963  0.0000E+00  0.1200E+02
  -9.953  0.0000E+00  0.1200E+02
  -9.943  0.0000E+00  0.1200E+02
  -9.933  0.0000E+00  0.1200E+02
  -9.923  0.0000E+00  0.1200E+02
  -9.913  0.0000E+00  0.1200E+02
  -9.903  0.0000E+00  0.1200E+02
  -9.893  0.0000E+00  0.1200E+02
  -9.883  0.0000E+00  0.1200E+02
  -9.873  0.0000E+00  0.1200E+02
  -9.863  0.0000E+00  0.1200E+02
  -9.853  0.0000E+00  0.1200E+02
  -9.843  0.0000E+00  0.1200E+02
  -9.833  0.0000E+00  0.1200E+02
  -9.823  0.0000E+00  0.1200E+02
  -9.813  0.0000E+00  0.1200E+02
  -9.803  0.0000E+00  0.1200E+02
  -9.793  0.0000E+00  0.1200E+02
  -9.783  0.0000E+00  0.1200E+02
  -9.773  0.0000E+00  0.1200E+02
  -9.763  0.0000E+00  0.1200E+02
  -9.753  0.0000E+00  0.1200E+02
  -9.743  0.0000E+00  0.1200E+02
  -9.733  0.0000E+00  0.1200E+02
  -9.723  0.0000E+00  0.1200E+02
  -9.713  0.0000E+00  0.1200E+02
  -9.703  0.0000E+00  0.1200E+02
  -9.693  0.0000E+00  0.1200E+02
  -9.683  0.0000E+00  0.1200E+02
  -9.673  0.0000E+00  0.1200E+02
  -9.663  0.0000E+00  0.1200E+02
  -9.653  0.0000E+00  0.1200E+02
  -9.643  0.0000E+00  0.1200E+02
  -9.633  0.0000E+00  0.1200E+02
  -9.623  0.0000E+00  0.1200E+02
  -9.613  0.0000E+00  0.1200E+02
  -9.603  0.0000E+00  0.1200E+02
  -9.593  0.0000E+00  0.1200E+02
  -9.583  0.0000E+00  0.1200E+02
  -9.573  0.0000E+00  0.1200E+02
  -9.563  0.0000E+00  0.1200E+02
  -9.553  0.0000E+00  0.1200E+02
  -9.543  0.0000E+00  0.1200E+02
  -9.533  0.0000E+00  0.1200E+02
  -9.523  0.0000E+00  0.1200E+02
  -9.513  0.0000E+00  0.1200E+02
  -9.503  0.0000E+00  0.1200E+02
  -9.493  0.0000E+00  0.1200E+02
  -9.483  0.0000E+00  0.1200E+02
  -9.473  0.0000E+00  0.1200E+02
  -9.463  0.0000E+00  0.1200E+02
  -9.453  0.0000E+00  0.1200E+02
  -9.443  0.0000E+00  0.1200E+02
  -9.433  0.0000E+00  0.1200E+02
  -9.423  0.0000E+00  0.1200E+02
  -9.413  0.0000E+00  0.1200E+02
  -9.403  0.0000E+00  0.1200E+02
  -9.393  0.0000E+00  0.1200E+02
  -9.383  0.0000E+00  0.1200E+02
  -9.373  0.0000E+00  0.1200E+02
  -9.363  0.0000E+00  0.1200E+02
  -9.353  0.0000E+00  0.1200E+02
  -9.343  0.0000E+00  0.1200E+02
  -9.333  0.0000E+00  0.1200E+02
  -9.323  0.0000E+00  0.1200E+02
  -9.313  0.0000E+00  0.1200E+02
  -9.303  0.0000E+00  0.1200E+02
  -9.293  0.0000E+00  0.1200E+02
  -9.283  0.0000E+00  0.1200E+02
  -9.273  0.0000E+00  0.1200E+02
  -9.263  0.0000E+00  0.1200E+02
  -9.253  0.0000E+00  0.1200E+02
  -9.243  0.0000E+00  0.1200E+02
  -9.233  0.0000E+00  0.1200E+02
  -9.223  0.0000E+00  0.1200E+02
  -9.213  0.0000E+00  0.1200E+02
  -9.203  0.0000E+00  0.1200E+02
  -9.193  0.0000E+00  0.1200E+02
  -9.183  0.0000E+00  0.1200E+02
  -9.173  0.0000E+00  0.1200E+02
  -9.163  0.0000E+00  0.1200E+02
  -9.153  0.0000E+00  0.1200E+02
  -9.143  0.0000E+00  0.1200E+02
  -9.133  0.0000E+00  0.1200E+02
  -9.123  0.0000E+00  0.1200E+02
  -9.113  0.0000E+00  0.1200E+02
  -9.103  0.0000E+00  0.1200E+02
  -9.093  0.0000E+00  0.1200E+02
  -9.083  0.0000E+00  0.1200E+02
  -9.073  0.0000E+00  0.1200E+02
  -9.063  0.0000E+00  0.1200E+02
  -9.053  0.0000E+00  0.1200E+02
  -9.043  0.0000E+00  0.1200E+02
  -9.033  0.0000E+00  0.1200E+02
  -9.023  0.0000E+00  0.1200E+02
  -9.013  0.0000E+00  0.1200E+02
  -9.003  0.0000E+00  0.1200E+02
  -8.993  0.0000E+00  0.1200E+02
  -8.983  0.0000E+00  0.1200E+02
  -8.973  0.0000E+00  0.1200E+02
  -8.963  0.0000E+00  0.1200E+02
  -8.953  0.0000E+00  0.1200E+02
  -8.943  0.0000E+00  0.1200E+02
  -8.933  0.0000E+00  0.1200E+02
  -8.923  0.0000E+00  0.1200E+02
  -8.913  0.0000E+00  0.1200E+02
  -8.903  0.0000E+00  0.1200E+02
  -8.893  0.0000E+00  0.1200E+02
  -8.883  0.0000E+00  0.1200E+02
  -8.873  0.0000E+00  0.1200E+02
  -8.863  0.0000E+00  0.1200E+02
  -8.853  0.0000E+00  0.1200E+02
  -8.843  0.0000E+00  0.1200E+02
  -8.833  0.0000E+00  0.1200E+02
  -8.823  0.0000E+00  0.1200E+02
  -8.813  0.0000E+00  0.1200E+02
  -8.803  0.0000E+00  0.1200E+02
  -8.793  0.0000E+00  0.1200E+02
  -8.783  0.0000E+00  0.1200E+02
  -8.773  0.0000E+00  0.1200E+02
  -8.763  0.0000E+00  0.1200E+02
  -8.753  0.0000E+00  0.1200E+02
  -8.743  0.0000E+00  0.1200E+02
  -8.733  0.0000E+00  0.1200E+02
  -8.723  0.0000E+00  0.1200E+02
  -8.713  0.0000E+00  0.1200E+02
  -8.703  0.0000E+00  0.1200E+02
  -8.693  0.0000E+00  0.1200E+02
  -8.683  0.0000E+00  0.1200E+02
  -8.673  0.0000E+00  0.1200E+02
  -8.663  0.0000E+00  0.1200E+02
  -8.653  0.0000E+00  0.1200E+02
  -8.643  0.0000E+00  0.1200E+02
  -8.633  0.0000E+00  0.1200E+02
  -8.623  0.0000E+00  0.1200E+02
  -8.613  0.0000E+00  0.1200E+02
  -8.603  0.0000E+00  0.1200E+02
  -8.593  0.0000E+00  0.1200E+02
  -8.583  0.0000E+00  0.1200E+02
  -8.573  0.0000E+00  0.1200E+02
  -8.563  0.0000E+00  0.1200E+02
  -8.553  0.0000E+00  0.1200E+02
  -8.543  0.0000E+00  0.1200E+02
  -8.533  0.0000E+00  0.1200E+02
  -8.523  0.0000E+00  0.1200E+02
  -8.513  0.0000E+00  0.1200E+02
  -8.503  0.0000E+00  0.1200E+02
  -8.493  0.0000E+00  0.1200E+02
  -8.483  0.0000E+00  0.1200E+02
  -8.473  0.0000E+00  0.1200E+02
  -8.463  0.0000E+00  0.1200E+02
  -8.453  0.0000E+00  0.1200E+02
  -8.443  0.0000E+00  0.1200E+02
  -8.433  0.0000E+00  0.1200E+02
  -8.423  0.0000E+00  0.1200E+02
  -8.413  0.0000E+00  0.1200E+02
  -8.403  0.0000E+00  0.1200E+02
  -8.393  0.0000E+00  0.1200E+02
  -8.383  0.0000E+00  0.1200E+02
  -8.373  0.0000E+00  0.1200E+02
  -8.363  0.0000E+00  0.1200E+02
  -8.353  0.0000E+00  0.1200E+02
  -8.343  0.0000E+00  0.1200E+02
  -8.333  0.0000E+00  0.1200E+02
  -8.323  0.0000E+00  0.1200E+02
  -8.313  0.0000E+00  0.1200E+02
  -8.303  0.0000E+00  0.1200E+02
  -8.293  0.0000E+00  0.1200E+02
  -8.283  0.0000E+00  0.1200E+02
  -8.273  0.0000E+00  0.1200E+02
  -8.263  0.0000E+00  0.1200E+02
  -8.253  0.0000E+00  0.1200E+02
  -8.243  0.0000E+00  0.1200E+02
  -8.233  0.0000E+00  0.1200E+02
  -8.223  0.0000E+00  0.1200E+02
  -8.213  0.0000E+00  0.1200E+02
  -8.203  0.0000E+00  0.1200E+02
  -8.193  0.0000E+00  0.1200E+02
  -8.183  0.0000E+00  0.1200E+02
  -8.173  0.0000E+00  0.1200E+02
  -8.163  0.0000E+00  0.1200E+02
  -8.153  0.0000E+00  0.1200E+02
  -8.143  0.0000E+00  0.1200E+02
  -8.133  0.0000E+00  0.1200E+02
  -8.123  0.0000E+00  0.1200E+02
  -8.113  0.0000E+00  0.1200E+02
  -8.103  0.0000E+00  0.1200E+02
  -8.093  0.0000E+00  0.1200E+02
  -8.083  0.0000E+00  0.1200E+02
  -8.073  0.0000E+00  0.1200E+02
  -8.063  0.0000E+00  0.1200E+02
  -8.053  0.0000E+00  0.1200E+02
  -8.043  0.0000E+00  0.1200E+02
  -8.033  0.0000E+00  0.1200E+02
  -8.023  0.0000E+00  0.1200E+02
  -8.013  0.0000E+00  0.1200E+02
  -8.003  0.0000E+00  0.1200E+02
  -7.993  0.0000E+00  0.1200E+02
  -7.983  0.0000E+00  0.1200E+02
  -7.973  0.0000E+00  0.1200E+02
  -7.963  0.0000E+00  0.1200E+02
  -7.953  0.0000E+00  0.1200E+02
  -7.943  0.0000E+00  0.1200E+02
  -7.933  0.0000E+00  0.1200E+02
  -7.923  0.0000E+00  0.1200E+02
  -7.913  0.0000E+00  0.1200E+02
  -7.903  0.0000E+00  0.1200E+02
  -7.893  0.0000E+00  0.1200E+02
  -7.883  0.0000E+00  0.1200E+02
  -7.873  0.0000E+00  0.1200E+02
  -7.863  0.0000E+00  0.1200E+02
  -7.853  0.0000E+00  0.1200E+02
  -7.843  0.0000E+00  0.1200E+02
  -7.833  0.0000E+00  0.1200E+02
  -7.823  0.0000E+00  0.1200E+02
  -7.813  0.0000E+00  0.1200E+02
  -7.803  0.0000E+00  0.1200E+02
  -7.793  0.0000E+00  0.1200E+02
  -7.783  0.0000E+00  0.1200E+02
  -7.773  0.0000E+00  0.1200E+02
  -7.763  0.0000E+00  0.1200E+02
  -7.753  0.0000E+00  0.1200E+02
  -7.743  0.0000E+00  0.1200E+02
  -7.733  0.0000E+00  0.1200E+02
  -7.723  0.0000E+00  0.1200E+02
  -7.713  0.0000E+00  0.1200E+02
  -7.703  0.0000E+00  0.1200E+02
  -7.693  0.0000E+00  0.1200E+02
  -7.683  0.0000E+00  0.1200E+02
  -7.673  0.0000E+00  0.1200E+02
  -7.663  0.0000E+00  0.1200E+02
  -7.653  0.0000E+00  0.1200E+02
  -7.643  0.0000E+00  0.1200E+02
  -7.633  0.0000E+00  0.1200E+02
  -7.623  0.0000E+00  0.1200E+02
  -7.613  0.0000E+00  0.1200E+02
  -7.603  0.0000E+00  0.1200E+02
  -7.593  0.0000E+00  0.1200E+02
  -7.583  0.0000E+00  0.1200E+02
  -7.573  0.0000E+00  0.1200E+02
  -7.563  0.0000E+00  0.1200E+02
  -7.553  0.0000E+00  0.1200E+02
  -7.543  0.0000E+00  0.1200E+02
  -7.533  0.0000E+00  0.1200E+02
  -7.523  0.0000E+00  0.1200E+02
  -7.513  0.0000E+00  0.1200E+02
  -7.503  0.0000E+00  0.1200E+02
  -7.493  0.0000E+00  0.1200E+02
  -7.483  0.0000E+00  0.1200E+02
  -7.473  0.0000E+00  0.1200E+02
  -7.463  0.0000E+00  0.1200E+02
  -7.453  0.0000E+00  0.1200E+02
  -7.443  0.0000E+00  0.1200E+02
  -7.433  0.0000E+00  0.1200E+02
  -7.423  0.0000E+00  0.1200E+02
  -7.413  0.0000E+00  0.1200E+02
  -7.403  0.0000E+00  0.1200E+02
  -7.393  0.0000E+00  0.1200E+02
  -7.383  0.0000E+00  0.1200E+02
  -7.373  0.0000E+00  0.1200E+02
  -7.363  0.0000E+00  0.1200E+02
  -7.353  0.0000E+00  0.1200E+02
  -7.343  0.0000E+00  0.1200E+02
  -7.333  0.0000E+00  0.1200E+02
  -7.323  0.0000E+00  0.1200E+02
  -7.313  0.0000E+00  0.1200E+02
  -7.303  0.0000E+00  0.1200E+02
  -7.293  0.0000E+00  0.1200E+02
  -7.283  0.0000E+00  0.1200E+02
  -7.273  0.0000E+00  0.1200E+02
  -7.263  0.0000E+00  0.1200E+02
  -7.253  0.0000E+00  0.1200E+02
  -7.243  0.0000E+00  0.1200E+02
  -7.233  0.0000E+00  0.1200E+02
  -7.223  0.0000E+00  0.1200E+02
  -7.213  0.0000E+00  0.1200E+02
  -7.203  0.0000E+00  0.1200E+02
  -7.193  0.0000E+00  0.1200E+02
  -7.183  0.0000E+00  0.1200E+02
  -7.173  0.0000E+00  0.1200E+02
  -7.163  0.0000E+00  0.1200E+02
  -7.153  0.0000E+00  0.1200E+02
  -7.143  0.0000E+00  0.1200E+02
  -7.133  0.0000E+00  0.1200E+02
  -7.123  0.0000E+00  0.1200E+02
  -7.113  0.0000E+00  0.1200E+02
  -7.103  0.0000E+00  0.1200E+02
  -7.093  0.0000E+00  0.1200E+02
  -7.083  0.0000E+00  0.1200E+02
  -7.073  0.0000E+00  0.1200E+02
  -7.063  0.0000E+00  0.1200E+02
  -7.053  0.0000E+00  0.1200E+02
  -7.043  0.0000E+00  0.1200E+02
  -7.033  0.0000E+00  0.1200E+02
  -7.023  0.0000E+00  0.1200E+02
  -7.013  0.0000E+00  0.1200E+02
  -7.003  0.0000E+00  0.1200E+02
  -6.993  0.0000E+00  0.1200E+02
  -6.983  0.0000E+00  0.1200E+02
  -6.973  0.0000E+00  0.1200E+02
  -6.963  0.0000E+00  0.1200E+02
  -6.953  0.0000E+00  0.1200E+02
  -6.943  0.0000E+00  0.1200E+02
  -6.933  0.0000E+00  0.1200E+02
  -6.923  0.0000E+00  0.1200E+02
  -6.913  0.0000E+00  0.1200E+02
  -6.903  0.0000E+00  0.1200E+02
  -6.893  0.0000E+00  0.1200E+02
  -6.883  0.0000E+00  0.1200E+02
  -6.873  0.0000E+00  0.1200E+02
  -6.863  0.0000E+00  0.1200E+02
  -6.853  0.0000E+00  0.1200E+02
  -6.843  0.0000E+00  0.1200E+02
  -6.833  0.0000E+00  0.1200E+02
  -6.823  0.0000E+00  0.1200E+02
  -6.813  0.0000E+00  0.1200E+02
  -6.803  0.0000E+00  0.1200E+02
  -6.793  0.0000E+00  0.1200E+02
  -6.783  0.0000E+00  0.1200E+02
  -6.773  0.0000E+00  0.1200E+02
  -6.763  0.0000E+00  0.1200E+02
  -6.753  0.6483E-02  0.1200E+02
  -6.743  0.2339E-01  0.1200E+02
  -6.733  0.4195E-01  0.1200E+02
  -6.723  0.6215E-01  0.1200E+02
  -6.713  0.8399E-01  0.1200E+02
  -6.703  0.1075E+00  0.1200E+02
  -6.693  0.1326E+00  0.1200E+02
  -6.683  0.1594E+00  0.1201E+02
  -6.673  0.1878E+00  0.1201E+02
  -6.663  0.2179E+00  0.1201E+02
  -6.653  0.2496E+00  0.1201E+02
  -6.643  0.2829E+00  0.1201E+02
  -6.633  0.3179E+00  0.1202E+02
  -6.623  0.3546E+00  0.1202E+02
  -6.613  0.3929E+00  0.1202E+02
  -6.603  0.3217E+00  0.1203E+02
  -6.593  0.3409E+00  0.1203E+02
  -6.583  0.3600E+00  0.1203E+02
  -6.573  0.3789E+00  0.1204E+02
  -6.563  0.3977E+00  0.1204E+02
  -6.553  0.4161E+00  0.1205E+02
  -6.543  0.4337E+00  0.1205E+02
  -6.533  0.4504E+00  0.1206E+02
  -6.523  0.4663E+00  0.1206E+02
  -6.513  0.4814E+00  0.1206E+02
  -6.503  0.4957E+00  0.1207E+02
  -6.493  0.5091E+00  0.1207E+02
  -6.483  0.5216E+00  0.1208E+02
  -6.473  0.5333E+00  0.1208E+02
  -6.463  0.5442E+00  0.1209E+02
  -6.453  0.5543E+00  0.1210E+02
  -6.443  0.5635E+00  0.1210E+02
  -6.433  0.5718E+00  0.1211E+02
  -6.423  0.5870E+00  0.1211E+02
  -6.413  0.6048E+00  0.1212E+02
  -6.403  0.6229E+00  0.1212E+02
  -6.393  0.6412E+00  0.1213E+02
  -6.383  0.6597E+00  0.1214E+02
  -6.373  0.6784E+00  0.1214E+02
  -6.363  0.6974E+00  0.1215E+02
  -6.353  0.7166E+00  0.1216E+02
  -6.343  0.7361E+00  0.1217E+02
  -6.333  0.7557E+00  0.1217E+02
  -6.323  0.7737E+00  0.1218E+02
  -6.313  0.7916E+00  0.1219E+02
  -6.303  0.8095E+00  0.1220E+02
  -6.293  0.8273E+00  0.1220E+02
  -6.283  0.8451E+00  0.1221E+02
  -6.273  0.8628E+00  0.1222E+02
  -6.263  0.8805E+00  0.1223E+02
  -6.253  0.8981E+00  0.1224E+02
  -6.243  0.9156E+00  0.1225E+02
  -6.233  0.9331E+00  0.1226E+02
  -6.223  0.9506E+00  0.1227E+02
  -6.213  0.9684E+00  0.1228E+02
  -6.203  0.9878E+00  0.1229E+02
  -6.193  0.1009E+01  0.1230E+02
  -6.183  0.1032E+01  0.1231E+02
  -6.173  0.1057E+01  0.1232E+02
  -6.163  0.1084E+01  0.1233E+02
  -6.153  0.1113E+01  0.1234E+02
  -6.143  0.1144E+01  0.1235E+02
  -6.133  0.1177E+01  0.1236E+02
  -6.123  0.1212E+01  0.1237E+02
  -6.113  0.1248E+01  0.1239E+02
  -6.103  0.1286E+01  0.1240E+02
  -6.093  0.1324E+01  0.1241E+02
  -6.083  0.1362E+01  0.1242E+02
  -6.073  0.1402E+01  0.1244E+02
  -6.063  0.1442E+01  0.1245E+02
  -6.053  0.1484E+01  0.1247E+02
  -6.043  0.1527E+01  0.1248E+02
  -6.033  0.1571E+01  0.1250E+02
  -6.023  0.1615E+01  0.1251E+02
  -6.013  0.1662E+01  0.1253E+02
  -6.003  0.1709E+01  0.1255E+02
  -5.993  0.1757E+01  0.1256E+02
  -5.983  0.1806E+01  0.1258E+02
  -5.973  0.1857E+01  0.1260E+02
  -5.963  0.1911E+01  0.1262E+02
  -5.953  0.1987E+01  0.1264E+02
  -5.943  0.2089E+01  0.1266E+02
  -5.933  0.2217E+01  0.1268E+02
  -5.923  0.2370E+01  0.1270E+02
  -5.913  0.2550E+01  0.1273E+02
  -5.903  0.2761E+01  0.1275E+02
  -5.893  0.3003E+01  0.1278E+02
  -5.883  0.3322E+01  0.1282E+02
  -5.873  0.4513E+01  0.1285E+02
  -5.863  0.6059E+01  0.1291E+02
  -5.853  0.8226E+01  0.1298E+02
  -5.843  0.1148E+02  0.1308E+02
  -5.833  0.1361E+02  0.1320E+02
  -5.823  0.1240E+02  0.1334E+02
  -5.813  0.7076E+01  0.1343E+02
  -5.803  0.5448E+01  0.1350E+02
  -5.793  0.4665E+01  0.1355E+02
  -5.783  0.4305E+01  0.1359E+02
  -5.773  0.3936E+01  0.1363E+02
  -5.763  0.3481E+01  0.1367E+02
  -5.753  0.3075E+01  0.1370E+02
  -5.743  0.2712E+01  0.1373E+02
  -5.733  0.2390E+01  0.1376E+02
  -5.723  0.2111E+01  0.1378E+02
  -5.713  0.1866E+01  0.1380E+02
  -5.703  0.1668E+01  0.1382E+02
  -5.693  0.1517E+01  0.1383E+02
  -5.683  0.1392E+01  0.1385E+02
  -5.673  0.1280E+01  0.1386E+02
  -5.663  0.1180E+01  0.1387E+02
  -5.653  0.1078E+01  0.1388E+02
  -5.643  0.9899E+00  0.1389E+02
  -5.633  0.9103E+00  0.1390E+02
  -5.623  0.8393E+00  0.1391E+02
  -5.613  0.7770E+00  0.1392E+02
  -5.603  0.7233E+00  0.1393E+02
  -5.593  0.6782E+00  0.1393E+02
  -5.583  0.6618E+00  0.1394E+02
  -5.573  0.6496E+00  0.1395E+02
  -5.563  0.6376E+00  0.1395E+02
  -5.553  0.6244E+00  0.1396E+02
  -5.543  0.6091E+00  0.1397E+02
  -5.533  0.5934E+00  0.1397E+02
  -5.523  0.5775E+00  0.1398E+02
  -5.513  0.5613E+00  0.1398E+02
  -5.503  0.5448E+00  0.1399E+02
  -5.493  0.5280E+00  0.1400E+02
  -5.483  0.5110E+00  0.1400E+02
  -5.473  0.4936E+00  0.1401E+02
  -5.463  0.1449E+00  0.1401E+02
  -5.453  0.1540E+00  0.1401E+02
  -5.443  0.1633E+00  0.1402E+02
  -5.433  0.1728E+00  0.1402E+02
  -5.423  0.1826E+00  0.1402E+02
  -5.413  0.1925E+00  0.1402E+02
  -5.403  0.2027E+00  0.1402E+02
  -5.393  0.2131E+00  0.1403E+02
  -5.383  0.2237E+00  0.1403E+02
  -5.373  0.2345E+00  0.1403E+02
  -5.363  0.2455E+00  0.1403E+02
  -5.353  0.2568E+00  0.1403E+02
  -5.343  0.2682E+00  0.1404E+02
  -5.333  0.2799E+00  0.1404E+02
  -5.323  0.2918E+00  0.1404E+02
  -5.313  0.3039E+00  0.1405E+02
  -5.303  0.3164E+00  0.1405E+02
  -5.293  0.3298E+00  0.1405E+02
  -5.283  0.3443E+00  0.1406E+02
  -5.273  0.3599E+00  0.1406E+02
  -5.263  0.3765E+00  0.1406E+02
  -5.253  0.3942E+00  0.1407E+02
  -5.243  0.4130E+00  0.1407E+02
  -5.233  0.4329E+00  0.1408E+02
  -5.223  0.4539E+00  0.1408E+02
  -5.213  0.4758E+00  0.1408E+02
  -5.203  0.4987E+00  0.1409E+02
  -5.193  0.5223E+00  0.1409E+02
  -5.183  0.5469E+00  0.1410E+02
  -5.173  0.5722E+00  0.1411E+02
  -5.163  0.5984E+00  0.1411E+02
  -5.153  0.6254E+00  0.1412E+02
  -5.143  0.6532E+00  0.1412E+02
  -5.133  0.6819E+00  0.1413E+02
  -5.123  0.7114E+00  0.1414E+02
  -5.113  0.7411E+00  0.1414E+02
  -5.103  0.7645E+00  0.1415E+02
  -5.093  0.7850E+00  0.1416E+02
  -5.083  0.8037E+00  0.1417E+02
  -5.073  0.8205E+00  0.1418E+02
  -5.063  0.8353E+00  0.1418E+02
  -5.053  0.8481E+00  0.1419E+02
  -5.043  0.8589E+00  0.1420E+02
  -5.033  0.8716E+00  0.1421E+02
  -5.023  0.8946E+00  0.1422E+02
  -5.013  0.9283E+00  0.1423E+02
  -5.003  0.9702E+00  0.1424E+02
  -4.993  0.1015E+01  0.1425E+02
  -4.983  0.1064E+01  0.1426E+02
  -4.973  0.1115E+01  0.1427E+02
  -4.963  0.1169E+01  0.1428E+02
  -4.953  0.1227E+01  0.1429E+02
  -4.943  0.1288E+01  0.1430E+02
  -4.933  0.1351E+01  0.1432E+02
  -4.923  0.1418E+01  0.1433E+02
  -4.913  0.1480E+01  0.1435E+02
  -4.903  0.1538E+01  0.1436E+02
  -4.893  0.1598E+01  0.1438E+02
  -4.883  0.1692E+01  0.1439E+02
  -4.873  0.1830E+01  0.1441E+02
  -4.863  0.1954E+01  0.1443E+02
  -4.853  0.2065E+01  0.1445E+02
  -4.843  0.2185E+01  0.1447E+02
  -4.833  0.2921E+01  0.1450E+02
  -4.823  0.3080E+01  0.1453E+02
  -4.813  0.3231E+01  0.1456E+02
  -4.803  0.3375E+01  0.1460E+02
  -4.793  0.3512E+01  0.1463E+02
  -4.783  0.3641E+01  0.1467E+02
  -4.773  0.3764E+01  0.1470E+02
  -4.763  0.4003E+01  0.1474E+02
  -4.753  0.4409E+01  0.1478E+02
  -4.743  0.4971E+01  0.1483E+02
  -4.733  0.5383E+01  0.1488E+02
  -4.723  0.5574E+01  0.1494E+02
  -4.713  0.5621E+01  0.1499E+02
  -4.703  0.5593E+01  0.1505E+02
  -4.693  0.5492E+01  0.1511E+02
  -4.683  0.5284E+01  0.1516E+02
  -4.673  0.4910E+01  0.1521E+02
  -4.663  0.4531E+01  0.1526E+02
  -4.653  0.4197E+01  0.1530E+02
  -4.643  0.3642E+01  0.1534E+02
  -4.633  0.3438E+01  0.1538E+02
  -4.623  0.3237E+01  0.1541E+02
  -4.613  0.3038E+01  0.1544E+02
  -4.603  0.2844E+01  0.1547E+02
  -4.593  0.2660E+01  0.1550E+02
  -4.583  0.2487E+01  0.1552E+02
  -4.573  0.2325E+01  0.1555E+02
  -4.563  0.2173E+01  0.1557E+02
  -4.553  0.2032E+01  0.1559E+02
  -4.543  0.1901E+01  0.1561E+02
  -4.533  0.1781E+01  0.1563E+02
  -4.523  0.1679E+01  0.1565E+02
  -4.513  0.1778E+01  0.1566E+02
  -4.503  0.1662E+01  0.1568E+02
  -4.493  0.1548E+01  0.1570E+02
  -4.483  0.1436E+01  0.1571E+02
  -4.473  0.1328E+01  0.1573E+02
  -4.463  0.1017E+01  0.1574E+02
  -4.453  0.9897E+00  0.1575E+02
  -4.443  0.9628E+00  0.1576E+02
  -4.433  0.9363E+00  0.1577E+02
  -4.423  0.9103E+00  0.1577E+02
  -4.413  0.8848E+00  0.1578E+02
  -4.403  0.8597E+00  0.1579E+02
  -4.393  0.8352E+00  0.1580E+02
  -4.383  0.8112E+00  0.1581E+02
  -4.373  0.7876E+00  0.1582E+02
  -4.363  0.7645E+00  0.1583E+02
  -4.353  0.7419E+00  0.1583E+02
  -4.343  0.7198E+00  0.1584E+02
  -4.333  0.6981E+00  0.1585E+02
  -4.323  0.6770E+00  0.1585E+02
  -4.313  0.6563E+00  0.1586E+02
  -4.303  0.6394E+00  0.1587E+02
  -4.293  0.6239E+00  0.1587E+02
  -4.283  0.6089E+00  0.1588E+02
  -4.273  0.5944E+00  0.1589E+02
  -4.263  0.5803E+00  0.1589E+02
  -4.253  0.5668E+00  0.1590E+02
  -4.243  0.5537E+00  0.1590E+02
  -4.233  0.5410E+00  0.1591E+02
  -4.223  0.5289E+00  0.1591E+02
  -4.213  0.5147E+00  0.1592E+02
  -4.203  0.4982E+00  0.1592E+02
  -4.193  0.4819E+00  0.1593E+02
  -4.183  0.4658E+00  0.1593E+02
  -4.173  0.4500E+00  0.1594E+02
  -4.163  0.4345E+00  0.1594E+02
  -4.153  0.4192E+00  0.1595E+02
  -4.143  0.4041E+00  0.1595E+02
  -4.133  0.3893E+00  0.1595E+02
  -4.123  0.3747E+00  0.1596E+02
  -4.113  0.3603E+00  0.1596E+02
  -4.103  0.3462E+00  0.1597E+02
  -4.093  0.3324E+00  0.1597E+02
  -4.083  0.3187E+00  0.1597E+02
  -4.073  0.3054E+00  0.1598E+02
  -4.063  0.2922E+00  0.1598E+02
  -4.053  0.4598E+00  0.1598E+02
  -4.043  0.3966E+00  0.1599E+02
  -4.033  0.3354E+00  0.1599E+02
  -4.023  0.2761E+00  0.1599E+02
  -4.013  0.2187E+00  0.1600E+02
  -4.003  0.1632E+00  0.1600E+02
  -3.993  0.1097E+00  0.1600E+02
  -3.983  0.1078E+01  0.1601E+02
  -3.973  0.1367E+01  0.1602E+02
  -3.963  0.1699E+01  0.1604E+02
  -3.953  0.1727E+01  0.1605E+02
  -3.943  0.1883E+01  0.1607E+02
  -3.933  0.2039E+01  0.1609E+02
  -3.923  0.2192E+01  0.1611E+02
  -3.913  0.2345E+01  0.1614E+02
  -3.903  0.2602E+01  0.1616E+02
  -3.893  0.3003E+01  0.1619E+02
  -3.883  0.3317E+01  0.1622E+02
  -3.873  0.3597E+01  0.1625E+02
  -3.863  0.3848E+01  0.1629E+02
  -3.853  0.3731E+01  0.1633E+02
  -3.843  0.3899E+01  0.1637E+02
  -3.833  0.3914E+01  0.1641E+02
  -3.823  0.3560E+01  0.1644E+02
  -3.813  0.3540E+01  0.1648E+02
  -3.803  0.3509E+01  0.1651E+02
  -3.793  0.3466E+01  0.1655E+02
  -3.783  0.3412E+01  0.1658E+02
  -3.773  0.3342E+01  0.1662E+02
  -3.763  0.3188E+01  0.1665E+02
  -3.753  0.3129E+01  0.1668E+02
  -3.743  0.3074E+01  0.1671E+02
  -3.733  0.3016E+01  0.1674E+02
  -3.723  0.2956E+01  0.1677E+02
  -3.713  0.2898E+01  0.1680E+02
  -3.703  0.2852E+01  0.1683E+02
  -3.693  0.2804E+01  0.1686E+02
  -3.683  0.2745E+01  0.1689E+02
  -3.673  0.2704E+01  0.1691E+02
  -3.663  0.2684E+01  0.1694E+02
  -3.653  0.2665E+01  0.1697E+02
  -3.643  0.2646E+01  0.1699E+02
  -3.633  0.2628E+01  0.1702E+02
  -3.623  0.2645E+01  0.1705E+02
  -3.613  0.2618E+01  0.1707E+02
  -3.603  0.2592E+01  0.1710E+02
  -3.593  0.2565E+01  0.1713E+02
  -3.583  0.2536E+01  0.1715E+02
  -3.573  0.2503E+01  0.1718E+02
  -3.563  0.2465E+01  0.1720E+02
  -3.553  0.2424E+01  0.1723E+02
  -3.543  0.2379E+01  0.1725E+02
  -3.533  0.2329E+01  0.1727E+02
  -3.523  0.2270E+01  0.1730E+02
  -3.513  0.2212E+01  0.1732E+02
  -3.503  0.2165E+01  0.1734E+02
  -3.493  0.2139E+01  0.1736E+02
  -3.483  0.2112E+01  0.1738E+02
  -3.473  0.2086E+01  0.1740E+02
  -3.463  0.2060E+01  0.1742E+02
  -3.453  0.2030E+01  0.1745E+02
  -3.443  0.1998E+01  0.1747E+02
  -3.433  0.1964E+01  0.1748E+02
  -3.423  0.1927E+01  0.1750E+02
  -3.413  0.1889E+01  0.1752E+02
  -3.403  0.1848E+01  0.1754E+02
  -3.393  0.1803E+01  0.1756E+02
  -3.383  0.1751E+01  0.1758E+02
  -3.373  0.1696E+01  0.1760E+02
  -3.363  0.1640E+01  0.1761E+02
  -3.353  0.1582E+01  0.1763E+02
  -3.343  0.1521E+01  0.1764E+02
  -3.333  0.1461E+01  0.1766E+02
  -3.323  0.1401E+01  0.1767E+02
  -3.313  0.1346E+01  0.1769E+02
  -3.303  0.1304E+01  0.1770E+02
  -3.293  0.1265E+01  0.1771E+02
  -3.283  0.1229E+01  0.1773E+02
  -3.273  0.1196E+01  0.1774E+02
  -3.263  0.1166E+01  0.1775E+02
  -3.253  0.1139E+01  0.1776E+02
  -3.243  0.1113E+01  0.1777E+02
  -3.233  0.1088E+01  0.1778E+02
  -3.223  0.1063E+01  0.1779E+02
  -3.213  0.1038E+01  0.1780E+02
  -3.203  0.1014E+01  0.1781E+02
  -3.193  0.9899E+00  0.1782E+02
  -3.183  0.9662E+00  0.1783E+02
  -3.173  0.9433E+00  0.1784E+02
  -3.163  0.9211E+00  0.1785E+02
  -3.153  0.8997E+00  0.1786E+02
  -3.143  0.8791E+00  0.1787E+02
  -3.133  0.8592E+00  0.1788E+02
  -3.123  0.8401E+00  0.1789E+02
  -3.113  0.8217E+00  0.1790E+02
  -3.103  0.8046E+00  0.1790E+02
  -3.093  0.7964E+00  0.1791E+02
  -3.083  0.7908E+00  0.1792E+02
  -3.073  0.8037E+00  0.1793E+02
  -3.063  0.8428E+00  0.1794E+02
  -3.053  0.9283E+00  0.1795E+02
  -3.043  0.1054E+01  0.1796E+02
  -3.033  0.1212E+01  0.1797E+02
  -3.023  0.1403E+01  0.1798E+02
  -3.013  0.1657E+01  0.1800E+02
  -3.003  0.2008E+01  0.1801E+02
  -2.993  0.2165E+01  0.1803E+02
  -2.983  0.2407E+01  0.1806E+02
  -2.973  0.2653E+01  0.1808E+02
  -2.963  0.3106E+01  0.1811E+02
  -2.953  0.3719E+01  0.1814E+02
  -2.943  0.4527E+01  0.1819E+02
  -2.933  0.8857E+01  0.1825E+02
  -2.923  0.1695E+02  0.1838E+02
  -2.913  0.2195E+02  0.1858E+02
  -2.903  0.2323E+02  0.1880E+02
  -2.893  0.2127E+02  0.1904E+02
  -2.883  0.1678E+02  0.1922E+02
  -2.873  0.1506E+02  0.1938E+02
  -2.863  0.1316E+02  0.1952E+02
  -2.853  0.1074E+02  0.1964E+02
  -2.843  0.8689E+01  0.1974E+02
  -2.833  0.8153E+01  0.1982E+02
  -2.823  0.8409E+01  0.1990E+02
  -2.813  0.8632E+01  0.1999E+02
  -2.803  0.9237E+01  0.2007E+02
  -2.793  0.9760E+01  0.2017E+02
  -2.783  0.9765E+01  0.2027E+02
  -2.773  0.9606E+01  0.2036E+02
  -2.763  0.9273E+01  0.2046E+02
  -2.753  0.8937E+01  0.2055E+02
  -2.743  0.8416E+01  0.2064E+02
  -2.733  0.7883E+01  0.2072E+02
  -2.723  0.7385E+01  0.2079E+02
  -2.713  0.6302E+01  0.2087E+02
  -2.703  0.6144E+01  0.2093E+02
  -2.693  0.6206E+01  0.2099E+02
  -2.683  0.5349E+01  0.2105E+02
  -2.673  0.5162E+01  0.2110E+02
  -2.663  0.5091E+01  0.2115E+02
  -2.653  0.5033E+01  0.2120E+02
  -2.643  0.4986E+01  0.2125E+02
  -2.633  0.4951E+01  0.2130E+02
  -2.623  0.4925E+01  0.2135E+02
  -2.613  0.4903E+01  0.2140E+02
  -2.603  0.5331E+01  0.2145E+02
  -2.593  0.5775E+01  0.2151E+02
  -2.583  0.6323E+01  0.2157E+02
  -2.573  0.6975E+01  0.2163E+02
  -2.563  0.7732E+01  0.2171E+02
  -2.553  0.1253E+02  0.2179E+02
  -2.543  0.9424E+01  0.2190E+02
  -2.533  0.8622E+01  0.2200E+02
  -2.523  0.2720E+01  0.2205E+02
  -2.513  0.9684E+00  0.2207E+02
  -2.503  0.1033E+01  0.2208E+02
  -2.493  0.1141E+01  0.2209E+02
  -2.483  0.1258E+01  0.2210E+02
  -2.473  0.1385E+01  0.2211E+02
  -2.463  0.4822E+01  0.2213E+02
  -2.453  0.3235E+01  0.2218E+02
  -2.443  0.4349E+01  0.2221E+02
  -2.433  0.6021E+01  0.2226E+02
  -2.423  0.7347E+01  0.2233E+02
  -2.413  0.8253E+01  0.2241E+02
  -2.403  0.8721E+01  0.2249E+02
  -2.393  0.9501E+01  0.2259E+02
  -2.383  0.9623E+01  0.2268E+02
  -2.373  0.1032E+02  0.2278E+02
  -2.363  0.9584E+01  0.2288E+02
  -2.353  0.8693E+01  0.2297E+02
  -2.343  0.7760E+01  0.2306E+02
  -2.333  0.6887E+01  0.2313E+02
  -2.323  0.6273E+01  0.2319E+02
  -2.313  0.5755E+01  0.2325E+02
  -2.303  0.5363E+01  0.2331E+02
  -2.293  0.5019E+01  0.2336E+02
  -2.283  0.4728E+01  0.2341E+02
  -2.273  0.4467E+01  0.2346E+02
  -2.263  0.4220E+01  0.2350E+02
  -2.253  0.4016E+01  0.2354E+02
  -2.243  0.3854E+01  0.2358E+02
  -2.233  0.3723E+01  0.2362E+02
  -2.223  0.3622E+01  0.2365E+02
  -2.213  0.3741E+01  0.2369E+02
  -2.203  0.3702E+01  0.2373E+02
  -2.193  0.3463E+01  0.2376E+02
  -2.183  0.3174E+01  0.2380E+02
  -2.173  0.2860E+01  0.2383E+02
  -2.163  0.2699E+01  0.2386E+02
  -2.153  0.2454E+01  0.2388E+02
  -2.143  0.2144E+01  0.2390E+02
  -2.133  0.2010E+01  0.2392E+02
  -2.123  0.1651E+01  0.2394E+02
  -2.113  0.1348E+01  0.2396E+02
  -2.103  0.1101E+01  0.2397E+02
  -2.093  0.9098E+00  0.2398E+02
  -2.083  0.7438E+00  0.2399E+02
  -2.073  0.5361E+00  0.2399E+02
  -2.063  0.2840E+00  0.2400E+02
  -2.053  0.0000E+00  0.2400E+02
  -2.043  0.0000E+00  0.2400E+02
  -2.033  0.0000E+00  0.2400E+02
  -2.023  0.0000E+00  0.2400E+02
  -2.013  0.0000E+00  0.2400E+02
  -2.003  0.0000E+00  0.2400E+02
  -1.993  0.0000E+00  0.2400E+02
  -1.983  0.0000E+00  0.2400E+02
  -1.973  0.0000E+00  0.2400E+02
  -1.963  0.0000E+00  0.2400E+02
  -1.953  0.0000E+00  0.2400E+02
  -1.943  0.0000E+00  0.2400E+02
  -1.933  0.0000E+00  0.2400E+02
  -1.923  0.0000E+00  0.2400E+02
  -1.913  0.0000E+00  0.2400E+02
  -1.903  0.0000E+00  0.2400E+02
  -1.893  0.0000E+00  0.2400E+02
  -1.883  0.0000E+00  0.2400E+02
  -1.873  0.0000E+00  0.2400E+02
  -1.863  0.0000E+00  0.2400E+02
  -1.853  0.0000E+00  0.2400E+02
  -1.843  0.0000E+00  0.2400E+02
  -1.833  0.0000E+00  0.2400E+02
  -1.823  0.0000E+00  0.2400E+02
  -1.813  0.0000E+00  0.2400E+02
  -1.803  0.0000E+00  0.2400E+02
  -1.793  0.0000E+00  0.2400E+02
  -1.783  0.0000E+00  0.2400E+02
  -1.773  0.0000E+00  0.2400E+02
  -1.763  0.0000E+00  0.2400E+02
  -1.753  0.0000E+00  0.2400E+02
  -1.743  0.0000E+00  0.2400E+02
  -1.733  0.0000E+00  0.2400E+02
  -1.723  0.0000E+00  0.2400E+02
  -1.713  0.0000E+00  0.2400E+02
  -1.703  0.0000E+00  0.2400E+02
  -1.693  0.0000E+00  0.2400E+02
  -1.683  0.0000E+00  0.2400E+02
  -1.673  0.0000E+00  0.2400E+02
  -1.663  0.0000E+00  0.2400E+02
  -1.653  0.0000E+00  0.2400E+02
  -1.643  0.0000E+00  0.2400E+02
  -1.633  0.0000E+00  0.2400E+02
  -1.623  0.0000E+00  0.2400E+02
  -1.613  0.0000E+00  0.2400E+02
  -1.603  0.0000E+00  0.2400E+02
  -1.593  0.0000E+00  0.2400E+02
  -1.583  0.0000E+00  0.2400E+02
  -1.573  0.0000E+00  0.2400E+02
  -1.563  0.0000E+00  0.2400E+02
  -1.553  0.0000E+00  0.2400E+02
  -1.543  0.0000E+00  0.2400E+02
  -1.533  0.0000E+00  0.2400E+02
  -1.523  0.0000E+00  0.2400E+02
  -1.513  0.0000E+00  0.2400E+02
  -1.503  0.0000E+00  0.2400E+02
  -1.493  0.0000E+00  0.2400E+02
  -1.483  0.0000E+00  0.2400E+02
  -1.473  0.0000E+00  0.2400E+02
  -1.463  0.0000E+00  0.2400E+02
  -1.453  0.0000E+00  0.2400E+02
  -1.443  0.0000E+00  0.2400E+02
  -1.433  0.0000E+00  0.2400E+02
  -1.423  0.0000E+00  0.2400E+02
  -1.413  0.0000E+00  0.2400E+02
  -1.403  0.0000E+00  0.2400E+02
  -1.393  0.0000E+00  0.2400E+02
  -1.383  0.0000E+00  0.2400E+02
  -1.373  0.0000E+00  0.2400E+02
  -1.363  0.0000E+00  0.2400E+02
  -1.353  0.0000E+00  0.2400E+02
  -1.343  0.0000E+00  0.2400E+02
  -1.333  0.0000E+00  0.2400E+02
  -1.323  0.0000E+00  0.2400E+02
  -1.313  0.0000E+00  0.2400E+02
  -1.303  0.0000E+00  0.2400E+02
  -1.293  0.0000E+00  0.2400E+02
  -1.283  0.0000E+00  0.2400E+02
  -1.273  0.0000E+00  0.2400E+02
  -1.263  0.0000E+00  0.2400E+02
  -1.253  0.0000E+00  0.2400E+02
  -1.243  0.0000E+00  0.2400E+02
  -1.233  0.0000E+00  0.2400E+02
  -1.223  0.0000E+00  0.2400E+02
  -1.213  0.0000E+00  0.2400E+02
  -1.203  0.0000E+00  0.2400E+02
  -1.193  0.0000E+00  0.2400E+02
  -1.183  0.0000E+00  0.2400E+02
  -1.173  0.0000E+00  0.2400E+02
  -1.163  0.0000E+00  0.2400E+02
  -1.153  0.0000E+00  0.2400E+02
  -1.143  0.0000E+00  0.2400E+02
  -1.133  0.0000E+00  0.2400E+02
  -1.123  0.0000E+00  0.2400E+02
  -1.113  0.0000E+00  0.2400E+02
  -1.103  0.0000E+00  0.2400E+02
  -1.093  0.0000E+00  0.2400E+02
  -1.083  0.0000E+00  0.2400E+02
  -1.073  0.0000E+00  0.2400E+02
  -1.063  0.0000E+00  0.2400E+02
  -1.053  0.0000E+00  0.2400E+02
  -1.043  0.0000E+00  0.2400E+02
  -1.033  0.0000E+00  0.2400E+02
  -1.023  0.0000E+00  0.2400E+02
  -1.013  0.0000E+00  0.2400E+02
  -1.003  0.0000E+00  0.2400E+02
  -0.993  0.0000E+00  0.2400E+02
  -0.983  0.0000E+00  0.2400E+02
  -0.973  0.0000E+00  0.2400E+02
  -0.963  0.0000E+00  0.2400E+02
  -0.953  0.0000E+00  0.2400E+02
  -0.943  0.0000E+00  0.2400E+02
  -0.933  0.0000E+00  0.2400E+02
  -0.923  0.0000E+00  0.2400E+02
  -0.913  0.0000E+00  0.2400E+02
  -0.903  0.0000E+00  0.2400E+02
  -0.893  0.0000E+00  0.2400E+02
  -0.883  0.0000E+00  0.2400E+02
  -0.873  0.0000E+00  0.2400E+02
  -0.863  0.0000E+00  0.2400E+02
  -0.853  0.0000E+00  0.2400E+02
  -0.843  0.0000E+00  0.2400E+02
  -0.833  0.0000E+00  0.2400E+02
  -0.823  0.0000E+00  0.2400E+02
  -0.813  0.0000E+00  0.2400E+02
  -0.803  0.0000E+00  0.2400E+02
  -0.793  0.0000E+00  0.2400E+02
  -0.783  0.0000E+00  0.2400E+02
  -0.773  0.0000E+00  0.2400E+02
  -0.763  0.0000E+00  0.2400E+02
  -0.753  0.0000E+00  0.2400E+02
  -0.743  0.0000E+00  0.2400E+02
  -0.733  0.0000E+00  0.2400E+02
  -0.723  0.0000E+00  0.2400E+02
  -0.713  0.0000E+00  0.2400E+02
  -0.703  0.0000E+00  0.2400E+02
  -0.693  0.0000E+00  0.2400E+02
  -0.683  0.0000E+00  0.2400E+02
  -0.673  0.0000E+00  0.2400E+02
  -0.663  0.2074E+01  0.2401E+02
  -0.653  0.2381E+01  0.2404E+02
  -0.643  0.2934E+01  0.2406E+02
  -0.633  0.4105E+01  0.2410E+02
  -0.623  0.5617E+01  0.2414E+02
  -0.613  0.7806E+01  0.2421E+02
  -0.603  0.1307E+02  0.2433E+02
  -0.593  0.1104E+02  0.2444E+02
  -0.583  0.1092E+02  0.2456E+02
  -0.573  0.1102E+02  0.2467E+02
  -0.563  0.1137E+02  0.2478E+02
  -0.553  0.1181E+02  0.2489E+02
  -0.543  0.1271E+02  0.2501E+02
  -0.533  0.1385E+02  0.2515E+02
  -0.523  0.1353E+02  0.2529E+02
  -0.513  0.1265E+02  0.2542E+02
  -0.503  0.1156E+02  0.2554E+02
  -0.493  0.8805E+01  0.2564E+02
  -0.483  0.8077E+01  0.2572E+02
  -0.473  0.7457E+01  0.2580E+02
  -0.463  0.6952E+01  0.2587E+02
  -0.453  0.6552E+01  0.2594E+02
  -0.443  0.6399E+01  0.2600E+02
  -0.433  0.6218E+01  0.2607E+02
  -0.423  0.5872E+01  0.2613E+02
  -0.413  0.5587E+01  0.2618E+02
  -0.403  0.5357E+01  0.2624E+02
  -0.393  0.5140E+01  0.2629E+02
  -0.383  0.5195E+01  0.2634E+02
  -0.373  0.5259E+01  0.2639E+02
  -0.363  0.5314E+01  0.2645E+02
  -0.353  0.5363E+01  0.2650E+02
  -0.343  0.5387E+01  0.2656E+02
  -0.333  0.5568E+01  0.2661E+02
  -0.323  0.5942E+01  0.2667E+02
  -0.313  0.6477E+01  0.2673E+02
  -0.303  0.7320E+01  0.2680E+02
  -0.293  0.8527E+01  0.2688E+02
  -0.283  0.8638E+01  0.2697E+02
  -0.273  0.8435E+01  0.2706E+02
  -0.263  0.7651E+01  0.2714E+02
  -0.253  0.7909E+01  0.2722E+02
  -0.243  0.7701E+01  0.2729E+02
  -0.233  0.8235E+01  0.2737E+02
  -0.223  0.8453E+01  0.2746E+02
  -0.213  0.8002E+01  0.2754E+02
  -0.203  0.7428E+01  0.2762E+02
  -0.193  0.6862E+01  0.2769E+02
  -0.183  0.6394E+01  0.2775E+02
  -0.173  0.5582E+01  0.2781E+02
  -0.163  0.5091E+01  0.2787E+02
  -0.153  0.4897E+01  0.2792E+02
  -0.143  0.4808E+01  0.2797E+02
  -0.133  0.4817E+01  0.2801E+02
  -0.123  0.5410E+01  0.2806E+02
  -0.113  0.5897E+01  0.2812E+02
  -0.103  0.6277E+01  0.2818E+02
  -0.093  0.6558E+01  0.2825E+02
  -0.083  0.6341E+01  0.2832E+02
  -0.073  0.6990E+01  0.2838E+02
  -0.063  0.7808E+01  0.2846E+02
  -0.053  0.8959E+01  0.2854E+02
  -0.043  0.9994E+01  0.2864E+02
  -0.033  0.1056E+02  0.2874E+02
  -0.023  0.1103E+02  0.2885E+02
  -0.013  0.1190E+02  0.2896E+02
  -0.003  0.1633E+02  0.2910E+02
   0.007  0.1247E+02  0.2925E+02
   0.017  0.7555E+01  0.2935E+02
   0.027  0.6037E+01  0.2941E+02
   0.037  0.5534E+01  0.2947E+02
   0.047  0.5305E+01  0.2953E+02
   0.057  0.5141E+01  0.2958E+02
   0.067  0.4983E+01  0.2963E+02
   0.077  0.4820E+01  0.2968E+02
   0.087  0.4654E+01  0.2972E+02
   0.097  0.4483E+01  0.2977E+02
   0.107  0.5786E+01  0.2982E+02
   0.117  0.5178E+01  0.2988E+02
   0.127  0.3738E+01  0.2992E+02
   0.137  0.3043E+01  0.2996E+02
   0.147  0.2020E+01  0.2998E+02
   0.157  0.7437E+00  0.3000E+02
   0.167  0.4799E-01  0.3000E+02
   0.177  0.3037E+00  0.3000E+02
   0.187  0.6865E+00  0.3001E+02
   0.197  0.1162E+01  0.3002E+02
   0.207  0.1726E+01  0.3003E+02
   0.217  0.2291E+01  0.3005E+02
   0.227  0.2840E+01  0.3008E+02
   0.237  0.3413E+01  0.3011E+02
   0.247  0.4031E+01  0.3014E+02
   0.257  0.4739E+01  0.3019E+02
   0.267  0.5891E+01  0.3024E+02
   0.277  0.7835E+01  0.3031E+02
   0.287  0.1049E+02  0.3040E+02
   0.297  0.1453E+02  0.3052E+02
   0.307  0.1863E+02  0.3069E+02
   0.317  0.1870E+02  0.3088E+02
   0.327  0.1336E+02  0.3104E+02
   0.337  0.1132E+02  0.3116E+02
   0.347  0.9587E+01  0.3127E+02
   0.357  0.8225E+01  0.3136E+02
   0.367  0.7275E+01  0.3144E+02
   0.377  0.6441E+01  0.3150E+02
   0.387  0.6055E+01  0.3156E+02
   0.397  0.5249E+01  0.3162E+02
   0.407  0.4689E+01  0.3167E+02
   0.417  0.4371E+01  0.3172E+02
   0.427  0.4022E+01  0.3176E+02
   0.437  0.3705E+01  0.3180E+02
   0.447  0.3418E+01  0.3183E+02
   0.457  0.3161E+01  0.3186E+02
   0.467  0.4779E+01  0.3190E+02
   0.477  0.2887E+01  0.3194E+02
   0.487  0.2881E+01  0.3196E+02
   0.497  0.3830E+01  0.3200E+02
   0.507  0.3869E+01  0.3204E+02
   0.517  0.5899E+01  0.3209E+02
   0.527  0.8200E+01  0.3216E+02
   0.537  0.9956E+01  0.3225E+02
   0.547  0.1342E+02  0.3236E+02
   0.557  0.1661E+02  0.3252E+02
   0.567  0.1954E+02  0.3269E+02
   0.577  0.1863E+02  0.3289E+02
   0.587  0.1700E+02  0.3307E+02
   0.597  0.1619E+02  0.3324E+02
   0.607  0.1474E+02  0.3339E+02
   0.617  0.1288E+02  0.3353E+02
   0.627  0.1078E+02  0.3365E+02
   0.637  0.8025E+01  0.3374E+02
   0.647  0.4517E+01  0.3381E+02
   0.657  0.1337E+01  0.3384E+02
   0.667  0.1234E+01  0.3385E+02
   0.677  0.1131E+01  0.3386E+02
   0.687  0.1029E+01  0.3387E+02
   0.697  0.9413E+00  0.3388E+02
   0.707  0.8707E+00  0.3389E+02
   0.717  0.8109E+00  0.3390E+02
   0.727  0.7585E+00  0.3391E+02
   0.737  0.6720E+01  0.3392E+02
   0.747  0.5017E+01  0.3397E+02
   0.757  0.3971E+01  0.3400E+02
   0.767  0.3645E+01  0.3405E+02
   0.777  0.3647E+01  0.3408E+02
   0.787  0.3684E+01  0.3412E+02
   0.797  0.3810E+01  0.3416E+02
   0.807  0.4346E+01  0.3420E+02
   0.817  0.5336E+01  0.3425E+02
   0.827  0.6362E+01  0.3430E+02
   0.837  0.7025E+01  0.3437E+02
   0.847  0.7639E+01  0.3445E+02
   0.857  0.8141E+01  0.3452E+02
   0.867  0.6875E+01  0.3460E+02
   0.877  0.6277E+01  0.3466E+02
   0.887  0.5928E+01  0.3472E+02
   0.897  0.6007E+01  0.3478E+02
   0.907  0.6340E+01  0.3484E+02
   0.917  0.6793E+01  0.3491E+02
   0.927  0.7226E+01  0.3498E+02
   0.937  0.7710E+01  0.3505E+02
   0.947  0.8250E+01  0.3513E+02
   0.957  0.9093E+01  0.3522E+02
   0.967  0.1035E+02  0.3532E+02
   0.977  0.1142E+02  0.3543E+02
   0.987  0.1224E+02  0.3555E+02
   0.997  0.1293E+02  0.3567E+02
   1.007  0.1218E+02  0.3580E+02
   1.017  0.1181E+02  0.3592E+02
   1.027  0.1146E+02  0.3603E+02
   1.037  0.1073E+02  0.3614E+02
   1.047  0.1029E+02  0.3625E+02
   1.057  0.9964E+01  0.3635E+02
   1.067  0.9366E+01  0.3645E+02
   1.077  0.8946E+01  0.3654E+02
   1.087  0.1059E+02  0.3664E+02
   1.097  0.1278E+02  0.3675E+02
   1.107  0.1735E+02  0.3691E+02
   1.117  0.1155E+02  0.3705E+02
   1.127  0.8901E+01  0.3715E+02
   1.137  0.7600E+01  0.3723E+02
   1.147  0.6603E+01  0.3730E+02
   1.157  0.5822E+01  0.3736E+02
   1.167  0.5509E+01  0.3742E+02
   1.177  0.5308E+01  0.3747E+02
   1.187  0.5129E+01  0.3753E+02
   1.197  0.4986E+01  0.3758E+02
   1.207  0.4919E+01  0.3763E+02
   1.217  0.4891E+01  0.3768E+02
   1.227  0.4847E+01  0.3772E+02
   1.237  0.4784E+01  0.3777E+02
   1.247  0.4703E+01  0.3782E+02
   1.257  0.4635E+01  0.3787E+02
   1.267  0.5896E+01  0.3792E+02
   1.277  0.5814E+01  0.3798E+02
   1.287  0.6093E+01  0.3804E+02
   1.297  0.6572E+01  0.3810E+02
   1.307  0.7263E+01  0.3817E+02
   1.317  0.8112E+01  0.3825E+02
   1.327  0.8892E+01  0.3833E+02
   1.337  0.9454E+01  0.3842E+02
   1.347  0.9867E+01  0.3852E+02
   1.357  0.1041E+02  0.3862E+02
   1.367  0.1107E+02  0.3873E+02
   1.377  0.1180E+02  0.3884E+02
   1.387  0.1186E+02  0.3896E+02
   1.397  0.1208E+02  0.3908E+02
   1.407  0.1234E+02  0.3920E+02
   1.417  0.1256E+02  0.3933E+02
   1.427  0.1209E+02  0.3945E+02
   1.437  0.1104E+02  0.3957E+02
   1.447  0.1018E+02  0.3967E+02
   1.457  0.8687E+01  0.3977E+02
   1.467  0.7389E+01  0.3985E+02
   1.477  0.6198E+01  0.3991E+02
   1.487  0.5393E+01  0.3997E+02
   1.497  0.4716E+01  0.4003E+02
   1.507  0.4800E+01  0.4007E+02
   1.517  0.4952E+01  0.4012E+02
   1.527  0.5343E+01  0.4017E+02
   1.537  0.5948E+01  0.4023E+02
   1.547  0.7034E+01  0.4029E+02
   1.557  0.9140E+01  0.4037E+02
   1.567  0.1019E+02  0.4048E+02
   1.577  0.9757E+01  0.4058E+02
   1.587  0.1003E+02  0.4067E+02
   1.597  0.1150E+02  0.4078E+02
   1.607  0.1229E+02  0.4090E+02
   1.617  0.1321E+02  0.4103E+02
   1.627  0.1429E+02  0.4116E+02
   1.637  0.1620E+02  0.4131E+02
   1.647  0.1791E+02  0.4149E+02
   1.657  0.1796E+02  0.4167E+02
   1.667  0.1130E+02  0.4182E+02
   1.677  0.7012E+01  0.4191E+02
   1.687  0.3533E+01  0.4196E+02
   1.697  0.1597E+01  0.4199E+02
   1.707  0.0000E+00  0.4200E+02
   1.717  0.8029E-02  0.4200E+02
   1.727  0.1297E+00  0.4200E+02
   1.737  0.4182E+00  0.4200E+02
   1.747  0.1061E+01  0.4201E+02
   1.757  0.1968E+01  0.4203E+02
   1.767  0.2962E+01  0.4205E+02
   1.777  0.4235E+01  0.4209E+02
   1.787  0.5967E+01  0.4214E+02
   1.797  0.7258E+01  0.4220E+02
   1.807  0.8471E+01  0.4228E+02
   1.817  0.9542E+01  0.4237E+02
   1.827  0.1136E+02  0.4248E+02
   1.837  0.1303E+02  0.4261E+02
   1.847  0.1242E+02  0.4274E+02
   1.857  0.1142E+02  0.4286E+02
   1.867  0.1087E+02  0.4297E+02
   1.877  0.1039E+02  0.4308E+02
   1.887  0.9969E+01  0.4318E+02
   1.897  0.9444E+01  0.4327E+02
   1.907  0.8408E+01  0.4336E+02
   1.917  0.6973E+01  0.4344E+02
   1.927  0.5764E+01  0.4350E+02
   1.937  0.4788E+01  0.4356E+02
   1.947  0.4167E+01  0.4360E+02
   1.957  0.3793E+01  0.4364E+02
   1.967  0.4585E+01  0.4368E+02
   1.977  0.4844E+01  0.4373E+02
   1.987  0.5141E+01  0.4378E+02
   1.997  0.5475E+01  0.4383E+02
   2.007  0.4774E+01  0.4389E+02
   2.017  0.4624E+01  0.4394E+02
   2.027  0.4753E+01  0.4398E+02
   2.037  0.4592E+01  0.4403E+02
   2.047  0.4110E+01  0.4407E+02
   2.057  0.4262E+01  0.4411E+02
   2.067  0.4417E+01  0.4416E+02
   2.077  0.4574E+01  0.4420E+02
   2.087  0.4733E+01  0.4425E+02
   2.097  0.4931E+01  0.4430E+02
   2.107  0.4483E+01  0.4435E+02
   2.117  0.4512E+01  0.4439E+02
   2.127  0.4604E+01  0.4444E+02
   2.137  0.4713E+01  0.4448E+02
   2.147  0.4840E+01  0.4453E+02
   2.157  0.5288E+01  0.4459E+02
   2.167  0.5500E+01  0.4464E+02
   2.177  0.5770E+01  0.4470E+02
   2.187  0.6111E+01  0.4476E+02
   2.197  0.6930E+01  0.4482E+02
   2.207  0.7757E+01  0.4489E+02
   2.217  0.8879E+01  0.4498E+02
   2.227  0.9732E+01  0.4507E+02
   2.237  0.1054E+02  0.4517E+02
   2.247  0.1102E+02  0.4528E+02
   2.257  0.1142E+02  0.4539E+02
   2.267  0.1139E+02  0.4550E+02
   2.277  0.1116E+02  0.4562E+02
   2.287  0.1074E+02  0.4573E+02
   2.297  0.1012E+02  0.4583E+02
   2.307  0.9139E+01  0.4593E+02
   2.317  0.7555E+01  0.4601E+02
   2.327  0.5754E+01  0.4608E+02
   2.337  0.4542E+01  0.4613E+02
   2.347  0.4795E+01  0.4618E+02
   2.357  0.5311E+01  0.4623E+02
   2.367  0.5784E+01  0.4628E+02
   2.377  0.6303E+01  0.4634E+02
   2.387  0.6828E+01  0.4641E+02
   2.397  0.7425E+01  0.4648E+02
   2.407  0.7569E+01  0.4655E+02
   2.417  0.7191E+01  0.4663E+02
   2.427  0.7313E+01  0.4670E+02
   2.437  0.7719E+01  0.4678E+02
   2.447  0.8314E+01  0.4686E+02
   2.457  0.9177E+01  0.4694E+02
   2.467  0.1046E+02  0.4704E+02
   2.477  0.1188E+02  0.4715E+02
   2.487  0.1293E+02  0.4728E+02
   2.497  0.1312E+02  0.4741E+02
   2.507  0.1250E+02  0.4754E+02
   2.517  0.1285E+02  0.4766E+02
   2.527  0.1275E+02  0.4779E+02
   2.537  0.9561E+01  0.4791E+02
   2.547  0.3396E+01  0.4796E+02
   2.557  0.1721E+01  0.4798E+02
   2.567  0.7757E+00  0.4800E+02
