#  E (eV)   dos(E)     Int dos(E) EFermi =    2.576 eV
 -16.773  0.0000E+00  0.0000E+00
 -16.763  0.3563E-01  0.1188E-03
 -16.753  0.1425E+00  0.9501E-03
 -16.743  0.3207E+00  0.3207E-02
 -16.733  0.5533E+00  0.7550E-02
 -16.723  0.7512E+00  0.1426E-01
 -16.713  0.8129E+00  0.2212E-01
 -16.703  0.8317E+00  0.3037E-01
 -16.693  0.8525E+00  0.3869E-01
 -16.683  0.9388E+00  0.4764E-01
 -16.673  0.1028E+01  0.5747E-01
 -16.663  0.1119E+01  0.6821E-01
 -16.653  0.1214E+01  0.7987E-01
 -16.643  0.1307E+01  0.9248E-01
 -16.633  0.1392E+01  0.1060E+00
 -16.623  0.1457E+01  0.1202E+00
 -16.613  0.1500E+01  0.1350E+00
 -16.603  0.1548E+01  0.1503E+00
 -16.593  0.1597E+01  0.1660E+00
 -16.583  0.1650E+01  0.1822E+00
 -16.573  0.1710E+01  0.1990E+00
 -16.563  0.1777E+01  0.2164E+00
 -16.553  0.1845E+01  0.2346E+00
 -16.543  0.1914E+01  0.2534E+00
 -16.533  0.1983E+01  0.2728E+00
 -16.523  0.2054E+01  0.2930E+00
 -16.513  0.2131E+01  0.3139E+00
 -16.503  0.2215E+01  0.3357E+00
 -16.493  0.2304E+01  0.3583E+00
 -16.483  0.2395E+01  0.3817E+00
 -16.473  0.2482E+01  0.4061E+00
 -16.463  0.2558E+01  0.4313E+00
 -16.453  0.2643E+01  0.4573E+00
 -16.443  0.2738E+01  0.4842E+00
 -16.433  0.2837E+01  0.5121E+00
 -16.423  0.2941E+01  0.5410E+00
 -16.413  0.3048E+01  0.5709E+00
 -16.403  0.3159E+01  0.6019E+00
 -16.393  0.3292E+01  0.6342E+00
 -16.383  0.3487E+01  0.6680E+00
 -16.373  0.3690E+01  0.7039E+00
 -16.363  0.3908E+01  0.7419E+00
 -16.353  0.4140E+01  0.7821E+00
 -16.343  0.4387E+01  0.8247E+00
 -16.333  0.4648E+01  0.8699E+00
 -16.323  0.4930E+01  0.9178E+00
 -16.313  0.5235E+01  0.9686E+00
 -16.303  0.5561E+01  0.1023E+01
 -16.293  0.5846E+01  0.1080E+01
 -16.283  0.8537E+01  0.1145E+01
 -16.273  0.7405E+01  0.1230E+01
 -16.263  0.7740E+01  0.1305E+01
 -16.253  0.8156E+01  0.1385E+01
 -16.243  0.8435E+01  0.1468E+01
 -16.233  0.8543E+01  0.1553E+01
 -16.223  0.9386E+01  0.1640E+01
 -16.213  0.1031E+02  0.1745E+01
 -16.203  0.7476E+01  0.1833E+01
 -16.193  0.6015E+01  0.1901E+01
 -16.183  0.4632E+01  0.1957E+01
 -16.173  0.2226E+01  0.1985E+01
 -16.163  0.1550E+01  0.2003E+01
 -16.153  0.1267E+01  0.2017E+01
 -16.143  0.1263E+01  0.2030E+01
 -16.133  0.5188E+00  0.2038E+01
 -16.123  0.5641E+00  0.2043E+01
 -16.113  0.6116E+00  0.2049E+01
 -16.103  0.6610E+00  0.2055E+01
 -16.093  0.7120E+00  0.2062E+01
 -16.083  0.7649E+00  0.2070E+01
 -16.073  0.8194E+00  0.2078E+01
 -16.063  0.8755E+00  0.2086E+01
 -16.053  0.9288E+00  0.2095E+01
 -16.043  0.9768E+00  0.2105E+01
 -16.033  0.1023E+01  0.2115E+01
 -16.023  0.1067E+01  0.2125E+01
 -16.013  0.1109E+01  0.2136E+01
 -16.003  0.1149E+01  0.2147E+01
 -15.993  0.1231E+01  0.2159E+01
 -15.983  0.1366E+01  0.2172E+01
 -15.973  0.1443E+01  0.2186E+01
 -15.963  0.1514E+01  0.2201E+01
 -15.953  0.1586E+01  0.2216E+01
 -15.943  0.1661E+01  0.2233E+01
 -15.933  0.1737E+01  0.2250E+01
 -15.923  0.2141E+01  0.2270E+01
 -15.913  0.2341E+01  0.2293E+01
 -15.903  0.2573E+01  0.2317E+01
 -15.893  0.2698E+01  0.2343E+01
 -15.883  0.2978E+01  0.2372E+01
 -15.873  0.3299E+01  0.2403E+01
 -15.863  0.3661E+01  0.2438E+01
 -15.853  0.4065E+01  0.2476E+01
 -15.843  0.4517E+01  0.2519E+01
 -15.833  0.5020E+01  0.2567E+01
 -15.823  0.5574E+01  0.2620E+01
 -15.813  0.6241E+01  0.2679E+01
 -15.803  0.8032E+01  0.2749E+01
 -15.793  0.1453E+02  0.2852E+01
 -15.783  0.1976E+02  0.3047E+01
 -15.773  0.1039E+02  0.3196E+01
 -15.763  0.6822E+01  0.3278E+01
 -15.753  0.5786E+01  0.3340E+01
 -15.743  0.5132E+01  0.3394E+01
 -15.733  0.4556E+01  0.3443E+01
 -15.723  0.4057E+01  0.3486E+01
 -15.713  0.3635E+01  0.3524E+01
 -15.703  0.3337E+01  0.3559E+01
 -15.693  0.3032E+01  0.3591E+01
 -15.683  0.2759E+01  0.3620E+01
 -15.673  0.2519E+01  0.3646E+01
 -15.663  0.2315E+01  0.3670E+01
 -15.653  0.2140E+01  0.3692E+01
 -15.643  0.1882E+01  0.3713E+01
 -15.633  0.1797E+01  0.3731E+01
 -15.623  0.1730E+01  0.3749E+01
 -15.613  0.1664E+01  0.3765E+01
 -15.603  0.1598E+01  0.3782E+01
 -15.593  0.1532E+01  0.3797E+01
 -15.583  0.1467E+01  0.3812E+01
 -15.573  0.1367E+01  0.3827E+01
 -15.563  0.1244E+01  0.3840E+01
 -15.553  0.1146E+01  0.3852E+01
 -15.543  0.1109E+01  0.3863E+01
 -15.533  0.1081E+01  0.3874E+01
 -15.523  0.1044E+01  0.3884E+01
 -15.513  0.9934E+00  0.3895E+01
 -15.503  0.9299E+00  0.3904E+01
 -15.493  0.8687E+00  0.3913E+01
 -15.483  0.8097E+00  0.3922E+01
 -15.473  0.7529E+00  0.3929E+01
 -15.463  0.6983E+00  0.3937E+01
 -15.453  0.6460E+00  0.3943E+01
 -15.443  0.7411E+00  0.3950E+01
 -15.433  0.7498E+00  0.3958E+01
 -15.423  0.7708E+00  0.3965E+01
 -15.413  0.8042E+00  0.3973E+01
 -15.403  0.8499E+00  0.3981E+01
 -15.393  0.9080E+00  0.3990E+01
 -15.383  0.9332E+00  0.3999E+01
 -15.373  0.1013E+01  0.4009E+01
 -15.363  0.1110E+01  0.4020E+01
 -15.353  0.1223E+01  0.4031E+01
 -15.343  0.1353E+01  0.4044E+01
 -15.333  0.1499E+01  0.4058E+01
 -15.323  0.1661E+01  0.4074E+01
 -15.313  0.1880E+01  0.4092E+01
 -15.303  0.2630E+01  0.4114E+01
 -15.293  0.4117E+01  0.4147E+01
 -15.283  0.4094E+01  0.4189E+01
 -15.273  0.4161E+01  0.4229E+01
 -15.263  0.4456E+01  0.4272E+01
 -15.253  0.4718E+01  0.4318E+01
 -15.243  0.5062E+01  0.4367E+01
 -15.233  0.5945E+01  0.4421E+01
 -15.223  0.8032E+01  0.4491E+01
 -15.213  0.1099E+02  0.4584E+01
 -15.203  0.1580E+02  0.4719E+01
 -15.193  0.1604E+02  0.4882E+01
 -15.183  0.9341E+01  0.5011E+01
 -15.173  0.6440E+01  0.5087E+01
 -15.163  0.5250E+01  0.5144E+01
 -15.153  0.4725E+01  0.5194E+01
 -15.143  0.4306E+01  0.5239E+01
 -15.133  0.3936E+01  0.5280E+01
 -15.123  0.3609E+01  0.5318E+01
 -15.113  0.3314E+01  0.5353E+01
 -15.103  0.3039E+01  0.5384E+01
 -15.093  0.2781E+01  0.5414E+01
 -15.083  0.2635E+01  0.5441E+01
 -15.073  0.2523E+01  0.5466E+01
 -15.063  0.2417E+01  0.5491E+01
 -15.053  0.2315E+01  0.5515E+01
 -15.043  0.2219E+01  0.5537E+01
 -15.033  0.2135E+01  0.5559E+01
 -15.023  0.2053E+01  0.5580E+01
 -15.013  0.1976E+01  0.5600E+01
 -15.003  0.1902E+01  0.5620E+01
 -14.993  0.1828E+01  0.5638E+01
 -14.983  0.1755E+01  0.5656E+01
 -14.973  0.1685E+01  0.5673E+01
 -14.963  0.1620E+01  0.5690E+01
 -14.953  0.1562E+01  0.5706E+01
 -14.943  0.1510E+01  0.5721E+01
 -14.933  0.1465E+01  0.5736E+01
 -14.923  0.1421E+01  0.5750E+01
 -14.913  0.1377E+01  0.5764E+01
 -14.903  0.1334E+01  0.5778E+01
 -14.893  0.1291E+01  0.5791E+01
 -14.883  0.1250E+01  0.5804E+01
 -14.873  0.1211E+01  0.5816E+01
 -14.863  0.1173E+01  0.5828E+01
 -14.853  0.1134E+01  0.5840E+01
 -14.843  0.1095E+01  0.5851E+01
 -14.833  0.1049E+01  0.5861E+01
 -14.823  0.1014E+01  0.5872E+01
 -14.813  0.9868E+00  0.5882E+01
 -14.803  0.9530E+00  0.5891E+01
 -14.793  0.9142E+00  0.5901E+01
 -14.783  0.8723E+00  0.5910E+01
 -14.773  0.8272E+00  0.5918E+01
 -14.763  0.7815E+00  0.5926E+01
 -14.753  0.7368E+00  0.5934E+01
 -14.743  0.6931E+00  0.5941E+01
 -14.733  0.6504E+00  0.5948E+01
 -14.723  0.6086E+00  0.5954E+01
 -14.713  0.5677E+00  0.5960E+01
 -14.703  0.5384E+00  0.5965E+01
 -14.693  0.5444E+00  0.5971E+01
 -14.683  0.5397E+00  0.5976E+01
 -14.673  0.3454E+01  0.5985E+01
 -14.663  0.2153E+02  0.6143E+01
 -14.653  0.2287E+02  0.6355E+01
 -14.643  0.1234E+03  0.6818E+01
 -14.633  0.2866E+02  0.7318E+01
 -14.623  0.3023E+02  0.7596E+01
 -14.613  0.5402E+02  0.7972E+01
 -14.603  0.6366E+02  0.8614E+01
 -14.593  0.5217E+02  0.9185E+01
 -14.583  0.4421E+02  0.9629E+01
 -14.573  0.9479E+02  0.1034E+02
 -14.563  0.5414E+02  0.1116E+02
 -14.553  0.2928E+02  0.1155E+02
 -14.543  0.1898E+02  0.1179E+02
 -14.533  0.9410E+01  0.1193E+02
 -14.523  0.2893E+01  0.1199E+02
 -14.513  0.0000E+00  0.1200E+02
 -14.503  0.0000E+00  0.1200E+02
 -14.493  0.0000E+00  0.1200E+02
 -14.483  0.0000E+00  0.1200E+02
 -14.473  0.0000E+00  0.1200E+02
 -14.463  0.0000E+00  0.1200E+02
 -14.453  0.0000E+00  0.1200E+02
 -14.443  0.0000E+00  0.1200E+02
 -14.433  0.0000E+00  0.1200E+02
 -14.423  0.0000E+00  0.1200E+02
 -14.413  0.0000E+00  0.1200E+02
 -14.403  0.0000E+00  0.1200E+02
 -14.393  0.0000E+00  0.1200E+02
 -14.383  0.0000E+00  0.1200E+02
 -14.373  0.0000E+00  0.1200E+02
 -14.363  0.0000E+00  0.1200E+02
 -14.353  0.0000E+00  0.1200E+02
 -14.343  0.0000E+00  0.1200E+02
 -14.333  0.0000E+00  0.1200E+02
 -14.323  0.0000E+00  0.1200E+02
 -14.313  0.0000E+00  0.1200E+02
 -14.303  0.0000E+00  0.1200E+02
 -14.293  0.0000E+00  0.1200E+02
 -14.283  0.0000E+00  0.1200E+02
 -14.273  0.0000E+00  0.1200E+02
 -14.263  0.0000E+00  0.1200E+02
 -14.253  0.0000E+00  0.1200E+02
 -14.243  0.0000E+00  0.1200E+02
 -14.233  0.0000E+00  0.1200E+02
 -14.223  0.0000E+00  0.1200E+02
 -14.213  0.0000E+00  0.1200E+02
 -14.203  0.0000E+00  0.1200E+02
 -14.193  0.0000E+00  0.1200E+02
 -14.183  0.0000E+00  0.1200E+02
 -14.173  0.0000E+00  0.1200E+02
 -14.163  0.0000E+00  0.1200E+02
 -14.153  0.0000E+00  0.1200E+02
 -14.143  0.0000E+00  0.1200E+02
 -14.133  0.0000E+00  0.1200E+02
 -14.123  0.0000E+00  0.1200E+02
 -14.113  0.0000E+00  0.1200E+02
 -14.103  0.0000E+00  0.1200E+02
 -14.093  0.0000E+00  0.1200E+02
 -14.083  0.0000E+00  0.1200E+02
 -14.073  0.0000E+00  0.1200E+02
 -14.063  0.0000E+00  0.1200E+02
 -14.053  0.0000E+00  0.1200E+02
 -14.043  0.0000E+00  0.1200E+02
 -14.033  0.0000E+00  0.1200E+02
 -14.023  0.0000E+00  0.1200E+02
 -14.013  0.0000E+00  0.1200E+02
 -14.003  0.0000E+00  0.1200E+02
 -13.993  0.0000E+00  0.1200E+02
 -13.983  0.0000E+00  0.1200E+02
 -13.973  0.0000E+00  0.1200E+02
 -13.963  0.0000E+00  0.1200E+02
 -13.953  0.0000E+00  0.1200E+02
 -13.943  0.0000E+00  0.1200E+02
 -13.933  0.0000E+00  0.1200E+02
 -13.923  0.0000E+00  0.1200E+02
 -13.913  0.0000E+00  0.1200E+02
 -13.903  0.0000E+00  0.1200E+02
 -13.893  0.0000E+00  0.1200E+02
 -13.883  0.0000E+00  0.1200E+02
 -13.873  0.0000E+00  0.1200E+02
 -13.863  0.0000E+00  0.1200E+02
 -13.853  0.0000E+00  0.1200E+02
 -13.843  0.0000E+00  0.1200E+02
 -13.833  0.0000E+00  0.1200E+02
 -13.823  0.0000E+00  0.1200E+02
 -13.813  0.0000E+00  0.1200E+02
 -13.803  0.0000E+00  0.1200E+02
 -13.793  0.0000E+00  0.1200E+02
 -13.783  0.0000E+00  0.1200E+02
 -13.773  0.0000E+00  0.1200E+02
 -13.763  0.0000E+00  0.1200E+02
 -13.753  0.0000E+00  0.1200E+02
 -13.743  0.0000E+00  0.1200E+02
 -13.733  0.0000E+00  0.1200E+02
 -13.723  0.0000E+00  0.1200E+02
 -13.713  0.0000E+00  0.1200E+02
 -13.703  0.0000E+00  0.1200E+02
 -13.693  0.0000E+00  0.1200E+02
 -13.683  0.0000E+00  0.1200E+02
 -13.673  0.0000E+00  0.1200E+02
 -13.663  0.0000E+00  0.1200E+02
 -13.653  0.0000E+00  0.1200E+02
 -13.643  0.0000E+00  0.1200E+02
 -13.633  0.0000E+00  0.1200E+02
 -13.623  0.0000E+00  0.1200E+02
 -13.613  0.0000E+00  0.1200E+02
 -13.603  0.0000E+00  0.1200E+02
 -13.593  0.0000E+00  0.1200E+02
 -13.583  0.0000E+00  0.1200E+02
 -13.573  0.0000E+00  0.1200E+02
 -13.563  0.0000E+00  0.1200E+02
 -13.553  0.0000E+00  0.1200E+02
 -13.543  0.0000E+00  0.1200E+02
 -13.533  0.0000E+00  0.1200E+02
 -13.523  0.0000E+00  0.1200E+02
 -13.513  0.0000E+00  0.1200E+02
 -13.503  0.0000E+00  0.1200E+02
 -13.493  0.0000E+00  0.1200E+02
 -13.483  0.0000E+00  0.1200E+02
 -13.473  0.0000E+00  0.1200E+02
 -13.463  0.0000E+00  0.1200E+02
 -13.453  0.0000E+00  0.1200E+02
 -13.443  0.0000E+00  0.1200E+02
 -13.433  0.0000E+00  0.1200E+02
 -13.423  0.0000E+00  0.1200E+02
 -13.413  0.0000E+00  0.1200E+02
 -13.403  0.0000E+00  0.1200E+02
 -13.393  0.0000E+00  0.1200E+02
 -13.383  0.0000E+00  0.1200E+02
 -13.373  0.0000E+00  0.1200E+02
 -13.363  0.0000E+00  0.1200E+02
 -13.353  0.0000E+00  0.1200E+02
 -13.343  0.0000E+00  0.1200E+02
 -13.333  0.0000E+00  0.1200E+02
 -13.323  0.0000E+00  0.1200E+02
 -13.313  0.0000E+00  0.1200E+02
 -13.303  0.0000E+00  0.1200E+02
 -13.293  0.0000E+00  0.1200E+02
 -13.283  0.0000E+00  0.1200E+02
 -13.273  0.0000E+00  0.1200E+02
 -13.263  0.0000E+00  0.1200E+02
 -13.253  0.0000E+00  0.1200E+02
 -13.243  0.0000E+00  0.1200E+02
 -13.233  0.0000E+00  0.1200E+02
 -13.223  0.0000E+00  0.1200E+02
 -13.213  0.0000E+00  0.1200E+02
 -13.203  0.0000E+00  0.1200E+02
 -13.193  0.0000E+00  0.1200E+02
 -13.183  0.0000E+00  0.1200E+02
 -13.173  0.0000E+00  0.1200E+02
 -13.163  0.0000E+00  0.1200E+02
 -13.153  0.0000E+00  0.1200E+02
 -13.143  0.0000E+00  0.1200E+02
 -13.133  0.0000E+00  0.1200E+02
 -13.123  0.0000E+00  0.1200E+02
 -13.113  0.0000E+00  0.1200E+02
 -13.103  0.0000E+00  0.1200E+02
 -13.093  0.0000E+00  0.1200E+02
 -13.083  0.0000E+00  0.1200E+02
 -13.073  0.0000E+00  0.1200E+02
 -13.063  0.0000E+00  0.1200E+02
 -13.053  0.0000E+00  0.1200E+02
 -13.043  0.0000E+00  0.1200E+02
 -13.033  0.0000E+00  0.1200E+02
 -13.023  0.0000E+00  0.1200E+02
 -13.013  0.0000E+00  0.1200E+02
 -13.003  0.0000E+00  0.1200E+02
 -12.993  0.0000E+00  0.1200E+02
 -12.983  0.0000E+00  0.1200E+02
 -12.973  0.0000E+00  0.1200E+02
 -12.963  0.0000E+00  0.1200E+02
 -12.953  0.0000E+00  0.1200E+02
 -12.943  0.0000E+00  0.1200E+02
 -12.933  0.0000E+00  0.1200E+02
 -12.923  0.0000E+00  0.1200E+02
 -12.913  0.0000E+00  0.1200E+02
 -12.903  0.0000E+00  0.1200E+02
 -12.893  0.0000E+00  0.1200E+02
 -12.883  0.0000E+00  0.1200E+02
 -12.873  0.0000E+00  0.1200E+02
 -12.863  0.0000E+00  0.1200E+02
 -12.853  0.0000E+00  0.1200E+02
 -12.843  0.0000E+00  0.1200E+02
 -12.833  0.0000E+00  0.1200E+02
 -12.823  0.0000E+00  0.1200E+02
 -12.813  0.0000E+00  0.1200E+02
 -12.803  0.0000E+00  0.1200E+02
 -12.793  0.0000E+00  0.1200E+02
 -12.783  0.0000E+00  0.1200E+02
 -12.773  0.0000E+00  0.1200E+02
 -12.763  0.0000E+00  0.1200E+02
 -12.753  0.0000E+00  0.1200E+02
 -12.743  0.0000E+00  0.1200E+02
 -12.733  0.0000E+00  0.1200E+02
 -12.723  0.0000E+00  0.1200E+02
 -12.713  0.0000E+00  0.1200E+02
 -12.703  0.0000E+00  0.1200E+02
 -12.693  0.0000E+00  0.1200E+02
 -12.683  0.0000E+00  0.1200E+02
 -12.673  0.0000E+00  0.1200E+02
 -12.663  0.0000E+00  0.1200E+02
 -12.653  0.0000E+00  0.1200E+02
 -12.643  0.0000E+00  0.1200E+02
 -12.633  0.0000E+00  0.1200E+02
 -12.623  0.0000E+00  0.1200E+02
 -12.613  0.0000E+00  0.1200E+02
 -12.603  0.0000E+00  0.1200E+02
 -12.593  0.0000E+00  0.1200E+02
 -12.583  0.0000E+00  0.1200E+02
 -12.573  0.0000E+00  0.1200E+02
 -12.563  0.0000E+00  0.1200E+02
 -12.553  0.0000E+00  0.1200E+02
 -12.543  0.0000E+00  0.1200E+02
 -12.533  0.0000E+00  0.1200E+02
 -12.523  0.0000E+00  0.1200E+02
 -12.513  0.0000E+00  0.1200E+02
 -12.503  0.0000E+00  0.1200E+02
 -12.493  0.0000E+00  0.1200E+02
 -12.483  0.0000E+00  0.1200E+02
 -12.473  0.0000E+00  0.1200E+02
 -12.463  0.0000E+00  0.1200E+02
 -12.453  0.0000E+00  0.1200E+02
 -12.443  0.0000E+00  0.1200E+02
 -12.433  0.0000E+00  0.1200E+02
 -12.423  0.0000E+00  0.1200E+02
 -12.413  0.0000E+00  0.1200E+02
 -12.403  0.0000E+00  0.1200E+02
 -12.393  0.0000E+00  0.1200E+02
 -12.383  0.0000E+00  0.1200E+02
 -12.373  0.0000E+00  0.1200E+02
 -12.363  0.0000E+00  0.1200E+02
 -12.353  0.0000E+00  0.1200E+02
 -12.343  0.0000E+00  0.1200E+02
 -12.333  0.0000E+00  0.1200E+02
 -12.323  0.0000E+00  0.1200E+02
 -12.313  0.0000E+00  0.1200E+02
 -12.303  0.0000E+00  0.1200E+02
 -12.293  0.0000E+00  0.1200E+02
 -12.283  0.0000E+00  0.1200E+02
 -12.273  0.0000E+00  0.1200E+02
 -12.263  0.0000E+00  0.1200E+02
 -12.253  0.0000E+00  0.1200E+02
 -12.243  0.0000E+00  0.1200E+02
 -12.233  0.0000E+00  0.1200E+02
 -12.223  0.0000E+00  0.1200E+02
 -12.213  0.0000E+00  0.1200E+02
 -12.203  0.0000E+00  0.1200E+02
 -12.193  0.0000E+00  0.1200E+02
 -12.183  0.0000E+00  0.1200E+02
 -12.173  0.0000E+00  0.1200E+02
 -12.163  0.0000E+00  0.1200E+02
 -12.153  0.0000E+00  0.1200E+02
 -12.143  0.0000E+00  0.1200E+02
 -12.133  0.0000E+00  0.1200E+02
 -12.123  0.0000E+00  0.1200E+02
 -12.113  0.0000E+00  0.1200E+02
 -12.103  0.0000E+00  0.1200E+02
 -12.093  0.0000E+00  0.1200E+02
 -12.083  0.0000E+00  0.1200E+02
 -12.073  0.0000E+00  0.1200E+02
 -12.063  0.0000E+00  0.1200E+02
 -12.053  0.0000E+00  0.1200E+02
 -12.043  0.0000E+00  0.1200E+02
 -12.033  0.0000E+00  0.1200E+02
 -12.023  0.0000E+00  0.1200E+02
 -12.013  0.0000E+00  0.1200E+02
 -12.003  0.0000E+00  0.1200E+02
 -11.993  0.0000E+00  0.1200E+02
 -11.983  0.0000E+00  0.1200E+02
 -11.973  0.0000E+00  0.1200E+02
 -11.963  0.0000E+00  0.1200E+02
 -11.953  0.0000E+00  0.1200E+02
 -11.943  0.0000E+00  0.1200E+02
 -11.933  0.0000E+00  0.1200E+02
 -11.923  0.0000E+00  0.1200E+02
 -11.913  0.0000E+00  0.1200E+02
 -11.903  0.0000E+00  0.1200E+02
 -11.893  0.0000E+00  0.1200E+02
 -11.883  0.0000E+00  0.1200E+02
 -11.873  0.0000E+00  0.1200E+02
 -11.863  0.0000E+00  0.1200E+02
 -11.853  0.0000E+00  0.1200E+02
 -11.843  0.0000E+00  0.1200E+02
 -11.833  0.0000E+00  0.1200E+02
 -11.823  0.0000E+00  0.1200E+02
 -11.813  0.0000E+00  0.1200E+02
 -11.803  0.0000E+00  0.1200E+02
 -11.793  0.0000E+00  0.1200E+02
 -11.783  0.0000E+00  0.1200E+02
 -11.773  0.0000E+00  0.1200E+02
 -11.763  0.0000E+00  0.1200E+02
 -11.753  0.0000E+00  0.1200E+02
 -11.743  0.0000E+00  0.1200E+02
 -11.733  0.0000E+00  0.1200E+02
 -11.723  0.0000E+00  0.1200E+02
 -11.713  0.0000E+00  0.1200E+02
 -11.703  0.0000E+00  0.1200E+02
 -11.693  0.0000E+00  0.1200E+02
 -11.683  0.0000E+00  0.1200E+02
 -11.673  0.0000E+00  0.1200E+02
 -11.663  0.0000E+00  0.1200E+02
 -11.653  0.0000E+00  0.1200E+02
 -11.643  0.0000E+00  0.1200E+02
 -11.633  0.0000E+00  0.1200E+02
 -11.623  0.0000E+00  0.1200E+02
 -11.613  0.0000E+00  0.1200E+02
 -11.603  0.0000E+00  0.1200E+02
 -11.593  0.0000E+00  0.1200E+02
 -11.583  0.0000E+00  0.1200E+02
 -11.573  0.0000E+00  0.1200E+02
 -11.563  0.0000E+00  0.1200E+02
 -11.553  0.0000E+00  0.1200E+02
 -11.543  0.0000E+00  0.1200E+02
 -11.533  0.0000E+00  0.1200E+02
 -11.523  0.0000E+00  0.1200E+02
 -11.513  0.0000E+00  0.1200E+02
 -11.503  0.0000E+00  0.1200E+02
 -11.493  0.0000E+00  0.1200E+02
 -11.483  0.0000E+00  0.1200E+02
 -11.473  0.0000E+00  0.1200E+02
 -11.463  0.0000E+00  0.1200E+02
 -11.453  0.0000E+00  0.1200E+02
 -11.443  0.0000E+00  0.1200E+02
 -11.433  0.0000E+00  0.1200E+02
 -11.423  0.0000E+00  0.1200E+02
 -11.413  0.0000E+00  0.1200E+02
 -11.403  0.0000E+00  0.1200E+02
 -11.393  0.0000E+00  0.1200E+02
 -11.383  0.0000E+00  0.1200E+02
 -11.373  0.0000E+00  0.1200E+02
 -11.363  0.0000E+00  0.1200E+02
 -11.353  0.0000E+00  0.1200E+02
 -11.343  0.0000E+00  0.1200E+02
 -11.333  0.0000E+00  0.1200E+02
 -11.323  0.0000E+00  0.1200E+02
 -11.313  0.0000E+00  0.1200E+02
 -11.303  0.0000E+00  0.1200E+02
 -11.293  0.0000E+00  0.1200E+02
 -11.283  0.0000E+00  0.1200E+02
 -11.273  0.0000E+00  0.1200E+02
 -11.263  0.0000E+00  0.1200E+02
 -11.253  0.0000E+00  0.1200E+02
 -11.243  0.0000E+00  0.1200E+02
 -11.233  0.0000E+00  0.1200E+02
 -11.223  0.0000E+00  0.1200E+02
 -11.213  0.0000E+00  0.1200E+02
 -11.203  0.0000E+00  0.1200E+02
 -11.193  0.0000E+00  0.1200E+02
 -11.183  0.0000E+00  0.1200E+02
 -11.173  0.0000E+00  0.1200E+02
 -11.163  0.0000E+00  0.1200E+02
 -11.153  0.0000E+00  0.1200E+02
 -11.143  0.0000E+00  0.1200E+02
 -11.133  0.0000E+00  0.1200E+02
 -11.123  0.0000E+00  0.1200E+02
 -11.113  0.0000E+00  0.1200E+02
 -11.103  0.0000E+00  0.1200E+02
 -11.093  0.0000E+00  0.1200E+02
 -11.083  0.0000E+00  0.1200E+02
 -11.073  0.0000E+00  0.1200E+02
 -11.063  0.0000E+00  0.1200E+02
 -11.053  0.0000E+00  0.1200E+02
 -11.043  0.0000E+00  0.1200E+02
 -11.033  0.0000E+00  0.1200E+02
 -11.023  0.0000E+00  0.1200E+02
 -11.013  0.0000E+00  0.1200E+02
 -11.003  0.0000E+00  0.1200E+02
 -10.993  0.0000E+00  0.1200E+02
 -10.983  0.0000E+00  0.1200E+02
 -10.973  0.0000E+00  0.1200E+02
 -10.963  0.0000E+00  0.1200E+02
 -10.953  0.0000E+00  0.1200E+02
 -10.943  0.0000E+00  0.1200E+02
 -10.933  0.0000E+00  0.1200E+02
 -10.923  0.0000E+00  0.1200E+02
 -10.913  0.0000E+00  0.1200E+02
 -10.903  0.0000E+00  0.1200E+02
 -10.893  0.0000E+00  0.1200E+02
 -10.883  0.0000E+00  0.1200E+02
 -10.873  0.0000E+00  0.1200E+02
 -10.863  0.0000E+00  0.1200E+02
 -10.853  0.0000E+00  0.1200E+02
 -10.843  0.0000E+00  0.1200E+02
 -10.833  0.0000E+00  0.1200E+02
 -10.823  0.0000E+00  0.1200E+02
 -10.813  0.0000E+00  0.1200E+02
 -10.803  0.0000E+00  0.1200E+02
 -10.793  0.0000E+00  0.1200E+02
 -10.783  0.0000E+00  0.1200E+02
 -10.773  0.0000E+00  0.1200E+02
 -10.763  0.0000E+00  0.1200E+02
 -10.753  0.0000E+00  0.1200E+02
 -10.743  0.0000E+00  0.1200E+02
 -10.733  0.0000E+00  0.1200E+02
 -10.723  0.0000E+00  0.1200E+02
 -10.713  0.0000E+00  0.1200E+02
 -10.703  0.0000E+00  0.1200E+02
 -10.693  0.0000E+00  0.1200E+02
 -10.683  0.0000E+00  0.1200E+02
 -10.673  0.0000E+00  0.1200E+02
 -10.663  0.0000E+00  0.1200E+02
 -10.653  0.0000E+00  0.1200E+02
 -10.643  0.0000E+00  0.1200E+02
 -10.633  0.0000E+00  0.1200E+02
 -10.623  0.0000E+00  0.1200E+02
 -10.613  0.0000E+00  0.1200E+02
 -10.603  0.0000E+00  0.1200E+02
 -10.593  0.0000E+00  0.1200E+02
 -10.583  0.0000E+00  0.1200E+02
 -10.573  0.0000E+00  0.1200E+02
 -10.563  0.0000E+00  0.1200E+02
 -10.553  0.0000E+00  0.1200E+02
 -10.543  0.0000E+00  0.1200E+02
 -10.533  0.0000E+00  0.1200E+02
 -10.523  0.0000E+00  0.1200E+02
 -10.513  0.0000E+00  0.1200E+02
 -10.503  0.0000E+00  0.1200E+02
 -10.493  0.0000E+00  0.1200E+02
 -10.483  0.0000E+00  0.1200E+02
 -10.473  0.0000E+00  0.1200E+02
 -10.463  0.0000E+00  0.1200E+02
 -10.453  0.0000E+00  0.1200E+02
 -10.443  0.0000E+00  0.1200E+02
 -10.433  0.0000E+00  0.1200E+02
 -10.423  0.0000E+00  0.1200E+02
 -10.413  0.0000E+00  0.1200E+02
 -10.403  0.0000E+00  0.1200E+02
 -10.393  0.0000E+00  0.1200E+02
 -10.383  0.0000E+00  0.1200E+02
 -10.373  0.0000E+00  0.1200E+02
 -10.363  0.0000E+00  0.1200E+02
 -10.353  0.0000E+00  0.1200E+02
 -10.343  0.0000E+00  0.1200E+02
 -10.333  0.0000E+00  0.1200E+02
 -10.323  0.0000E+00  0.1200E+02
 -10.313  0.0000E+00  0.1200E+02
 -10.303  0.0000E+00  0.1200E+02
 -10.293  0.0000E+00  0.1200E+02
 -10.283  0.0000E+00  0.1200E+02
 -10.273  0.0000E+00  0.1200E+02
 -10.263  0.0000E+00  0.1200E+02
 -10.253  0.0000E+00  0.1200E+02
 -10.243  0.0000E+00  0.1200E+02
 -10.233  0.0000E+00  0.1200E+02
 -10.223  0.0000E+00  0.1200E+02
 -10.213  0.0000E+00  0.1200E+02
 -10.203  0.0000E+00  0.1200E+02
 -10.193  0.0000E+00  0.1200E+02
 -10.183  0.0000E+00  0.1200E+02
 -10.173  0.0000E+00  0.1200E+02
 -10.163  0.0000E+00  0.1200E+02
 -10.153  0.0000E+00  0.1200E+02
 -10.143  0.0000E+00  0.1200E+02
 -10.133  0.0000E+00  0.1200E+02
 -10.123  0.0000E+00  0.1200E+02
 -10.113  0.0000E+00  0.1200E+02
 -10.103  0.0000E+00  0.1200E+02
 -10.093  0.0000E+00  0.1200E+02
 -10.083  0.0000E+00  0.1200E+02
 -10.073  0.0000E+00  0.1200E+02
 -10.063  0.0000E+00  0.1200E+02
 -10.053  0.0000E+00  0.1200E+02
 -10.043  0.0000E+00  0.1200E+02
 -10.033  0.0000E+00  0.1200E+02
 -10.023  0.0000E+00  0.1200E+02
 -10.013  0.0000E+00  0.1200E+02
 -10.003  0.0000E+00  0.1200E+02
  -9.993  0.0000E+00  0.1200E+02
  -9.983  0.0000E+00  0.1200E+02
  -9.973  0.0000E+00  0.1200E+02
  -9.963  0.0000E+00  0.1200E+02
  -9.953  0.0000E+00  0.1200E+02
  -9.943  0.0000E+00  0.1200E+02
  -9.933  0.0000E+00  0.1200E+02
  -9.923  0.0000E+00  0.1200E+02
  -9.913  0.0000E+00  0.1200E+02
  -9.903  0.0000E+00  0.1200E+02
  -9.893  0.0000E+00  0.1200E+02
  -9.883  0.0000E+00  0.1200E+02
  -9.873  0.0000E+00  0.1200E+02
  -9.863  0.0000E+00  0.1200E+02
  -9.853  0.0000E+00  0.1200E+02
  -9.843  0.0000E+00  0.1200E+02
  -9.833  0.0000E+00  0.1200E+02
  -9.823  0.0000E+00  0.1200E+02
  -9.813  0.0000E+00  0.1200E+02
  -9.803  0.0000E+00  0.1200E+02
  -9.793  0.0000E+00  0.1200E+02
  -9.783  0.0000E+00  0.1200E+02
  -9.773  0.0000E+00  0.1200E+02
  -9.763  0.0000E+00  0.1200E+02
  -9.753  0.0000E+00  0.1200E+02
  -9.743  0.0000E+00  0.1200E+02
  -9.733  0.0000E+00  0.1200E+02
  -9.723  0.0000E+00  0.1200E+02
  -9.713  0.0000E+00  0.1200E+02
  -9.703  0.0000E+00  0.1200E+02
  -9.693  0.0000E+00  0.1200E+02
  -9.683  0.0000E+00  0.1200E+02
  -9.673  0.0000E+00  0.1200E+02
  -9.663  0.0000E+00  0.1200E+02
  -9.653  0.0000E+00  0.1200E+02
  -9.643  0.0000E+00  0.1200E+02
  -9.633  0.0000E+00  0.1200E+02
  -9.623  0.0000E+00  0.1200E+02
  -9.613  0.0000E+00  0.1200E+02
  -9.603  0.0000E+00  0.1200E+02
  -9.593  0.0000E+00  0.1200E+02
  -9.583  0.0000E+00  0.1200E+02
  -9.573  0.0000E+00  0.1200E+02
  -9.563  0.0000E+00  0.1200E+02
  -9.553  0.0000E+00  0.1200E+02
  -9.543  0.0000E+00  0.1200E+02
  -9.533  0.0000E+00  0.1200E+02
  -9.523  0.0000E+00  0.1200E+02
  -9.513  0.0000E+00  0.1200E+02
  -9.503  0.0000E+00  0.1200E+02
  -9.493  0.0000E+00  0.1200E+02
  -9.483  0.0000E+00  0.1200E+02
  -9.473  0.0000E+00  0.1200E+02
  -9.463  0.0000E+00  0.1200E+02
  -9.453  0.0000E+00  0.1200E+02
  -9.443  0.0000E+00  0.1200E+02
  -9.433  0.0000E+00  0.1200E+02
  -9.423  0.0000E+00  0.1200E+02
  -9.413  0.0000E+00  0.1200E+02
  -9.403  0.0000E+00  0.1200E+02
  -9.393  0.0000E+00  0.1200E+02
  -9.383  0.0000E+00  0.1200E+02
  -9.373  0.0000E+00  0.1200E+02
  -9.363  0.0000E+00  0.1200E+02
  -9.353  0.0000E+00  0.1200E+02
  -9.343  0.0000E+00  0.1200E+02
  -9.333  0.0000E+00  0.1200E+02
  -9.323  0.0000E+00  0.1200E+02
  -9.313  0.0000E+00  0.1200E+02
  -9.303  0.0000E+00  0.1200E+02
  -9.293  0.0000E+00  0.1200E+02
  -9.283  0.0000E+00  0.1200E+02
  -9.273  0.0000E+00  0.1200E+02
  -9.263  0.0000E+00  0.1200E+02
  -9.253  0.0000E+00  0.1200E+02
  -9.243  0.0000E+00  0.1200E+02
  -9.233  0.0000E+00  0.1200E+02
  -9.223  0.0000E+00  0.1200E+02
  -9.213  0.0000E+00  0.1200E+02
  -9.203  0.0000E+00  0.1200E+02
  -9.193  0.0000E+00  0.1200E+02
  -9.183  0.0000E+00  0.1200E+02
  -9.173  0.0000E+00  0.1200E+02
  -9.163  0.0000E+00  0.1200E+02
  -9.153  0.0000E+00  0.1200E+02
  -9.143  0.0000E+00  0.1200E+02
  -9.133  0.0000E+00  0.1200E+02
  -9.123  0.0000E+00  0.1200E+02
  -9.113  0.0000E+00  0.1200E+02
  -9.103  0.0000E+00  0.1200E+02
  -9.093  0.0000E+00  0.1200E+02
  -9.083  0.0000E+00  0.1200E+02
  -9.073  0.0000E+00  0.1200E+02
  -9.063  0.0000E+00  0.1200E+02
  -9.053  0.0000E+00  0.1200E+02
  -9.043  0.0000E+00  0.1200E+02
  -9.033  0.0000E+00  0.1200E+02
  -9.023  0.0000E+00  0.1200E+02
  -9.013  0.0000E+00  0.1200E+02
  -9.003  0.0000E+00  0.1200E+02
  -8.993  0.0000E+00  0.1200E+02
  -8.983  0.0000E+00  0.1200E+02
  -8.973  0.0000E+00  0.1200E+02
  -8.963  0.0000E+00  0.1200E+02
  -8.953  0.0000E+00  0.1200E+02
  -8.943  0.0000E+00  0.1200E+02
  -8.933  0.0000E+00  0.1200E+02
  -8.923  0.0000E+00  0.1200E+02
  -8.913  0.0000E+00  0.1200E+02
  -8.903  0.0000E+00  0.1200E+02
  -8.893  0.0000E+00  0.1200E+02
  -8.883  0.0000E+00  0.1200E+02
  -8.873  0.0000E+00  0.1200E+02
  -8.863  0.0000E+00  0.1200E+02
  -8.853  0.0000E+00  0.1200E+02
  -8.843  0.0000E+00  0.1200E+02
  -8.833  0.0000E+00  0.1200E+02
  -8.823  0.0000E+00  0.1200E+02
  -8.813  0.0000E+00  0.1200E+02
  -8.803  0.0000E+00  0.1200E+02
  -8.793  0.0000E+00  0.1200E+02
  -8.783  0.0000E+00  0.1200E+02
  -8.773  0.0000E+00  0.1200E+02
  -8.763  0.0000E+00  0.1200E+02
  -8.753  0.0000E+00  0.1200E+02
  -8.743  0.0000E+00  0.1200E+02
  -8.733  0.0000E+00  0.1200E+02
  -8.723  0.0000E+00  0.1200E+02
  -8.713  0.0000E+00  0.1200E+02
  -8.703  0.0000E+00  0.1200E+02
  -8.693  0.0000E+00  0.1200E+02
  -8.683  0.0000E+00  0.1200E+02
  -8.673  0.0000E+00  0.1200E+02
  -8.663  0.0000E+00  0.1200E+02
  -8.653  0.0000E+00  0.1200E+02
  -8.643  0.0000E+00  0.1200E+02
  -8.633  0.0000E+00  0.1200E+02
  -8.623  0.0000E+00  0.1200E+02
  -8.613  0.0000E+00  0.1200E+02
  -8.603  0.0000E+00  0.1200E+02
  -8.593  0.0000E+00  0.1200E+02
  -8.583  0.0000E+00  0.1200E+02
  -8.573  0.0000E+00  0.1200E+02
  -8.563  0.0000E+00  0.1200E+02
  -8.553  0.0000E+00  0.1200E+02
  -8.543  0.0000E+00  0.1200E+02
  -8.533  0.0000E+00  0.1200E+02
  -8.523  0.0000E+00  0.1200E+02
  -8.513  0.0000E+00  0.1200E+02
  -8.503  0.0000E+00  0.1200E+02
  -8.493  0.0000E+00  0.1200E+02
  -8.483  0.0000E+00  0.1200E+02
  -8.473  0.0000E+00  0.1200E+02
  -8.463  0.0000E+00  0.1200E+02
  -8.453  0.0000E+00  0.1200E+02
  -8.443  0.0000E+00  0.1200E+02
  -8.433  0.0000E+00  0.1200E+02
  -8.423  0.0000E+00  0.1200E+02
  -8.413  0.0000E+00  0.1200E+02
  -8.403  0.0000E+00  0.1200E+02
  -8.393  0.0000E+00  0.1200E+02
  -8.383  0.0000E+00  0.1200E+02
  -8.373  0.0000E+00  0.1200E+02
  -8.363  0.0000E+00  0.1200E+02
  -8.353  0.0000E+00  0.1200E+02
  -8.343  0.0000E+00  0.1200E+02
  -8.333  0.0000E+00  0.1200E+02
  -8.323  0.0000E+00  0.1200E+02
  -8.313  0.0000E+00  0.1200E+02
  -8.303  0.0000E+00  0.1200E+02
  -8.293  0.0000E+00  0.1200E+02
  -8.283  0.0000E+00  0.1200E+02
  -8.273  0.0000E+00  0.1200E+02
  -8.263  0.0000E+00  0.1200E+02
  -8.253  0.0000E+00  0.1200E+02
  -8.243  0.0000E+00  0.1200E+02
  -8.233  0.0000E+00  0.1200E+02
  -8.223  0.0000E+00  0.1200E+02
  -8.213  0.0000E+00  0.1200E+02
  -8.203  0.0000E+00  0.1200E+02
  -8.193  0.0000E+00  0.1200E+02
  -8.183  0.0000E+00  0.1200E+02
  -8.173  0.0000E+00  0.1200E+02
  -8.163  0.0000E+00  0.1200E+02
  -8.153  0.0000E+00  0.1200E+02
  -8.143  0.0000E+00  0.1200E+02
  -8.133  0.0000E+00  0.1200E+02
  -8.123  0.0000E+00  0.1200E+02
  -8.113  0.0000E+00  0.1200E+02
  -8.103  0.0000E+00  0.1200E+02
  -8.093  0.0000E+00  0.1200E+02
  -8.083  0.0000E+00  0.1200E+02
  -8.073  0.0000E+00  0.1200E+02
  -8.063  0.0000E+00  0.1200E+02
  -8.053  0.0000E+00  0.1200E+02
  -8.043  0.0000E+00  0.1200E+02
  -8.033  0.0000E+00  0.1200E+02
  -8.023  0.0000E+00  0.1200E+02
  -8.013  0.0000E+00  0.1200E+02
  -8.003  0.0000E+00  0.1200E+02
  -7.993  0.0000E+00  0.1200E+02
  -7.983  0.0000E+00  0.1200E+02
  -7.973  0.0000E+00  0.1200E+02
  -7.963  0.0000E+00  0.1200E+02
  -7.953  0.0000E+00  0.1200E+02
  -7.943  0.0000E+00  0.1200E+02
  -7.933  0.0000E+00  0.1200E+02
  -7.923  0.0000E+00  0.1200E+02
  -7.913  0.0000E+00  0.1200E+02
  -7.903  0.0000E+00  0.1200E+02
  -7.893  0.0000E+00  0.1200E+02
  -7.883  0.0000E+00  0.1200E+02
  -7.873  0.0000E+00  0.1200E+02
  -7.863  0.0000E+00  0.1200E+02
  -7.853  0.0000E+00  0.1200E+02
  -7.843  0.0000E+00  0.1200E+02
  -7.833  0.0000E+00  0.1200E+02
  -7.823  0.0000E+00  0.1200E+02
  -7.813  0.0000E+00  0.1200E+02
  -7.803  0.0000E+00  0.1200E+02
  -7.793  0.0000E+00  0.1200E+02
  -7.783  0.0000E+00  0.1200E+02
  -7.773  0.0000E+00  0.1200E+02
  -7.763  0.0000E+00  0.1200E+02
  -7.753  0.0000E+00  0.1200E+02
  -7.743  0.0000E+00  0.1200E+02
  -7.733  0.0000E+00  0.1200E+02
  -7.723  0.0000E+00  0.1200E+02
  -7.713  0.0000E+00  0.1200E+02
  -7.703  0.0000E+00  0.1200E+02
  -7.693  0.0000E+00  0.1200E+02
  -7.683  0.0000E+00  0.1200E+02
  -7.673  0.0000E+00  0.1200E+02
  -7.663  0.0000E+00  0.1200E+02
  -7.653  0.0000E+00  0.1200E+02
  -7.643  0.0000E+00  0.1200E+02
  -7.633  0.0000E+00  0.1200E+02
  -7.623  0.0000E+00  0.1200E+02
  -7.613  0.0000E+00  0.1200E+02
  -7.603  0.0000E+00  0.1200E+02
  -7.593  0.0000E+00  0.1200E+02
  -7.583  0.0000E+00  0.1200E+02
  -7.573  0.0000E+00  0.1200E+02
  -7.563  0.0000E+00  0.1200E+02
  -7.553  0.0000E+00  0.1200E+02
  -7.543  0.0000E+00  0.1200E+02
  -7.533  0.0000E+00  0.1200E+02
  -7.523  0.0000E+00  0.1200E+02
  -7.513  0.0000E+00  0.1200E+02
  -7.503  0.0000E+00  0.1200E+02
  -7.493  0.0000E+00  0.1200E+02
  -7.483  0.0000E+00  0.1200E+02
  -7.473  0.0000E+00  0.1200E+02
  -7.463  0.0000E+00  0.1200E+02
  -7.453  0.0000E+00  0.1200E+02
  -7.443  0.0000E+00  0.1200E+02
  -7.433  0.0000E+00  0.1200E+02
  -7.423  0.0000E+00  0.1200E+02
  -7.413  0.0000E+00  0.1200E+02
  -7.403  0.0000E+00  0.1200E+02
  -7.393  0.0000E+00  0.1200E+02
  -7.383  0.0000E+00  0.1200E+02
  -7.373  0.0000E+00  0.1200E+02
  -7.363  0.0000E+00  0.1200E+02
  -7.353  0.0000E+00  0.1200E+02
  -7.343  0.0000E+00  0.1200E+02
  -7.333  0.0000E+00  0.1200E+02
  -7.323  0.0000E+00  0.1200E+02
  -7.313  0.0000E+00  0.1200E+02
  -7.303  0.0000E+00  0.1200E+02
  -7.293  0.0000E+00  0.1200E+02
  -7.283  0.0000E+00  0.1200E+02
  -7.273  0.0000E+00  0.1200E+02
  -7.263  0.0000E+00  0.1200E+02
  -7.253  0.0000E+00  0.1200E+02
  -7.243  0.0000E+00  0.1200E+02
  -7.233  0.0000E+00  0.1200E+02
  -7.223  0.0000E+00  0.1200E+02
  -7.213  0.0000E+00  0.1200E+02
  -7.203  0.0000E+00  0.1200E+02
  -7.193  0.0000E+00  0.1200E+02
  -7.183  0.0000E+00  0.1200E+02
  -7.173  0.0000E+00  0.1200E+02
  -7.163  0.0000E+00  0.1200E+02
  -7.153  0.0000E+00  0.1200E+02
  -7.143  0.0000E+00  0.1200E+02
  -7.133  0.0000E+00  0.1200E+02
  -7.123  0.0000E+00  0.1200E+02
  -7.113  0.0000E+00  0.1200E+02
  -7.103  0.0000E+00  0.1200E+02
  -7.093  0.0000E+00  0.1200E+02
  -7.083  0.0000E+00  0.1200E+02
  -7.073  0.0000E+00  0.1200E+02
  -7.063  0.0000E+00  0.1200E+02
  -7.053  0.0000E+00  0.1200E+02
  -7.043  0.0000E+00  0.1200E+02
  -7.033  0.0000E+00  0.1200E+02
  -7.023  0.0000E+00  0.1200E+02
  -7.013  0.0000E+00  0.1200E+02
  -7.003  0.0000E+00  0.1200E+02
  -6.993  0.0000E+00  0.1200E+02
  -6.983  0.0000E+00  0.1200E+02
  -6.973  0.0000E+00  0.1200E+02
  -6.963  0.0000E+00  0.1200E+02
  -6.953  0.0000E+00  0.1200E+02
  -6.943  0.0000E+00  0.1200E+02
  -6.933  0.0000E+00  0.1200E+02
  -6.923  0.0000E+00  0.1200E+02
  -6.913  0.0000E+00  0.1200E+02
  -6.903  0.0000E+00  0.1200E+02
  -6.893  0.0000E+00  0.1200E+02
  -6.883  0.0000E+00  0.1200E+02
  -6.873  0.0000E+00  0.1200E+02
  -6.863  0.0000E+00  0.1200E+02
  -6.853  0.0000E+00  0.1200E+02
  -6.843  0.0000E+00  0.1200E+02
  -6.833  0.0000E+00  0.1200E+02
  -6.823  0.0000E+00  0.1200E+02
  -6.813  0.0000E+00  0.1200E+02
  -6.803  0.0000E+00  0.1200E+02
  -6.793  0.0000E+00  0.1200E+02
  -6.783  0.0000E+00  0.1200E+02
  -6.773  0.1970E-02  0.1200E+02
  -6.763  0.8404E-02  0.1200E+02
  -6.753  0.1931E-01  0.1200E+02
  -6.743  0.3469E-01  0.1200E+02
  -6.733  0.5454E-01  0.1200E+02
  -6.723  0.7886E-01  0.1200E+02
  -6.713  0.1076E+00  0.1200E+02
  -6.703  0.1409E+00  0.1200E+02
  -6.693  0.1771E+00  0.1201E+02
  -6.683  0.2160E+00  0.1201E+02
  -6.673  0.2573E+00  0.1201E+02
  -6.663  0.2985E+00  0.1201E+02
  -6.653  0.3135E+00  0.1202E+02
  -6.643  0.3255E+00  0.1202E+02
  -6.633  0.3347E+00  0.1202E+02
  -6.623  0.3409E+00  0.1203E+02
  -6.613  0.3442E+00  0.1203E+02
  -6.603  0.3446E+00  0.1203E+02
  -6.593  0.3429E+00  0.1204E+02
  -6.583  0.3588E+00  0.1204E+02
  -6.573  0.3750E+00  0.1204E+02
  -6.563  0.3914E+00  0.1205E+02
  -6.553  0.4080E+00  0.1205E+02
  -6.543  0.4249E+00  0.1205E+02
  -6.533  0.4420E+00  0.1206E+02
  -6.523  0.4594E+00  0.1206E+02
  -6.513  0.4771E+00  0.1207E+02
  -6.503  0.4950E+00  0.1207E+02
  -6.493  0.5132E+00  0.1208E+02
  -6.483  0.5316E+00  0.1208E+02
  -6.473  0.5498E+00  0.1209E+02
  -6.463  0.5674E+00  0.1209E+02
  -6.453  0.5843E+00  0.1210E+02
  -6.443  0.6005E+00  0.1211E+02
  -6.433  0.6155E+00  0.1211E+02
  -6.423  0.6289E+00  0.1212E+02
  -6.413  0.6408E+00  0.1212E+02
  -6.403  0.6511E+00  0.1213E+02
  -6.393  0.6599E+00  0.1214E+02
  -6.383  0.6801E+00  0.1214E+02
  -6.373  0.6950E+00  0.1215E+02
  -6.363  0.7095E+00  0.1216E+02
  -6.353  0.7239E+00  0.1217E+02
  -6.343  0.7381E+00  0.1217E+02
  -6.333  0.7525E+00  0.1218E+02
  -6.323  0.7676E+00  0.1219E+02
  -6.313  0.7833E+00  0.1220E+02
  -6.303  0.7997E+00  0.1220E+02
  -6.293  0.8166E+00  0.1221E+02
  -6.283  0.8339E+00  0.1222E+02
  -6.273  0.8512E+00  0.1223E+02
  -6.263  0.8688E+00  0.1224E+02
  -6.253  0.8864E+00  0.1225E+02
  -6.243  0.9042E+00  0.1225E+02
  -6.233  0.9221E+00  0.1226E+02
  -6.223  0.9402E+00  0.1227E+02
  -6.213  0.9589E+00  0.1228E+02
  -6.203  0.9792E+00  0.1229E+02
  -6.193  0.1001E+01  0.1230E+02
  -6.183  0.1025E+01  0.1231E+02
  -6.173  0.1050E+01  0.1232E+02
  -6.163  0.1077E+01  0.1233E+02
  -6.153  0.1105E+01  0.1234E+02
  -6.143  0.1135E+01  0.1236E+02
  -6.133  0.1166E+01  0.1237E+02
  -6.123  0.1198E+01  0.1238E+02
  -6.113  0.1230E+01  0.1239E+02
  -6.103  0.1262E+01  0.1240E+02
  -6.093  0.1294E+01  0.1242E+02
  -6.083  0.1327E+01  0.1243E+02
  -6.073  0.1360E+01  0.1244E+02
  -6.063  0.1395E+01  0.1246E+02
  -6.053  0.1431E+01  0.1247E+02
  -6.043  0.1469E+01  0.1249E+02
  -6.033  0.1510E+01  0.1250E+02
  -6.023  0.1553E+01  0.1252E+02
  -6.013  0.1598E+01  0.1253E+02
  -6.003  0.1645E+01  0.1255E+02
  -5.993  0.1693E+01  0.1256E+02
  -5.983  0.1744E+01  0.1258E+02
  -5.973  0.1796E+01  0.1260E+02
  -5.963  0.1920E+01  0.1262E+02
  -5.953  0.2049E+01  0.1264E+02
  -5.943  0.2185E+01  0.1266E+02
  -5.933  0.2330E+01  0.1268E+02
  -5.923  0.2486E+01  0.1270E+02
  -5.913  0.2661E+01  0.1273E+02
  -5.903  0.2852E+01  0.1276E+02
  -5.893  0.3060E+01  0.1279E+02
  -5.883  0.3513E+01  0.1282E+02
  -5.873  0.4398E+01  0.1286E+02
  -5.863  0.6091E+01  0.1291E+02
  -5.853  0.8648E+01  0.1298E+02
  -5.843  0.1132E+02  0.1308E+02
  -5.833  0.1320E+02  0.1321E+02
  -5.823  0.1085E+02  0.1333E+02
  -5.813  0.6467E+01  0.1342E+02
  -5.803  0.5413E+01  0.1348E+02
  -5.793  0.4761E+01  0.1353E+02
  -5.783  0.4169E+01  0.1357E+02
  -5.773  0.3637E+01  0.1361E+02
  -5.763  0.3230E+01  0.1365E+02
  -5.753  0.3019E+01  0.1368E+02
  -5.743  0.2830E+01  0.1371E+02
  -5.733  0.2643E+01  0.1373E+02
  -5.723  0.2458E+01  0.1376E+02
  -5.713  0.2272E+01  0.1378E+02
  -5.703  0.2525E+01  0.1381E+02
  -5.693  0.2121E+01  0.1383E+02
  -5.683  0.1893E+01  0.1385E+02
  -5.673  0.1084E+01  0.1386E+02
  -5.663  0.1027E+01  0.1387E+02
  -5.653  0.9707E+00  0.1388E+02
  -5.643  0.9177E+00  0.1389E+02
  -5.633  0.8678E+00  0.1390E+02
  -5.623  0.8208E+00  0.1391E+02
  -5.613  0.7768E+00  0.1392E+02
  -5.603  0.7359E+00  0.1393E+02
  -5.593  0.6980E+00  0.1393E+02
  -5.583  0.6613E+00  0.1394E+02
  -5.573  0.6251E+00  0.1395E+02
  -5.563  0.5911E+00  0.1395E+02
  -5.553  0.5594E+00  0.1396E+02
  -5.543  0.5300E+00  0.1396E+02
  -5.533  0.5029E+00  0.1397E+02
  -5.523  0.4780E+00  0.1397E+02
  -5.513  0.4554E+00  0.1398E+02
  -5.503  0.4351E+00  0.1398E+02
  -5.493  0.4362E+00  0.1399E+02
  -5.483  0.4192E+00  0.1399E+02
  -5.473  0.4034E+00  0.1400E+02
  -5.463  0.3889E+00  0.1400E+02
  -5.453  0.3756E+00  0.1400E+02
  -5.443  0.3636E+00  0.1401E+02
  -5.433  0.3529E+00  0.1401E+02
  -5.423  0.3434E+00  0.1401E+02
  -5.413  0.3352E+00  0.1402E+02
  -5.403  0.3282E+00  0.1402E+02
  -5.393  0.3225E+00  0.1402E+02
  -5.383  0.3183E+00  0.1403E+02
  -5.373  0.3157E+00  0.1403E+02
  -5.363  0.3149E+00  0.1403E+02
  -5.353  0.2678E+00  0.1404E+02
  -5.343  0.2815E+00  0.1404E+02
  -5.333  0.2960E+00  0.1404E+02
  -5.323  0.3111E+00  0.1405E+02
  -5.313  0.3268E+00  0.1405E+02
  -5.303  0.3432E+00  0.1405E+02
  -5.293  0.3601E+00  0.1406E+02
  -5.283  0.3775E+00  0.1406E+02
  -5.273  0.3954E+00  0.1406E+02
  -5.263  0.4138E+00  0.1407E+02
  -5.253  0.4327E+00  0.1407E+02
  -5.243  0.4521E+00  0.1408E+02
  -5.233  0.4721E+00  0.1408E+02
  -5.223  0.4925E+00  0.1409E+02
  -5.213  0.5135E+00  0.1409E+02
  -5.203  0.5350E+00  0.1410E+02
  -5.193  0.5570E+00  0.1410E+02
  -5.183  0.5777E+00  0.1411E+02
  -5.173  0.5937E+00  0.1411E+02
  -5.163  0.6086E+00  0.1412E+02
  -5.153  0.6220E+00  0.1412E+02
  -5.143  0.6340E+00  0.1413E+02
  -5.133  0.6445E+00  0.1414E+02
  -5.123  0.6537E+00  0.1414E+02
  -5.113  0.6686E+00  0.1415E+02
  -5.103  0.6958E+00  0.1416E+02
  -5.093  0.7349E+00  0.1416E+02
  -5.083  0.7785E+00  0.1417E+02
  -5.073  0.8227E+00  0.1418E+02
  -5.063  0.8642E+00  0.1419E+02
  -5.053  0.8947E+00  0.1420E+02
  -5.043  0.9242E+00  0.1421E+02
  -5.033  0.9530E+00  0.1422E+02
  -5.023  0.9809E+00  0.1423E+02
  -5.013  0.1008E+01  0.1424E+02
  -5.003  0.1034E+01  0.1425E+02
  -4.993  0.1060E+01  0.1426E+02
  -4.983  0.1084E+01  0.1427E+02
  -4.973  0.1109E+01  0.1428E+02
  -4.963  0.1133E+01  0.1429E+02
  -4.953  0.1169E+01  0.1430E+02
  -4.943  0.1274E+01  0.1431E+02
  -4.933  0.1342E+01  0.1433E+02
  -4.923  0.1421E+01  0.1434E+02
  -4.913  0.1508E+01  0.1435E+02
  -4.903  0.1603E+01  0.1437E+02
  -4.893  0.1706E+01  0.1439E+02
  -4.883  0.1816E+01  0.1440E+02
  -4.873  0.1933E+01  0.1442E+02
  -4.863  0.2059E+01  0.1444E+02
  -4.853  0.2191E+01  0.1446E+02
  -4.843  0.2332E+01  0.1449E+02
  -4.833  0.2480E+01  0.1451E+02
  -4.823  0.2635E+01  0.1454E+02
  -4.813  0.2800E+01  0.1456E+02
  -4.803  0.2982E+01  0.1459E+02
  -4.793  0.3249E+01  0.1462E+02
  -4.783  0.3579E+01  0.1466E+02
  -4.773  0.3973E+01  0.1469E+02
  -4.763  0.4397E+01  0.1474E+02
  -4.753  0.4702E+01  0.1478E+02
  -4.743  0.5061E+01  0.1483E+02
  -4.733  0.5298E+01  0.1488E+02
  -4.723  0.5962E+01  0.1494E+02
  -4.713  0.6632E+01  0.1500E+02
  -4.703  0.7179E+01  0.1507E+02
  -4.693  0.5209E+01  0.1513E+02
  -4.683  0.4772E+01  0.1518E+02
  -4.673  0.4324E+01  0.1523E+02
  -4.663  0.3981E+01  0.1527E+02
  -4.653  0.3690E+01  0.1531E+02
  -4.643  0.3419E+01  0.1534E+02
  -4.633  0.3168E+01  0.1538E+02
  -4.623  0.2938E+01  0.1541E+02
  -4.613  0.2728E+01  0.1544E+02
  -4.603  0.2557E+01  0.1546E+02
  -4.593  0.2428E+01  0.1549E+02
  -4.583  0.2306E+01  0.1551E+02
  -4.573  0.2190E+01  0.1553E+02
  -4.563  0.2080E+01  0.1556E+02
  -4.553  0.1975E+01  0.1558E+02
  -4.543  0.1875E+01  0.1559E+02
  -4.533  0.1781E+01  0.1561E+02
  -4.523  0.1692E+01  0.1563E+02
  -4.513  0.1609E+01  0.1565E+02
  -4.503  0.1531E+01  0.1566E+02
  -4.493  0.1458E+01  0.1568E+02
  -4.483  0.1393E+01  0.1569E+02
  -4.473  0.1336E+01  0.1571E+02
  -4.463  0.1393E+01  0.1572E+02
  -4.453  0.1317E+01  0.1573E+02
  -4.443  0.1243E+01  0.1575E+02
  -4.433  0.1173E+01  0.1576E+02
  -4.423  0.1106E+01  0.1577E+02
  -4.413  0.8950E+00  0.1578E+02
  -4.403  0.8709E+00  0.1579E+02
  -4.393  0.8473E+00  0.1580E+02
  -4.383  0.8241E+00  0.1580E+02
  -4.373  0.8014E+00  0.1581E+02
  -4.363  0.7792E+00  0.1582E+02
  -4.353  0.7451E+00  0.1583E+02
  -4.343  0.7072E+00  0.1584E+02
  -4.333  0.6762E+00  0.1584E+02
  -4.323  0.6520E+00  0.1585E+02
  -4.313  0.6347E+00  0.1585E+02
  -4.303  0.6217E+00  0.1586E+02
  -4.293  0.6085E+00  0.1587E+02
  -4.283  0.5950E+00  0.1587E+02
  -4.273  0.5813E+00  0.1588E+02
  -4.263  0.5673E+00  0.1589E+02
  -4.253  0.5530E+00  0.1589E+02
  -4.243  0.5384E+00  0.1590E+02
  -4.233  0.5235E+00  0.1590E+02
  -4.223  0.5084E+00  0.1591E+02
  -4.213  0.4928E+00  0.1591E+02
  -4.203  0.4765E+00  0.1592E+02
  -4.193  0.4596E+00  0.1592E+02
  -4.183  0.4422E+00  0.1593E+02
  -4.173  0.4241E+00  0.1593E+02
  -4.163  0.4057E+00  0.1593E+02
  -4.153  0.3876E+00  0.1594E+02
  -4.143  0.3700E+00  0.1594E+02
  -4.133  0.3529E+00  0.1595E+02
  -4.123  0.3365E+00  0.1595E+02
  -4.113  0.3208E+00  0.1595E+02
  -4.103  0.3057E+00  0.1596E+02
  -4.093  0.2914E+00  0.1596E+02
  -4.083  0.2777E+00  0.1596E+02
  -4.073  0.2646E+00  0.1596E+02
  -4.063  0.2523E+00  0.1597E+02
  -4.053  0.2406E+00  0.1597E+02
  -4.043  0.2296E+00  0.1597E+02
  -4.033  0.2189E+00  0.1597E+02
  -4.023  0.2084E+00  0.1598E+02
  -4.013  0.1981E+00  0.1598E+02
  -4.003  0.1880E+00  0.1598E+02
  -3.993  0.1780E+00  0.1598E+02
  -3.983  0.1735E+01  0.1600E+02
  -3.973  0.1929E+01  0.1602E+02
  -3.963  0.1963E+01  0.1604E+02
  -3.953  0.2073E+01  0.1606E+02
  -3.943  0.2204E+01  0.1608E+02
  -3.933  0.2354E+01  0.1610E+02
  -3.923  0.2678E+01  0.1613E+02
  -3.913  0.2869E+01  0.1615E+02
  -3.903  0.2700E+01  0.1618E+02
  -3.893  0.2906E+01  0.1621E+02
  -3.883  0.3143E+01  0.1624E+02
  -3.873  0.3426E+01  0.1627E+02
  -3.863  0.3712E+01  0.1631E+02
  -3.853  0.3873E+01  0.1635E+02
  -3.843  0.3907E+01  0.1639E+02
  -3.833  0.3890E+01  0.1642E+02
  -3.823  0.3842E+01  0.1646E+02
  -3.813  0.3750E+01  0.1650E+02
  -3.803  0.3607E+01  0.1654E+02
  -3.793  0.3460E+01  0.1657E+02
  -3.783  0.3317E+01  0.1661E+02
  -3.773  0.3178E+01  0.1664E+02
  -3.763  0.3098E+01  0.1667E+02
  -3.753  0.3049E+01  0.1670E+02
  -3.743  0.3001E+01  0.1673E+02
  -3.733  0.2953E+01  0.1676E+02
  -3.723  0.2899E+01  0.1679E+02
  -3.713  0.2845E+01  0.1682E+02
  -3.703  0.2794E+01  0.1685E+02
  -3.693  0.2745E+01  0.1688E+02
  -3.683  0.2697E+01  0.1690E+02
  -3.673  0.2652E+01  0.1693E+02
  -3.663  0.2609E+01  0.1696E+02
  -3.653  0.2568E+01  0.1698E+02
  -3.643  0.2528E+01  0.1701E+02
  -3.633  0.2489E+01  0.1703E+02
  -3.623  0.2452E+01  0.1706E+02
  -3.613  0.2414E+01  0.1708E+02
  -3.603  0.2375E+01  0.1711E+02
  -3.593  0.2334E+01  0.1713E+02
  -3.583  0.2280E+01  0.1715E+02
  -3.573  0.2260E+01  0.1718E+02
  -3.563  0.2256E+01  0.1720E+02
  -3.553  0.2252E+01  0.1722E+02
  -3.543  0.2248E+01  0.1724E+02
  -3.533  0.2244E+01  0.1727E+02
  -3.523  0.2239E+01  0.1729E+02
  -3.513  0.2235E+01  0.1731E+02
  -3.503  0.2215E+01  0.1733E+02
  -3.493  0.2175E+01  0.1735E+02
  -3.483  0.2138E+01  0.1738E+02
  -3.473  0.2104E+01  0.1740E+02
  -3.463  0.2070E+01  0.1742E+02
  -3.453  0.2033E+01  0.1744E+02
  -3.443  0.1995E+01  0.1746E+02
  -3.433  0.1953E+01  0.1748E+02
  -3.423  0.1909E+01  0.1750E+02
  -3.413  0.1861E+01  0.1752E+02
  -3.403  0.1810E+01  0.1753E+02
  -3.393  0.1756E+01  0.1755E+02
  -3.383  0.1697E+01  0.1757E+02
  -3.373  0.1641E+01  0.1759E+02
  -3.363  0.1597E+01  0.1760E+02
  -3.353  0.1554E+01  0.1762E+02
  -3.343  0.1513E+01  0.1763E+02
  -3.333  0.1473E+01  0.1765E+02
  -3.323  0.1435E+01  0.1766E+02
  -3.313  0.1398E+01  0.1768E+02
  -3.303  0.1362E+01  0.1769E+02
  -3.293  0.1328E+01  0.1770E+02
  -3.283  0.1295E+01  0.1772E+02
  -3.273  0.1264E+01  0.1773E+02
  -3.263  0.1232E+01  0.1774E+02
  -3.253  0.1193E+01  0.1776E+02
  -3.243  0.1153E+01  0.1777E+02
  -3.233  0.1111E+01  0.1778E+02
  -3.223  0.1073E+01  0.1779E+02
  -3.213  0.1037E+01  0.1780E+02
  -3.203  0.1004E+01  0.1781E+02
  -3.193  0.9733E+00  0.1782E+02
  -3.183  0.9456E+00  0.1783E+02
  -3.173  0.9208E+00  0.1784E+02
  -3.163  0.8979E+00  0.1785E+02
  -3.153  0.8753E+00  0.1786E+02
  -3.143  0.8529E+00  0.1787E+02
  -3.133  0.8309E+00  0.1787E+02
  -3.123  0.8094E+00  0.1788E+02
  -3.113  0.7888E+00  0.1789E+02
  -3.103  0.7691E+00  0.1790E+02
  -3.093  0.7503E+00  0.1791E+02
  -3.083  0.7324E+00  0.1791E+02
  -3.073  0.7296E+00  0.1792E+02
  -3.063  0.8237E+00  0.1793E+02
  -3.053  0.9814E+00  0.1794E+02
  -3.043  0.1185E+01  0.1795E+02
  -3.033  0.1428E+01  0.1796E+02
  -3.023  0.1702E+01  0.1798E+02
  -3.013  0.1970E+01  0.1799E+02
  -3.003  0.2020E+01  0.1801E+02
  -2.993  0.2311E+01  0.1804E+02
  -2.983  0.2575E+01  0.1806E+02
  -2.973  0.2837E+01  0.1809E+02
  -2.963  0.3131E+01  0.1812E+02
  -2.953  0.3687E+01  0.1815E+02
  -2.943  0.4535E+01  0.1819E+02
  -2.933  0.1000E+02  0.1826E+02
  -2.923  0.1725E+02  0.1840E+02
  -2.913  0.2140E+02  0.1860E+02
  -2.903  0.2216E+02  0.1881E+02
  -2.893  0.2441E+02  0.1904E+02
  -2.883  0.1630E+02  0.1923E+02
  -2.873  0.1410E+02  0.1938E+02
  -2.863  0.1315E+02  0.1952E+02
  -2.853  0.1044E+02  0.1964E+02
  -2.843  0.8860E+01  0.1973E+02
  -2.833  0.8486E+01  0.1982E+02
  -2.823  0.8620E+01  0.1991E+02
  -2.813  0.8701E+01  0.1999E+02
  -2.803  0.8846E+01  0.2008E+02
  -2.793  0.9505E+01  0.2017E+02
  -2.783  0.1001E+02  0.2027E+02
  -2.773  0.9941E+01  0.2037E+02
  -2.763  0.9321E+01  0.2047E+02
  -2.753  0.8684E+01  0.2056E+02
  -2.743  0.8117E+01  0.2064E+02
  -2.733  0.7577E+01  0.2072E+02
  -2.723  0.7125E+01  0.2079E+02
  -2.713  0.6725E+01  0.2086E+02
  -2.703  0.5829E+01  0.2092E+02
  -2.693  0.5414E+01  0.2098E+02
  -2.683  0.5242E+01  0.2103E+02
  -2.673  0.5101E+01  0.2108E+02
  -2.663  0.4940E+01  0.2113E+02
  -2.653  0.4967E+01  0.2118E+02
  -2.643  0.5001E+01  0.2123E+02
  -2.633  0.5051E+01  0.2128E+02
  -2.623  0.5133E+01  0.2134E+02
  -2.613  0.5410E+01  0.2139E+02
  -2.603  0.6057E+01  0.2144E+02
  -2.593  0.7215E+01  0.2151E+02
  -2.583  0.7334E+01  0.2158E+02
  -2.573  0.7176E+01  0.2166E+02
  -2.563  0.6981E+01  0.2173E+02
  -2.553  0.6720E+01  0.2180E+02
  -2.543  0.6333E+01  0.2186E+02
  -2.533  0.5822E+01  0.2192E+02
  -2.523  0.5346E+01  0.2198E+02
  -2.513  0.4531E+01  0.2203E+02
  -2.503  0.3195E+01  0.2207E+02
  -2.493  0.1667E+01  0.2209E+02
  -2.483  0.1309E+01  0.2210E+02
  -2.473  0.1418E+01  0.2212E+02
  -2.463  0.1952E+01  0.2213E+02
  -2.453  0.3649E+01  0.2216E+02
  -2.443  0.7250E+01  0.2221E+02
  -2.433  0.1025E+02  0.2230E+02
  -2.423  0.7581E+01  0.2240E+02
  -2.413  0.7712E+01  0.2248E+02
  -2.403  0.8293E+01  0.2256E+02
  -2.393  0.8586E+01  0.2264E+02
  -2.383  0.8703E+01  0.2273E+02
  -2.373  0.8739E+01  0.2282E+02
  -2.363  0.8151E+01  0.2290E+02
  -2.353  0.7606E+01  0.2298E+02
  -2.343  0.7077E+01  0.2305E+02
  -2.333  0.6586E+01  0.2312E+02
  -2.323  0.6089E+01  0.2318E+02
  -2.313  0.5621E+01  0.2324E+02
  -2.303  0.5206E+01  0.2330E+02
  -2.293  0.4938E+01  0.2335E+02
  -2.283  0.4771E+01  0.2340E+02
  -2.273  0.4591E+01  0.2344E+02
  -2.263  0.4413E+01  0.2349E+02
  -2.253  0.4243E+01  0.2353E+02
  -2.243  0.4060E+01  0.2357E+02
  -2.233  0.3914E+01  0.2361E+02
  -2.223  0.3764E+01  0.2365E+02
  -2.213  0.3564E+01  0.2369E+02
  -2.203  0.3325E+01  0.2372E+02
  -2.193  0.3092E+01  0.2375E+02
  -2.183  0.2827E+01  0.2378E+02
  -2.173  0.2589E+01  0.2381E+02
  -2.163  0.2696E+01  0.2384E+02
  -2.153  0.2612E+01  0.2386E+02
  -2.143  0.2516E+01  0.2389E+02
  -2.133  0.2385E+01  0.2391E+02
  -2.123  0.2219E+01  0.2394E+02
  -2.113  0.1411E+01  0.2395E+02
  -2.103  0.1222E+01  0.2397E+02
  -2.093  0.9605E+00  0.2398E+02
  -2.083  0.7289E+00  0.2399E+02
  -2.073  0.5273E+00  0.2399E+02
  -2.063  0.3556E+00  0.2400E+02
  -2.053  0.2137E+00  0.2400E+02
  -2.043  0.0000E+00  0.2400E+02
  -2.033  0.0000E+00  0.2400E+02
  -2.023  0.0000E+00  0.2400E+02
  -2.013  0.0000E+00  0.2400E+02
  -2.003  0.0000E+00  0.2400E+02
  -1.993  0.0000E+00  0.2400E+02
  -1.983  0.0000E+00  0.2400E+02
  -1.973  0.0000E+00  0.2400E+02
  -1.963  0.0000E+00  0.2400E+02
  -1.953  0.0000E+00  0.2400E+02
  -1.943  0.0000E+00  0.2400E+02
  -1.933  0.0000E+00  0.2400E+02
  -1.923  0.0000E+00  0.2400E+02
  -1.913  0.0000E+00  0.2400E+02
  -1.903  0.0000E+00  0.2400E+02
  -1.893  0.0000E+00  0.2400E+02
  -1.883  0.0000E+00  0.2400E+02
  -1.873  0.0000E+00  0.2400E+02
  -1.863  0.0000E+00  0.2400E+02
  -1.853  0.0000E+00  0.2400E+02
  -1.843  0.0000E+00  0.2400E+02
  -1.833  0.0000E+00  0.2400E+02
  -1.823  0.0000E+00  0.2400E+02
  -1.813  0.0000E+00  0.2400E+02
  -1.803  0.0000E+00  0.2400E+02
  -1.793  0.0000E+00  0.2400E+02
  -1.783  0.0000E+00  0.2400E+02
  -1.773  0.0000E+00  0.2400E+02
  -1.763  0.0000E+00  0.2400E+02
  -1.753  0.0000E+00  0.2400E+02
  -1.743  0.0000E+00  0.2400E+02
  -1.733  0.0000E+00  0.2400E+02
  -1.723  0.0000E+00  0.2400E+02
  -1.713  0.0000E+00  0.2400E+02
  -1.703  0.0000E+00  0.2400E+02
  -1.693  0.0000E+00  0.2400E+02
  -1.683  0.0000E+00  0.2400E+02
  -1.673  0.0000E+00  0.2400E+02
  -1.663  0.0000E+00  0.2400E+02
  -1.653  0.0000E+00  0.2400E+02
  -1.643  0.0000E+00  0.2400E+02
  -1.633  0.0000E+00  0.2400E+02
  -1.623  0.0000E+00  0.2400E+02
  -1.613  0.0000E+00  0.2400E+02
  -1.603  0.0000E+00  0.2400E+02
  -1.593  0.0000E+00  0.2400E+02
  -1.583  0.0000E+00  0.2400E+02
  -1.573  0.0000E+00  0.2400E+02
  -1.563  0.0000E+00  0.2400E+02
  -1.553  0.0000E+00  0.2400E+02
  -1.543  0.0000E+00  0.2400E+02
  -1.533  0.0000E+00  0.2400E+02
  -1.523  0.0000E+00  0.2400E+02
  -1.513  0.0000E+00  0.2400E+02
  -1.503  0.0000E+00  0.2400E+02
  -1.493  0.0000E+00  0.2400E+02
  -1.483  0.0000E+00  0.2400E+02
  -1.473  0.0000E+00  0.2400E+02
  -1.463  0.0000E+00  0.2400E+02
  -1.453  0.0000E+00  0.2400E+02
  -1.443  0.0000E+00  0.2400E+02
  -1.433  0.0000E+00  0.2400E+02
  -1.423  0.0000E+00  0.2400E+02
  -1.413  0.0000E+00  0.2400E+02
  -1.403  0.0000E+00  0.2400E+02
  -1.393  0.0000E+00  0.2400E+02
  -1.383  0.0000E+00  0.2400E+02
  -1.373  0.0000E+00  0.2400E+02
  -1.363  0.0000E+00  0.2400E+02
  -1.353  0.0000E+00  0.2400E+02
  -1.343  0.0000E+00  0.2400E+02
  -1.333  0.0000E+00  0.2400E+02
  -1.323  0.0000E+00  0.2400E+02
  -1.313  0.0000E+00  0.2400E+02
  -1.303  0.0000E+00  0.2400E+02
  -1.293  0.0000E+00  0.2400E+02
  -1.283  0.0000E+00  0.2400E+02
  -1.273  0.0000E+00  0.2400E+02
  -1.263  0.0000E+00  0.2400E+02
  -1.253  0.0000E+00  0.2400E+02
  -1.243  0.0000E+00  0.2400E+02
  -1.233  0.0000E+00  0.2400E+02
  -1.223  0.0000E+00  0.2400E+02
  -1.213  0.0000E+00  0.2400E+02
  -1.203  0.0000E+00  0.2400E+02
  -1.193  0.0000E+00  0.2400E+02
  -1.183  0.0000E+00  0.2400E+02
  -1.173  0.0000E+00  0.2400E+02
  -1.163  0.0000E+00  0.2400E+02
  -1.153  0.0000E+00  0.2400E+02
  -1.143  0.0000E+00  0.2400E+02
  -1.133  0.0000E+00  0.2400E+02
  -1.123  0.0000E+00  0.2400E+02
  -1.113  0.0000E+00  0.2400E+02
  -1.103  0.0000E+00  0.2400E+02
  -1.093  0.0000E+00  0.2400E+02
  -1.083  0.0000E+00  0.2400E+02
  -1.073  0.0000E+00  0.2400E+02
  -1.063  0.0000E+00  0.2400E+02
  -1.053  0.0000E+00  0.2400E+02
  -1.043  0.0000E+00  0.2400E+02
  -1.033  0.0000E+00  0.2400E+02
  -1.023  0.0000E+00  0.2400E+02
  -1.013  0.0000E+00  0.2400E+02
  -1.003  0.0000E+00  0.2400E+02
  -0.993  0.0000E+00  0.2400E+02
  -0.983  0.0000E+00  0.2400E+02
  -0.973  0.0000E+00  0.2400E+02
  -0.963  0.0000E+00  0.2400E+02
  -0.953  0.0000E+00  0.2400E+02
  -0.943  0.0000E+00  0.2400E+02
  -0.933  0.0000E+00  0.2400E+02
  -0.923  0.0000E+00  0.2400E+02
  -0.913  0.0000E+00  0.2400E+02
  -0.903  0.0000E+00  0.2400E+02
  -0.893  0.0000E+00  0.2400E+02
  -0.883  0.0000E+00  0.2400E+02
  -0.873  0.0000E+00  0.2400E+02
  -0.863  0.0000E+00  0.2400E+02
  -0.853  0.0000E+00  0.2400E+02
  -0.843  0.0000E+00  0.2400E+02
  -0.833  0.0000E+00  0.2400E+02
  -0.823  0.0000E+00  0.2400E+02
  -0.813  0.0000E+00  0.2400E+02
  -0.803  0.0000E+00  0.2400E+02
  -0.793  0.0000E+00  0.2400E+02
  -0.783  0.0000E+00  0.2400E+02
  -0.773  0.0000E+00  0.2400E+02
  -0.763  0.0000E+00  0.2400E+02
  -0.753  0.0000E+00  0.2400E+02
  -0.743  0.0000E+00  0.2400E+02
  -0.733  0.0000E+00  0.2400E+02
  -0.723  0.0000E+00  0.2400E+02
  -0.713  0.0000E+00  0.2400E+02
  -0.703  0.0000E+00  0.2400E+02
  -0.693  0.0000E+00  0.2400E+02
  -0.683  0.0000E+00  0.2400E+02
  -0.673  0.7474E+00  0.2400E+02
  -0.663  0.1643E+01  0.2402E+02
  -0.653  0.2541E+01  0.2404E+02
  -0.643  0.3796E+01  0.2407E+02
  -0.633  0.4283E+01  0.2411E+02
  -0.623  0.5388E+01  0.2416E+02
  -0.613  0.8767E+01  0.2423E+02
  -0.603  0.1107E+02  0.2433E+02
  -0.593  0.1200E+02  0.2444E+02
  -0.583  0.1158E+02  0.2456E+02
  -0.573  0.1163E+02  0.2468E+02
  -0.563  0.1154E+02  0.2479E+02
  -0.553  0.1158E+02  0.2491E+02
  -0.543  0.1195E+02  0.2503E+02
  -0.533  0.1440E+02  0.2515E+02
  -0.523  0.1260E+02  0.2530E+02
  -0.513  0.1091E+02  0.2542E+02
  -0.503  0.9930E+01  0.2552E+02
  -0.493  0.9480E+01  0.2562E+02
  -0.483  0.9027E+01  0.2571E+02
  -0.473  0.8771E+01  0.2580E+02
  -0.463  0.6939E+01  0.2588E+02
  -0.453  0.6473E+01  0.2594E+02
  -0.443  0.6393E+01  0.2601E+02
  -0.433  0.6245E+01  0.2607E+02
  -0.423  0.5865E+01  0.2613E+02
  -0.413  0.5628E+01  0.2619E+02
  -0.403  0.5477E+01  0.2624E+02
  -0.393  0.5340E+01  0.2630E+02
  -0.383  0.5223E+01  0.2635E+02
  -0.373  0.5102E+01  0.2640E+02
  -0.363  0.5182E+01  0.2645E+02
  -0.353  0.5310E+01  0.2651E+02
  -0.343  0.5858E+01  0.2656E+02
  -0.333  0.5196E+01  0.2662E+02
  -0.323  0.5410E+01  0.2667E+02
  -0.313  0.5855E+01  0.2673E+02
  -0.303  0.8346E+01  0.2679E+02
  -0.293  0.8840E+01  0.2689E+02
  -0.283  0.8373E+01  0.2697E+02
  -0.273  0.7937E+01  0.2705E+02
  -0.263  0.7604E+01  0.2713E+02
  -0.253  0.8013E+01  0.2721E+02
  -0.243  0.8070E+01  0.2729E+02
  -0.233  0.8113E+01  0.2737E+02
  -0.223  0.8190E+01  0.2745E+02
  -0.213  0.8210E+01  0.2753E+02
  -0.203  0.8500E+01  0.2762E+02
  -0.193  0.7347E+01  0.2770E+02
  -0.183  0.5256E+01  0.2776E+02
  -0.173  0.5060E+01  0.2781E+02
  -0.163  0.5054E+01  0.2787E+02
  -0.153  0.5028E+01  0.2792E+02
  -0.143  0.5114E+01  0.2797E+02
  -0.133  0.5321E+01  0.2802E+02
  -0.123  0.5603E+01  0.2807E+02
  -0.113  0.5898E+01  0.2813E+02
  -0.103  0.6380E+01  0.2819E+02
  -0.093  0.5920E+01  0.2825E+02
  -0.083  0.6508E+01  0.2832E+02
  -0.073  0.6847E+01  0.2838E+02
  -0.063  0.7251E+01  0.2845E+02
  -0.053  0.8132E+01  0.2853E+02
  -0.043  0.9610E+01  0.2862E+02
  -0.033  0.1075E+02  0.2872E+02
  -0.023  0.1231E+02  0.2883E+02
  -0.013  0.1360E+02  0.2896E+02
  -0.003  0.1688E+02  0.2911E+02
   0.007  0.1133E+02  0.2926E+02
   0.017  0.6715E+01  0.2934E+02
   0.027  0.5933E+01  0.2941E+02
   0.037  0.5513E+01  0.2946E+02
   0.047  0.5183E+01  0.2952E+02
   0.057  0.4924E+01  0.2957E+02
   0.067  0.4771E+01  0.2962E+02
   0.077  0.4786E+01  0.2966E+02
   0.087  0.4766E+01  0.2971E+02
   0.097  0.4617E+01  0.2976E+02
   0.107  0.4313E+01  0.2980E+02
   0.117  0.3987E+01  0.2984E+02
   0.127  0.3646E+01  0.2988E+02
   0.137  0.3332E+01  0.2992E+02
   0.147  0.2924E+01  0.2995E+02
   0.157  0.2396E+01  0.2998E+02
   0.167  0.1888E+01  0.3000E+02
   0.177  0.1419E+01  0.3001E+02
   0.187  0.1067E+01  0.3003E+02
   0.197  0.1322E+01  0.3004E+02
   0.207  0.1675E+01  0.3005E+02
   0.217  0.2101E+01  0.3007E+02
   0.227  0.2651E+01  0.3009E+02
   0.237  0.3307E+01  0.3012E+02
   0.247  0.4089E+01  0.3016E+02
   0.257  0.5970E+01  0.3021E+02
   0.267  0.7491E+01  0.3028E+02
   0.277  0.9159E+01  0.3036E+02
   0.287  0.1175E+02  0.3046E+02
   0.297  0.1463E+02  0.3060E+02
   0.307  0.1482E+02  0.3075E+02
   0.317  0.1416E+02  0.3089E+02
   0.327  0.1300E+02  0.3103E+02
   0.337  0.1170E+02  0.3115E+02
   0.347  0.9992E+01  0.3126E+02
   0.357  0.8620E+01  0.3135E+02
   0.367  0.7398E+01  0.3143E+02
   0.377  0.6271E+01  0.3150E+02
   0.387  0.5419E+01  0.3156E+02
   0.397  0.4879E+01  0.3161E+02
   0.407  0.4582E+01  0.3166E+02
   0.417  0.4368E+01  0.3170E+02
   0.427  0.4146E+01  0.3175E+02
   0.437  0.3916E+01  0.3179E+02
   0.447  0.3431E+01  0.3182E+02
   0.457  0.3026E+01  0.3186E+02
   0.467  0.3090E+01  0.3188E+02
   0.477  0.3031E+01  0.3192E+02
   0.487  0.3075E+01  0.3195E+02
   0.497  0.3073E+01  0.3198E+02
   0.507  0.3895E+01  0.3202E+02
   0.517  0.6873E+01  0.3207E+02
   0.527  0.9857E+01  0.3215E+02
   0.537  0.1199E+02  0.3226E+02
   0.547  0.1401E+02  0.3239E+02
   0.557  0.1524E+02  0.3254E+02
   0.567  0.1630E+02  0.3270E+02
   0.577  0.1726E+02  0.3287E+02
   0.587  0.1682E+02  0.3304E+02
   0.597  0.1653E+02  0.3321E+02
   0.607  0.1581E+02  0.3337E+02
   0.617  0.1478E+02  0.3352E+02
   0.627  0.1470E+02  0.3368E+02
   0.637  0.5421E+01  0.3378E+02
   0.647  0.2982E+01  0.3383E+02
   0.657  0.1219E+01  0.3385E+02
   0.667  0.1014E+01  0.3386E+02
   0.677  0.8975E+00  0.3387E+02
   0.687  0.8259E+00  0.3388E+02
   0.697  0.7826E+00  0.3388E+02
   0.707  0.7410E+00  0.3389E+02
   0.717  0.7011E+00  0.3390E+02
   0.727  0.2215E+01  0.3392E+02
   0.737  0.2796E+01  0.3395E+02
   0.747  0.3515E+01  0.3398E+02
   0.757  0.3183E+01  0.3401E+02
   0.767  0.3389E+01  0.3405E+02
   0.777  0.3603E+01  0.3408E+02
   0.787  0.3827E+01  0.3412E+02
   0.797  0.4239E+01  0.3416E+02
   0.807  0.5212E+01  0.3420E+02
   0.817  0.6000E+01  0.3426E+02
   0.827  0.6653E+01  0.3432E+02
   0.837  0.7055E+01  0.3439E+02
   0.847  0.7490E+01  0.3447E+02
   0.857  0.6415E+01  0.3453E+02
   0.867  0.6317E+01  0.3460E+02
   0.877  0.6257E+01  0.3466E+02
   0.887  0.6271E+01  0.3472E+02
   0.897  0.6311E+01  0.3478E+02
   0.907  0.6487E+01  0.3485E+02
   0.917  0.6714E+01  0.3491E+02
   0.927  0.6982E+01  0.3498E+02
   0.937  0.7464E+01  0.3505E+02
   0.947  0.8417E+01  0.3513E+02
   0.957  0.9292E+01  0.3522E+02
   0.967  0.1028E+02  0.3532E+02
   0.977  0.1213E+02  0.3543E+02
   0.987  0.1231E+02  0.3555E+02
   0.997  0.1209E+02  0.3568E+02
   1.007  0.1150E+02  0.3580E+02
   1.017  0.1103E+02  0.3591E+02
   1.027  0.1085E+02  0.3602E+02
   1.037  0.1083E+02  0.3613E+02
   1.047  0.1045E+02  0.3623E+02
   1.057  0.9965E+01  0.3633E+02
   1.067  0.9608E+01  0.3643E+02
   1.077  0.8637E+01  0.3652E+02
   1.087  0.9426E+01  0.3661E+02
   1.097  0.1317E+02  0.3672E+02
   1.107  0.2003E+02  0.3689E+02
   1.117  0.1149E+02  0.3704E+02
   1.127  0.9288E+01  0.3714E+02
   1.137  0.7808E+01  0.3723E+02
   1.147  0.6622E+01  0.3730E+02
   1.157  0.6160E+01  0.3737E+02
   1.167  0.5828E+01  0.3743E+02
   1.177  0.5597E+01  0.3748E+02
   1.187  0.5390E+01  0.3754E+02
   1.197  0.5122E+01  0.3759E+02
   1.207  0.4861E+01  0.3764E+02
   1.217  0.4659E+01  0.3769E+02
   1.227  0.4505E+01  0.3773E+02
   1.237  0.4594E+01  0.3778E+02
   1.247  0.4795E+01  0.3783E+02
   1.257  0.5108E+01  0.3787E+02
   1.267  0.5616E+01  0.3793E+02
   1.277  0.6392E+01  0.3799E+02
   1.287  0.7228E+01  0.3806E+02
   1.297  0.7377E+01  0.3813E+02
   1.307  0.7481E+01  0.3821E+02
   1.317  0.7437E+01  0.3828E+02
   1.327  0.7628E+01  0.3835E+02
   1.337  0.8005E+01  0.3843E+02
   1.347  0.8435E+01  0.3851E+02
   1.357  0.9053E+01  0.3860E+02
   1.367  0.1011E+02  0.3870E+02
   1.377  0.1090E+02  0.3880E+02
   1.387  0.1248E+02  0.3892E+02
   1.397  0.1366E+02  0.3905E+02
   1.407  0.1297E+02  0.3918E+02
   1.417  0.1277E+02  0.3931E+02
   1.427  0.1254E+02  0.3944E+02
   1.437  0.1141E+02  0.3956E+02
   1.447  0.9911E+01  0.3966E+02
   1.457  0.8786E+01  0.3976E+02
   1.467  0.7665E+01  0.3984E+02
   1.477  0.6560E+01  0.3991E+02
   1.487  0.5763E+01  0.3997E+02
   1.497  0.5091E+01  0.4003E+02
   1.507  0.5001E+01  0.4008E+02
   1.517  0.5033E+01  0.4013E+02
   1.527  0.5187E+01  0.4018E+02
   1.537  0.6441E+01  0.4023E+02
   1.547  0.8407E+01  0.4031E+02
   1.557  0.8853E+01  0.4040E+02
   1.567  0.9188E+01  0.4049E+02
   1.577  0.9580E+01  0.4058E+02
   1.587  0.9877E+01  0.4068E+02
   1.597  0.1094E+02  0.4078E+02
   1.607  0.1203E+02  0.4089E+02
   1.617  0.1363E+02  0.4102E+02
   1.627  0.1535E+02  0.4117E+02
   1.637  0.1517E+02  0.4132E+02
   1.647  0.1529E+02  0.4147E+02
   1.657  0.1475E+02  0.4162E+02
   1.667  0.1277E+02  0.4176E+02
   1.677  0.9924E+01  0.4188E+02
   1.687  0.4695E+01  0.4195E+02
   1.697  0.2343E+01  0.4198E+02
   1.707  0.5789E+00  0.4200E+02
   1.717  0.2479E-01  0.4200E+02
   1.727  0.0000E+00  0.4200E+02
   1.737  0.7809E-01  0.4200E+02
   1.747  0.4489E+00  0.4200E+02
   1.757  0.2142E+01  0.4201E+02
   1.767  0.4119E+01  0.4205E+02
   1.777  0.5907E+01  0.4210E+02
   1.787  0.6889E+01  0.4216E+02
   1.797  0.7641E+01  0.4223E+02
   1.807  0.9360E+01  0.4232E+02
   1.817  0.1077E+02  0.4242E+02
   1.827  0.1108E+02  0.4253E+02
   1.837  0.1110E+02  0.4264E+02
   1.847  0.1108E+02  0.4275E+02
   1.857  0.1122E+02  0.4286E+02
   1.867  0.1116E+02  0.4297E+02
   1.877  0.1066E+02  0.4308E+02
   1.887  0.9603E+01  0.4319E+02
   1.897  0.8519E+01  0.4328E+02
   1.907  0.7464E+01  0.4336E+02
   1.917  0.6501E+01  0.4343E+02
   1.927  0.5616E+01  0.4349E+02
   1.937  0.4867E+01  0.4354E+02
   1.947  0.4243E+01  0.4358E+02
   1.957  0.4315E+01  0.4363E+02
   1.967  0.4589E+01  0.4367E+02
   1.977  0.4923E+01  0.4372E+02
   1.987  0.5684E+01  0.4377E+02
   1.997  0.5784E+01  0.4383E+02
   2.007  0.5458E+01  0.4389E+02
   2.017  0.5069E+01  0.4394E+02
   2.027  0.4766E+01  0.4399E+02
   2.037  0.4548E+01  0.4403E+02
   2.047  0.4526E+01  0.4408E+02
   2.057  0.4326E+01  0.4412E+02
   2.067  0.3980E+01  0.4416E+02
   2.077  0.4106E+01  0.4420E+02
   2.087  0.4366E+01  0.4425E+02
   2.097  0.4506E+01  0.4429E+02
   2.107  0.4693E+01  0.4434E+02
   2.117  0.4838E+01  0.4438E+02
   2.127  0.4958E+01  0.4443E+02
   2.137  0.5083E+01  0.4448E+02
   2.147  0.5217E+01  0.4454E+02
   2.157  0.5365E+01  0.4459E+02
   2.167  0.5594E+01  0.4464E+02
   2.177  0.5858E+01  0.4470E+02
   2.187  0.6152E+01  0.4476E+02
   2.197  0.6843E+01  0.4482E+02
   2.207  0.7570E+01  0.4490E+02
   2.217  0.8369E+01  0.4498E+02
   2.227  0.8679E+01  0.4506E+02
   2.237  0.1031E+02  0.4515E+02
   2.247  0.1116E+02  0.4526E+02
   2.257  0.1157E+02  0.4538E+02
   2.267  0.1164E+02  0.4549E+02
   2.277  0.1147E+02  0.4561E+02
   2.287  0.1082E+02  0.4572E+02
   2.297  0.1033E+02  0.4583E+02
   2.307  0.9302E+01  0.4593E+02
   2.317  0.8068E+01  0.4601E+02
   2.327  0.6785E+01  0.4609E+02
   2.337  0.4628E+01  0.4614E+02
   2.347  0.4825E+01  0.4619E+02
   2.357  0.5373E+01  0.4624E+02
   2.367  0.5977E+01  0.4630E+02
   2.377  0.6624E+01  0.4636E+02
   2.387  0.6729E+01  0.4643E+02
   2.397  0.6637E+01  0.4649E+02
   2.407  0.6438E+01  0.4656E+02
   2.417  0.6530E+01  0.4662E+02
   2.427  0.6904E+01  0.4669E+02
   2.437  0.7494E+01  0.4676E+02
   2.447  0.8160E+01  0.4684E+02
   2.457  0.9026E+01  0.4693E+02
   2.467  0.1058E+02  0.4702E+02
   2.477  0.1231E+02  0.4714E+02
   2.487  0.1258E+02  0.4727E+02
   2.497  0.1237E+02  0.4739E+02
   2.507  0.1239E+02  0.4752E+02
   2.517  0.1218E+02  0.4764E+02
   2.527  0.1283E+02  0.4776E+02
   2.537  0.9697E+01  0.4788E+02
   2.547  0.4845E+01  0.4795E+02
   2.557  0.1939E+01  0.4798E+02
   2.567  0.7970E+00  0.4800E+02
