 # Frequency[cm^-1] DOS PDOS
 -1.9219139211E-05  0.0000000000E+00  0.0000E+00  0.0000E+00
  9.9998078086E-01  0.0000000000E+00  0.0000E+00  0.0000E+00
  1.9999807809E+00  0.0000000000E+00  0.0000E+00  0.0000E+00
  2.9999807809E+00  0.0000000000E+00  0.0000E+00  0.0000E+00
  3.9999807809E+00  0.0000000000E+00  0.0000E+00  0.0000E+00
  4.9999807809E+00  0.0000000000E+00  0.0000E+00  0.0000E+00
  5.9999807809E+00  0.0000000000E+00  0.0000E+00  0.0000E+00
  6.9999807809E+00  0.0000000000E+00  0.0000E+00  0.0000E+00
  7.9999807809E+00  0.0000000000E+00  0.0000E+00  0.0000E+00
  8.9999807809E+00  0.0000000000E+00  0.0000E+00  0.0000E+00
  9.9999807809E+00  0.0000000000E+00  0.0000E+00  0.0000E+00
  1.0999980781E+01  0.0000000000E+00  0.0000E+00  0.0000E+00
  1.1999980781E+01  0.0000000000E+00  0.0000E+00  0.0000E+00
  1.2999980781E+01  0.0000000000E+00  0.0000E+00  0.0000E+00
  1.3999980781E+01  0.0000000000E+00  0.0000E+00  0.0000E+00
  1.4999980781E+01  0.0000000000E+00  0.0000E+00  0.0000E+00
  1.5999980781E+01  0.0000000000E+00  0.0000E+00  0.0000E+00
  1.6999980781E+01  0.0000000000E+00  0.0000E+00  0.0000E+00
  1.7999980781E+01  0.0000000000E+00  0.0000E+00  0.0000E+00
  1.8999980781E+01  0.0000000000E+00  0.0000E+00  0.0000E+00
  1.9999980781E+01  0.0000000000E+00  0.0000E+00  0.0000E+00
  2.0999980781E+01  0.0000000000E+00  0.0000E+00  0.0000E+00
  2.1999980781E+01  0.0000000000E+00  0.0000E+00  0.0000E+00
  2.2999980781E+01  0.0000000000E+00  0.0000E+00  0.0000E+00
  2.3999980781E+01  0.0000000000E+00  0.0000E+00  0.0000E+00
  2.4999980781E+01  0.0000000000E+00  0.0000E+00  0.0000E+00
  2.5999980781E+01  0.0000000000E+00  0.0000E+00  0.0000E+00
  2.6999980781E+01  0.0000000000E+00  0.0000E+00  0.0000E+00
  2.7999980781E+01  0.0000000000E+00  0.0000E+00  0.0000E+00
  2.8999980781E+01  0.0000000000E+00  0.0000E+00  0.0000E+00
  2.9999980781E+01  0.0000000000E+00  0.0000E+00  0.0000E+00
  3.0999980781E+01  0.0000000000E+00  0.0000E+00  0.0000E+00
  3.1999980781E+01  0.0000000000E+00  0.0000E+00  0.0000E+00
  3.2999980781E+01  0.0000000000E+00  0.0000E+00  0.0000E+00
  3.3999980781E+01  0.0000000000E+00  0.0000E+00  0.0000E+00
  3.4999980781E+01  0.0000000000E+00  0.0000E+00  0.0000E+00
  3.5999980781E+01  0.0000000000E+00  0.0000E+00  0.0000E+00
  3.6999980781E+01  0.0000000000E+00  0.0000E+00  0.0000E+00
  3.7999980781E+01  0.0000000000E+00  0.0000E+00  0.0000E+00
  3.8999980781E+01  0.0000000000E+00  0.0000E+00  0.0000E+00
  3.9999980781E+01  0.0000000000E+00  0.0000E+00  0.0000E+00
  4.0999980781E+01  0.0000000000E+00  0.0000E+00  0.0000E+00
  4.1999980781E+01  0.0000000000E+00  0.0000E+00  0.0000E+00
  4.2999980781E+01  0.0000000000E+00  0.0000E+00  0.0000E+00
  4.3999980781E+01  0.0000000000E+00  0.0000E+00  0.0000E+00
  4.4999980781E+01  0.0000000000E+00  0.0000E+00  0.0000E+00
  4.5999980781E+01  0.0000000000E+00  0.0000E+00  0.0000E+00
  4.6999980781E+01  0.0000000000E+00  0.0000E+00  0.0000E+00
  4.7999980781E+01  0.0000000000E+00  0.0000E+00  0.0000E+00
  4.8999980781E+01  0.0000000000E+00  0.0000E+00  0.0000E+00
  4.9999980781E+01  0.0000000000E+00  0.0000E+00  0.0000E+00
  5.0999980781E+01  0.0000000000E+00  0.0000E+00  0.0000E+00
  5.1999980781E+01  0.0000000000E+00  0.0000E+00  0.0000E+00
  5.2999980781E+01  0.0000000000E+00  0.0000E+00  0.0000E+00
  5.3999980781E+01  0.0000000000E+00  0.0000E+00  0.0000E+00
  5.4999980781E+01  0.0000000000E+00  0.0000E+00  0.0000E+00
  5.5999980781E+01  0.0000000000E+00  0.0000E+00  0.0000E+00
  5.6999980781E+01  0.0000000000E+00  0.0000E+00  0.0000E+00
  5.7999980781E+01  0.0000000000E+00  0.0000E+00  0.0000E+00
  5.8999980781E+01  0.0000000000E+00  0.0000E+00  0.0000E+00
  5.9999980781E+01  0.0000000000E+00  0.0000E+00  0.0000E+00
  6.0999980781E+01  0.0000000000E+00  0.0000E+00  0.0000E+00
  6.1999980781E+01  0.0000000000E+00  0.0000E+00  0.0000E+00
  6.2999980781E+01  0.0000000000E+00  0.0000E+00  0.0000E+00
  6.3999980781E+01  0.0000000000E+00  0.0000E+00  0.0000E+00
  6.4999980781E+01  0.0000000000E+00  0.0000E+00  0.0000E+00
  6.5999980781E+01  0.0000000000E+00  0.0000E+00  0.0000E+00
  6.6999980781E+01  0.0000000000E+00  0.0000E+00  0.0000E+00
  6.7999980781E+01  0.0000000000E+00  0.0000E+00  0.0000E+00
  6.8999980781E+01  0.0000000000E+00  0.0000E+00  0.0000E+00
  6.9999980781E+01  0.0000000000E+00  0.0000E+00  0.0000E+00
  7.0999980781E+01  0.0000000000E+00  0.0000E+00  0.0000E+00
  7.1999980781E+01  0.0000000000E+00  0.0000E+00  0.0000E+00
  7.2999980781E+01  0.0000000000E+00  0.0000E+00  0.0000E+00
  7.3999980781E+01  0.0000000000E+00  0.0000E+00  0.0000E+00
  7.4999980781E+01  0.0000000000E+00  0.0000E+00  0.0000E+00
  7.5999980781E+01  0.0000000000E+00  0.0000E+00  0.0000E+00
  7.6999980781E+01  0.0000000000E+00  0.0000E+00  0.0000E+00
  7.7999980781E+01  0.0000000000E+00  0.0000E+00  0.0000E+00
  7.8999980781E+01  0.0000000000E+00  0.0000E+00  0.0000E+00
  7.9999980781E+01  0.0000000000E+00  0.0000E+00  0.0000E+00
  8.0999980781E+01  0.0000000000E+00  0.0000E+00  0.0000E+00
  8.1999980781E+01  0.0000000000E+00  0.0000E+00  0.0000E+00
  8.2999980781E+01  0.0000000000E+00  0.0000E+00  0.0000E+00
  8.3999980781E+01  0.0000000000E+00  0.0000E+00  0.0000E+00
  8.4999980781E+01  0.0000000000E+00  0.0000E+00  0.0000E+00
  8.5999980781E+01  0.0000000000E+00  0.0000E+00  0.0000E+00
  8.6999980781E+01  0.0000000000E+00  0.0000E+00  0.0000E+00
  8.7999980781E+01  0.0000000000E+00  0.0000E+00  0.0000E+00
  8.8999980781E+01  0.0000000000E+00  0.0000E+00  0.0000E+00
  8.9999980781E+01  0.0000000000E+00  0.0000E+00  0.0000E+00
  9.0999980781E+01  0.0000000000E+00  0.0000E+00  0.0000E+00
  9.1999980781E+01  0.0000000000E+00  0.0000E+00  0.0000E+00
  9.2999980781E+01  0.0000000000E+00  0.0000E+00  0.0000E+00
  9.3999980781E+01  0.0000000000E+00  0.0000E+00  0.0000E+00
  9.4999980781E+01  0.0000000000E+00  0.0000E+00  0.0000E+00
  9.5999980781E+01  0.0000000000E+00  0.0000E+00  0.0000E+00
  9.6999980781E+01  0.0000000000E+00  0.0000E+00  0.0000E+00
  9.7999980781E+01  0.0000000000E+00  0.0000E+00  0.0000E+00
  9.8999980781E+01  0.0000000000E+00  0.0000E+00  0.0000E+00
  9.9999980781E+01  0.0000000000E+00  0.0000E+00  0.0000E+00
  1.0099998078E+02  0.0000000000E+00  0.0000E+00  0.0000E+00
  1.0199998078E+02  0.0000000000E+00  0.0000E+00  0.0000E+00
  1.0299998078E+02  0.0000000000E+00  0.0000E+00  0.0000E+00
  1.0399998078E+02  0.0000000000E+00  0.0000E+00  0.0000E+00
  1.0499998078E+02  0.0000000000E+00  0.0000E+00  0.0000E+00
  1.0599998078E+02  0.0000000000E+00  0.0000E+00  0.0000E+00
  1.0699998078E+02  0.0000000000E+00  0.0000E+00  0.0000E+00
  1.0799998078E+02  0.0000000000E+00  0.0000E+00  0.0000E+00
  1.0899998078E+02  0.0000000000E+00  0.0000E+00  0.0000E+00
  1.0999998078E+02  0.0000000000E+00  0.0000E+00  0.0000E+00
  1.1099998078E+02  0.0000000000E+00  0.0000E+00  0.0000E+00
  1.1199998078E+02  0.0000000000E+00  0.0000E+00  0.0000E+00
  1.1299998078E+02  0.0000000000E+00  0.0000E+00  0.0000E+00
  1.1399998078E+02  0.0000000000E+00  0.0000E+00  0.0000E+00
  1.1499998078E+02  0.0000000000E+00  0.0000E+00  0.0000E+00
  1.1599998078E+02  0.0000000000E+00  0.0000E+00  0.0000E+00
  1.1699998078E+02  0.0000000000E+00  0.0000E+00  0.0000E+00
  1.1799998078E+02  0.0000000000E+00  0.0000E+00  0.0000E+00
  1.1899998078E+02  0.0000000000E+00  0.0000E+00  0.0000E+00
  1.1999998078E+02  0.0000000000E+00  0.0000E+00  0.0000E+00
  1.2099998078E+02  0.0000000000E+00  0.0000E+00  0.0000E+00
  1.2199998078E+02  0.0000000000E+00  0.0000E+00  0.0000E+00
  1.2299998078E+02  0.0000000000E+00  0.0000E+00  0.0000E+00
  1.2399998078E+02  0.0000000000E+00  0.0000E+00  0.0000E+00
  1.2499998078E+02  0.0000000000E+00  0.0000E+00  0.0000E+00
  1.2599998078E+02  0.0000000000E+00  0.0000E+00  0.0000E+00
  1.2699998078E+02  0.0000000000E+00  0.0000E+00  0.0000E+00
  1.2799998078E+02  0.0000000000E+00  0.0000E+00  0.0000E+00
  1.2899998078E+02  0.0000000000E+00  0.0000E+00  0.0000E+00
  1.2999998078E+02  0.0000000000E+00  0.0000E+00  0.0000E+00
  1.3099998078E+02  0.0000000000E+00  0.0000E+00  0.0000E+00
  1.3199998078E+02  0.0000000000E+00  0.0000E+00  0.0000E+00
  1.3299998078E+02  0.0000000000E+00  0.0000E+00  0.0000E+00
  1.3399998078E+02  0.0000000000E+00  0.0000E+00  0.0000E+00
  1.3499998078E+02  0.0000000000E+00  0.0000E+00  0.0000E+00
  1.3599998078E+02  0.0000000000E+00  0.0000E+00  0.0000E+00
  1.3699998078E+02  0.0000000000E+00  0.0000E+00  0.0000E+00
  1.3799998078E+02  0.0000000000E+00  0.0000E+00  0.0000E+00
  1.3899998078E+02  0.0000000000E+00  0.0000E+00  0.0000E+00
  1.3999998078E+02  0.0000000000E+00  0.0000E+00  0.0000E+00
  1.4099998078E+02  0.0000000000E+00  0.0000E+00  0.0000E+00
  1.4199998078E+02  0.0000000000E+00  0.0000E+00  0.0000E+00
  1.4299998078E+02  0.0000000000E+00  0.0000E+00  0.0000E+00
  1.4399998078E+02  0.0000000000E+00  0.0000E+00  0.0000E+00
  1.4499998078E+02  0.0000000000E+00  0.0000E+00  0.0000E+00
  1.4599998078E+02  0.0000000000E+00  0.0000E+00  0.0000E+00
  1.4699998078E+02  0.0000000000E+00  0.0000E+00  0.0000E+00
  1.4799998078E+02  0.0000000000E+00  0.0000E+00  0.0000E+00
  1.4899998078E+02  0.0000000000E+00  0.0000E+00  0.0000E+00
  1.4999998078E+02  0.0000000000E+00  0.0000E+00  0.0000E+00
  1.5099998078E+02  0.0000000000E+00  0.0000E+00  0.0000E+00
  1.5199998078E+02  0.0000000000E+00  0.0000E+00  0.0000E+00
  1.5299998078E+02  0.0000000000E+00  0.0000E+00  0.0000E+00
  1.5399998078E+02  0.0000000000E+00  0.0000E+00  0.0000E+00
  1.5499998078E+02  0.0000000000E+00  0.0000E+00  0.0000E+00
  1.5599998078E+02  0.0000000000E+00  0.0000E+00  0.0000E+00
  1.5699998078E+02  0.0000000000E+00  0.0000E+00  0.0000E+00
  1.5799998078E+02  0.0000000000E+00  0.0000E+00  0.0000E+00
  1.5899998078E+02  0.0000000000E+00  0.0000E+00  0.0000E+00
  1.5999998078E+02  0.0000000000E+00  0.0000E+00  0.0000E+00
  1.6099998078E+02  0.0000000000E+00  0.0000E+00  0.0000E+00
  1.6199998078E+02  0.0000000000E+00  0.0000E+00  0.0000E+00
  1.6299998078E+02  0.0000000000E+00  0.0000E+00  0.0000E+00
  1.6399998078E+02  0.0000000000E+00  0.0000E+00  0.0000E+00
  1.6499998078E+02  0.0000000000E+00  0.0000E+00  0.0000E+00
  1.6599998078E+02  0.0000000000E+00  0.0000E+00  0.0000E+00
  1.6699998078E+02  0.0000000000E+00  0.0000E+00  0.0000E+00
  1.6799998078E+02  0.0000000000E+00  0.0000E+00  0.0000E+00
  1.6899998078E+02  0.0000000000E+00  0.0000E+00  0.0000E+00
  1.6999998078E+02  0.0000000000E+00  0.0000E+00  0.0000E+00
  1.7099998078E+02  0.0000000000E+00  0.0000E+00  0.0000E+00
  1.7199998078E+02  0.0000000000E+00  0.0000E+00  0.0000E+00
  1.7299998078E+02  0.0000000000E+00  0.0000E+00  0.0000E+00
  1.7399998078E+02  0.0000000000E+00  0.0000E+00  0.0000E+00
  1.7499998078E+02  0.0000000000E+00  0.0000E+00  0.0000E+00
  1.7599998078E+02  0.0000000000E+00  0.0000E+00  0.0000E+00
  1.7699998078E+02  0.0000000000E+00  0.0000E+00  0.0000E+00
  1.7799998078E+02  0.0000000000E+00  0.0000E+00  0.0000E+00
  1.7899998078E+02  0.0000000000E+00  0.0000E+00  0.0000E+00
  1.7999998078E+02  0.0000000000E+00  0.0000E+00  0.0000E+00
  1.8099998078E+02  0.0000000000E+00  0.0000E+00  0.0000E+00
  1.8199998078E+02  0.0000000000E+00  0.0000E+00  0.0000E+00
  1.8299998078E+02  0.0000000000E+00  0.0000E+00  0.0000E+00
  1.8399998078E+02  0.0000000000E+00  0.0000E+00  0.0000E+00
  1.8499998078E+02  0.0000000000E+00  0.0000E+00  0.0000E+00
  1.8599998078E+02  0.0000000000E+00  0.0000E+00  0.0000E+00
  1.8699998078E+02  0.0000000000E+00  0.0000E+00  0.0000E+00
  1.8799998078E+02  0.0000000000E+00  0.0000E+00  0.0000E+00
  1.8899998078E+02  0.0000000000E+00  0.0000E+00  0.0000E+00
  1.8999998078E+02  0.0000000000E+00  0.0000E+00  0.0000E+00
  1.9099998078E+02  0.0000000000E+00  0.0000E+00  0.0000E+00
  1.9199998078E+02  0.0000000000E+00  0.0000E+00  0.0000E+00
  1.9299998078E+02  0.0000000000E+00  0.0000E+00  0.0000E+00
  1.9399998078E+02  0.0000000000E+00  0.0000E+00  0.0000E+00
  1.9499998078E+02  0.0000000000E+00  0.0000E+00  0.0000E+00
  1.9599998078E+02  0.0000000000E+00  0.0000E+00  0.0000E+00
  1.9699998078E+02  0.0000000000E+00  0.0000E+00  0.0000E+00
  1.9799998078E+02  0.0000000000E+00  0.0000E+00  0.0000E+00
  1.9899998078E+02  0.0000000000E+00  0.0000E+00  0.0000E+00
  1.9999998078E+02  0.0000000000E+00  0.0000E+00  0.0000E+00
  2.0099998078E+02  0.0000000000E+00  0.0000E+00  0.0000E+00
  2.0199998078E+02  0.0000000000E+00  0.0000E+00  0.0000E+00
  2.0299998078E+02  0.0000000000E+00  0.0000E+00  0.0000E+00
  2.0399998078E+02  0.0000000000E+00  0.0000E+00  0.0000E+00
  2.0499998078E+02  0.0000000000E+00  0.0000E+00  0.0000E+00
  2.0599998078E+02  0.0000000000E+00  0.0000E+00  0.0000E+00
  2.0699998078E+02  0.0000000000E+00  0.0000E+00  0.0000E+00
  2.0799998078E+02  0.0000000000E+00  0.0000E+00  0.0000E+00
  2.0899998078E+02  0.0000000000E+00  0.0000E+00  0.0000E+00
  2.0999998078E+02  0.0000000000E+00  0.0000E+00  0.0000E+00
  2.1099998078E+02  0.0000000000E+00  0.0000E+00  0.0000E+00
  2.1199998078E+02  0.0000000000E+00  0.0000E+00  0.0000E+00
  2.1299998078E+02  0.0000000000E+00  0.0000E+00  0.0000E+00
  2.1399998078E+02  0.0000000000E+00  0.0000E+00  0.0000E+00
  2.1499998078E+02  0.0000000000E+00  0.0000E+00  0.0000E+00
  2.1599998078E+02  0.0000000000E+00  0.0000E+00  0.0000E+00
  2.1699998078E+02  0.0000000000E+00  0.0000E+00  0.0000E+00
  2.1799998078E+02  0.0000000000E+00  0.0000E+00  0.0000E+00
  2.1899998078E+02  0.0000000000E+00  0.0000E+00  0.0000E+00
  2.1999998078E+02  0.0000000000E+00  0.0000E+00  0.0000E+00
  2.2099998078E+02  0.0000000000E+00  0.0000E+00  0.0000E+00
  2.2199998078E+02  0.0000000000E+00  0.0000E+00  0.0000E+00
  2.2299998078E+02  0.0000000000E+00  0.0000E+00  0.0000E+00
  2.2399998078E+02  0.0000000000E+00  0.0000E+00  0.0000E+00
  2.2499998078E+02  0.0000000000E+00  0.0000E+00  0.0000E+00
  2.2599998078E+02  0.0000000000E+00  0.0000E+00  0.0000E+00
  2.2699998078E+02  0.0000000000E+00  0.0000E+00  0.0000E+00
  2.2799998078E+02  0.0000000000E+00  0.0000E+00  0.0000E+00
  2.2899998078E+02  0.0000000000E+00  0.0000E+00  0.0000E+00
  2.2999998078E+02  0.0000000000E+00  0.0000E+00  0.0000E+00
  2.3099998078E+02  0.0000000000E+00  0.0000E+00  0.0000E+00
  2.3199998078E+02  0.0000000000E+00  0.0000E+00  0.0000E+00
  2.3299998078E+02  0.0000000000E+00  0.0000E+00  0.0000E+00
  2.3399998078E+02  0.0000000000E+00  0.0000E+00  0.0000E+00
  2.3499998078E+02  0.0000000000E+00  0.0000E+00  0.0000E+00
  2.3599998078E+02  0.0000000000E+00  0.0000E+00  0.0000E+00
  2.3699998078E+02  0.0000000000E+00  0.0000E+00  0.0000E+00
  2.3799998078E+02  0.0000000000E+00  0.0000E+00  0.0000E+00
  2.3899998078E+02  0.0000000000E+00  0.0000E+00  0.0000E+00
  2.3999998078E+02  0.0000000000E+00  0.0000E+00  0.0000E+00
  2.4099998078E+02  0.0000000000E+00  0.0000E+00  0.0000E+00
  2.4199998078E+02  0.0000000000E+00  0.0000E+00  0.0000E+00
  2.4299998078E+02  0.0000000000E+00  0.0000E+00  0.0000E+00
  2.4399998078E+02  0.0000000000E+00  0.0000E+00  0.0000E+00
  2.4499998078E+02  0.0000000000E+00  0.0000E+00  0.0000E+00
  2.4599998078E+02  0.0000000000E+00  0.0000E+00  0.0000E+00
  2.4699998078E+02  0.0000000000E+00  0.0000E+00  0.0000E+00
  2.4799998078E+02  0.0000000000E+00  0.0000E+00  0.0000E+00
  2.4899998078E+02  0.0000000000E+00  0.0000E+00  0.0000E+00
  2.4999998078E+02  0.0000000000E+00  0.0000E+00  0.0000E+00
  2.5099998078E+02  0.0000000000E+00  0.0000E+00  0.0000E+00
  2.5199998078E+02  0.0000000000E+00  0.0000E+00  0.0000E+00
  2.5299998078E+02  0.0000000000E+00  0.0000E+00  0.0000E+00
  2.5399998078E+02  0.0000000000E+00  0.0000E+00  0.0000E+00
  2.5499998078E+02  0.0000000000E+00  0.0000E+00  0.0000E+00
  2.5599998078E+02  0.0000000000E+00  0.0000E+00  0.0000E+00
  2.5699998078E+02  0.0000000000E+00  0.0000E+00  0.0000E+00
  2.5799998078E+02  0.0000000000E+00  0.0000E+00  0.0000E+00
  2.5899998078E+02  0.0000000000E+00  0.0000E+00  0.0000E+00
  2.5999998078E+02  0.0000000000E+00  0.0000E+00  0.0000E+00
  2.6099998078E+02  0.0000000000E+00  0.0000E+00  0.0000E+00
  2.6199998078E+02  0.0000000000E+00  0.0000E+00  0.0000E+00
  2.6299998078E+02  0.0000000000E+00  0.0000E+00  0.0000E+00
  2.6399998078E+02  0.0000000000E+00  0.0000E+00  0.0000E+00
  2.6499998078E+02  0.0000000000E+00  0.0000E+00  0.0000E+00
  2.6599998078E+02  0.0000000000E+00  0.0000E+00  0.0000E+00
  2.6699998078E+02  0.0000000000E+00  0.0000E+00  0.0000E+00
  2.6799998078E+02  0.0000000000E+00  0.0000E+00  0.0000E+00
  2.6899998078E+02  0.0000000000E+00  0.0000E+00  0.0000E+00
  2.6999998078E+02  0.0000000000E+00  0.0000E+00  0.0000E+00
  2.7099998078E+02  0.0000000000E+00  0.0000E+00  0.0000E+00
  2.7199998078E+02  0.0000000000E+00  0.0000E+00  0.0000E+00
  2.7299998078E+02  0.0000000000E+00  0.0000E+00  0.0000E+00
  2.7399998078E+02  0.0000000000E+00  0.0000E+00  0.0000E+00
  2.7499998078E+02  0.0000000000E+00  0.0000E+00  0.0000E+00
  2.7599998078E+02  0.0000000000E+00  0.0000E+00  0.0000E+00
  2.7699998078E+02  0.0000000000E+00  0.0000E+00  0.0000E+00
  2.7799998078E+02  0.0000000000E+00  0.0000E+00  0.0000E+00
  2.7899998078E+02  0.0000000000E+00  0.0000E+00  0.0000E+00
  2.7999998078E+02  0.0000000000E+00  0.0000E+00  0.0000E+00
  2.8099998078E+02  0.0000000000E+00  0.0000E+00  0.0000E+00
  2.8199998078E+02  0.0000000000E+00  0.0000E+00  0.0000E+00
  2.8299998078E+02  0.0000000000E+00  0.0000E+00  0.0000E+00
  2.8399998078E+02  0.0000000000E+00  0.0000E+00  0.0000E+00
  2.8499998078E+02  0.0000000000E+00  0.0000E+00  0.0000E+00
  2.8599998078E+02  0.0000000000E+00  0.0000E+00  0.0000E+00
  2.8699998078E+02  0.0000000000E+00  0.0000E+00  0.0000E+00
  2.8799998078E+02  0.0000000000E+00  0.0000E+00  0.0000E+00
  2.8899998078E+02  0.0000000000E+00  0.0000E+00  0.0000E+00
  2.8999998078E+02  0.0000000000E+00  0.0000E+00  0.0000E+00
  2.9099998078E+02  0.0000000000E+00  0.0000E+00  0.0000E+00
  2.9199998078E+02  0.0000000000E+00  0.0000E+00  0.0000E+00
  2.9299998078E+02  0.0000000000E+00  0.0000E+00  0.0000E+00
  2.9399998078E+02  0.0000000000E+00  0.0000E+00  0.0000E+00
  2.9499998078E+02  0.0000000000E+00  0.0000E+00  0.0000E+00
  2.9599998078E+02  0.0000000000E+00  0.0000E+00  0.0000E+00
  2.9699998078E+02  0.0000000000E+00  0.0000E+00  0.0000E+00
  2.9799998078E+02  0.0000000000E+00  0.0000E+00  0.0000E+00
  2.9899998078E+02  0.0000000000E+00  0.0000E+00  0.0000E+00
  2.9999998078E+02  0.0000000000E+00  0.0000E+00  0.0000E+00
  3.0099998078E+02  0.0000000000E+00  0.0000E+00  0.0000E+00
  3.0199998078E+02  0.0000000000E+00  0.0000E+00  0.0000E+00
  3.0299998078E+02  0.0000000000E+00  0.0000E+00  0.0000E+00
  3.0399998078E+02  0.0000000000E+00  0.0000E+00  0.0000E+00
  3.0499998078E+02  0.0000000000E+00  0.0000E+00  0.0000E+00
  3.0599998078E+02  0.0000000000E+00  0.0000E+00  0.0000E+00
  3.0699998078E+02  0.0000000000E+00  0.0000E+00  0.0000E+00
  3.0799998078E+02  0.0000000000E+00  0.0000E+00  0.0000E+00
  3.0899998078E+02  0.0000000000E+00  0.0000E+00  0.0000E+00
  3.0999998078E+02  0.0000000000E+00  0.0000E+00  0.0000E+00
  3.1099998078E+02  0.0000000000E+00  0.0000E+00  0.0000E+00
  3.1199998078E+02  0.0000000000E+00  0.0000E+00  0.0000E+00
  3.1299998078E+02  0.0000000000E+00  0.0000E+00  0.0000E+00
  3.1399998078E+02  0.0000000000E+00  0.0000E+00  0.0000E+00
  3.1499998078E+02  0.0000000000E+00  0.0000E+00  0.0000E+00
  3.1599998078E+02  0.0000000000E+00  0.0000E+00  0.0000E+00
  3.1699998078E+02  0.0000000000E+00  0.0000E+00  0.0000E+00
  3.1799998078E+02  0.0000000000E+00  0.0000E+00  0.0000E+00
  3.1899998078E+02  0.0000000000E+00  0.0000E+00  0.0000E+00
  3.1999998078E+02  0.0000000000E+00  0.0000E+00  0.0000E+00
  3.2099998078E+02  0.0000000000E+00  0.0000E+00  0.0000E+00
  3.2199998078E+02  0.0000000000E+00  0.0000E+00  0.0000E+00
  3.2299998078E+02  0.0000000000E+00  0.0000E+00  0.0000E+00
  3.2399998078E+02  0.0000000000E+00  0.0000E+00  0.0000E+00
  3.2499998078E+02  0.0000000000E+00  0.0000E+00  0.0000E+00
  3.2599998078E+02  0.0000000000E+00  0.0000E+00  0.0000E+00
  3.2699998078E+02  0.0000000000E+00  0.0000E+00  0.0000E+00
  3.2799998078E+02  0.0000000000E+00  0.0000E+00  0.0000E+00
  3.2899998078E+02  0.0000000000E+00  0.0000E+00  0.0000E+00
  3.2999998078E+02  0.0000000000E+00  0.0000E+00  0.0000E+00
  3.3099998078E+02  0.0000000000E+00  0.0000E+00  0.0000E+00
  3.3199998078E+02  0.0000000000E+00  0.0000E+00  0.0000E+00
  3.3299998078E+02  0.0000000000E+00  0.0000E+00  0.0000E+00
  3.3399998078E+02  0.0000000000E+00  0.0000E+00  0.0000E+00
  3.3499998078E+02  0.0000000000E+00  0.0000E+00  0.0000E+00
  3.3599998078E+02  0.0000000000E+00  0.0000E+00  0.0000E+00
  3.3699998078E+02  0.0000000000E+00  0.0000E+00  0.0000E+00
  3.3799998078E+02  0.0000000000E+00  0.0000E+00  0.0000E+00
  3.3899998078E+02  0.0000000000E+00  0.0000E+00  0.0000E+00
  3.3999998078E+02  0.0000000000E+00  0.0000E+00  0.0000E+00
  3.4099998078E+02  0.0000000000E+00  0.0000E+00  0.0000E+00
  3.4199998078E+02  0.0000000000E+00  0.0000E+00  0.0000E+00
  3.4299998078E+02  0.0000000000E+00  0.0000E+00  0.0000E+00
  3.4399998078E+02  0.0000000000E+00  0.0000E+00  0.0000E+00
  3.4499998078E+02  0.0000000000E+00  0.0000E+00  0.0000E+00
  3.4599998078E+02  0.0000000000E+00  0.0000E+00  0.0000E+00
  3.4699998078E+02  0.0000000000E+00  0.0000E+00  0.0000E+00
  3.4799998078E+02  0.0000000000E+00  0.0000E+00  0.0000E+00
  3.4899998078E+02  0.0000000000E+00  0.0000E+00  0.0000E+00
  3.4999998078E+02  0.0000000000E+00  0.0000E+00  0.0000E+00
  3.5099998078E+02  0.0000000000E+00  0.0000E+00  0.0000E+00
  3.5199998078E+02  0.0000000000E+00  0.0000E+00  0.0000E+00
  3.5299998078E+02  0.0000000000E+00  0.0000E+00  0.0000E+00
  3.5399998078E+02  0.0000000000E+00  0.0000E+00  0.0000E+00
  3.5499998078E+02  0.0000000000E+00  0.0000E+00  0.0000E+00
  3.5599998078E+02  0.0000000000E+00  0.0000E+00  0.0000E+00
  3.5699998078E+02  0.0000000000E+00  0.0000E+00  0.0000E+00
  3.5799998078E+02  0.0000000000E+00  0.0000E+00  0.0000E+00
  3.5899998078E+02  0.0000000000E+00  0.0000E+00  0.0000E+00
  3.5999998078E+02  0.0000000000E+00  0.0000E+00  0.0000E+00
  3.6099998078E+02  0.0000000000E+00  0.0000E+00  0.0000E+00
  3.6199998078E+02  0.0000000000E+00  0.0000E+00  0.0000E+00
  3.6299998078E+02  0.0000000000E+00  0.0000E+00  0.0000E+00
  3.6399998078E+02  0.0000000000E+00  0.0000E+00  0.0000E+00
  3.6499998078E+02  0.0000000000E+00  0.0000E+00  0.0000E+00
  3.6599998078E+02  0.0000000000E+00  0.0000E+00  0.0000E+00
  3.6699998078E+02  0.0000000000E+00  0.0000E+00  0.0000E+00
  3.6799998078E+02  0.0000000000E+00  0.0000E+00  0.0000E+00
  3.6899998078E+02  0.0000000000E+00  0.0000E+00  0.0000E+00
  3.6999998078E+02  0.0000000000E+00  0.0000E+00  0.0000E+00
  3.7099998078E+02  0.0000000000E+00  0.0000E+00  0.0000E+00
  3.7199998078E+02  0.0000000000E+00  0.0000E+00  0.0000E+00
  3.7299998078E+02  0.0000000000E+00  0.0000E+00  0.0000E+00
  3.7399998078E+02  0.0000000000E+00  0.0000E+00  0.0000E+00
  3.7499998078E+02  0.0000000000E+00  0.0000E+00  0.0000E+00
  3.7599998078E+02  0.0000000000E+00  0.0000E+00  0.0000E+00
  3.7699998078E+02  0.0000000000E+00  0.0000E+00  0.0000E+00
  3.7799998078E+02  0.0000000000E+00  0.0000E+00  0.0000E+00
  3.7899998078E+02  0.0000000000E+00  0.0000E+00  0.0000E+00
  3.7999998078E+02  0.0000000000E+00  0.0000E+00  0.0000E+00
  3.8099998078E+02  0.0000000000E+00  0.0000E+00  0.0000E+00
  3.8199998078E+02  0.0000000000E+00  0.0000E+00  0.0000E+00
  3.8299998078E+02  0.0000000000E+00  0.0000E+00  0.0000E+00
  3.8399998078E+02  0.0000000000E+00  0.0000E+00  0.0000E+00
  3.8499998078E+02  0.0000000000E+00  0.0000E+00  0.0000E+00
  3.8599998078E+02  0.0000000000E+00  0.0000E+00  0.0000E+00
  3.8699998078E+02  0.0000000000E+00  0.0000E+00  0.0000E+00
  3.8799998078E+02  0.0000000000E+00  0.0000E+00  0.0000E+00
  3.8899998078E+02  0.0000000000E+00  0.0000E+00  0.0000E+00
  3.8999998078E+02  0.0000000000E+00  0.0000E+00  0.0000E+00
  3.9099998078E+02  0.0000000000E+00  0.0000E+00  0.0000E+00
  3.9199998078E+02  0.0000000000E+00  0.0000E+00  0.0000E+00
  3.9299998078E+02  0.0000000000E+00  0.0000E+00  0.0000E+00
  3.9399998078E+02  0.0000000000E+00  0.0000E+00  0.0000E+00
  3.9499998078E+02  0.0000000000E+00  0.0000E+00  0.0000E+00
  3.9599998078E+02  0.0000000000E+00  0.0000E+00  0.0000E+00
  3.9699998078E+02  0.0000000000E+00  0.0000E+00  0.0000E+00
  3.9799998078E+02  0.0000000000E+00  0.0000E+00  0.0000E+00
  3.9899998078E+02  0.0000000000E+00  0.0000E+00  0.0000E+00
  3.9999998078E+02  0.0000000000E+00  0.0000E+00  0.0000E+00
  4.0099998078E+02  0.0000000000E+00  0.0000E+00  0.0000E+00
  4.0199998078E+02  0.0000000000E+00  0.0000E+00  0.0000E+00
  4.0299998078E+02  0.0000000000E+00  0.0000E+00  0.0000E+00
  4.0399998078E+02  0.0000000000E+00  0.0000E+00  0.0000E+00
  4.0499998078E+02  0.0000000000E+00  0.0000E+00  0.0000E+00
  4.0599998078E+02  0.0000000000E+00  0.0000E+00  0.0000E+00
  4.0699998078E+02  0.0000000000E+00  0.0000E+00  0.0000E+00
  4.0799998078E+02  0.0000000000E+00  0.0000E+00  0.0000E+00
  4.0899998078E+02  0.0000000000E+00  0.0000E+00  0.0000E+00
  4.0999998078E+02  0.0000000000E+00  0.0000E+00  0.0000E+00
  4.1099998078E+02  0.0000000000E+00  0.0000E+00  0.0000E+00
  4.1199998078E+02  0.0000000000E+00  0.0000E+00  0.0000E+00
  4.1299998078E+02  0.0000000000E+00  0.0000E+00  0.0000E+00
  4.1399998078E+02  0.0000000000E+00  0.0000E+00  0.0000E+00
  4.1499998078E+02  0.0000000000E+00  0.0000E+00  0.0000E+00
  4.1599998078E+02  0.0000000000E+00  0.0000E+00  0.0000E+00
  4.1699998078E+02  0.0000000000E+00  0.0000E+00  0.0000E+00
  4.1799998078E+02  0.0000000000E+00  0.0000E+00  0.0000E+00
  4.1899998078E+02  0.0000000000E+00  0.0000E+00  0.0000E+00
  4.1999998078E+02  0.0000000000E+00  0.0000E+00  0.0000E+00
  4.2099998078E+02  0.0000000000E+00  0.0000E+00  0.0000E+00
  4.2199998078E+02  0.0000000000E+00  0.0000E+00  0.0000E+00
  4.2299998078E+02  0.0000000000E+00  0.0000E+00  0.0000E+00
  4.2399998078E+02  0.0000000000E+00  0.0000E+00  0.0000E+00
  4.2499998078E+02  0.0000000000E+00  0.0000E+00  0.0000E+00
  4.2599998078E+02  0.0000000000E+00  0.0000E+00  0.0000E+00
  4.2699998078E+02  0.0000000000E+00  0.0000E+00  0.0000E+00
  4.2799998078E+02  0.0000000000E+00  0.0000E+00  0.0000E+00
  4.2899998078E+02  0.0000000000E+00  0.0000E+00  0.0000E+00
  4.2999998078E+02  0.0000000000E+00  0.0000E+00  0.0000E+00
  4.3099998078E+02  0.0000000000E+00  0.0000E+00  0.0000E+00
  4.3199998078E+02  0.0000000000E+00  0.0000E+00  0.0000E+00
  4.3299998078E+02  0.0000000000E+00  0.0000E+00  0.0000E+00
  4.3399998078E+02  0.0000000000E+00  0.0000E+00  0.0000E+00
  4.3499998078E+02  0.0000000000E+00  0.0000E+00  0.0000E+00
  4.3599998078E+02  0.0000000000E+00  0.0000E+00  0.0000E+00
  4.3699998078E+02  0.0000000000E+00  0.0000E+00  0.0000E+00
  4.3799998078E+02  0.0000000000E+00  0.0000E+00  0.0000E+00
  4.3899998078E+02  0.0000000000E+00  0.0000E+00  0.0000E+00
  4.3999998078E+02  0.0000000000E+00  0.0000E+00  0.0000E+00
  4.4099998078E+02  0.0000000000E+00  0.0000E+00  0.0000E+00
  4.4199998078E+02  0.0000000000E+00  0.0000E+00  0.0000E+00
  4.4299998078E+02  0.0000000000E+00  0.0000E+00  0.0000E+00
  4.4399998078E+02  0.0000000000E+00  0.0000E+00  0.0000E+00
  4.4499998078E+02  0.0000000000E+00  0.0000E+00  0.0000E+00
  4.4599998078E+02  0.0000000000E+00  0.0000E+00  0.0000E+00
  4.4699998078E+02  0.0000000000E+00  0.0000E+00  0.0000E+00
  4.4799998078E+02  0.0000000000E+00  0.0000E+00  0.0000E+00
  4.4899998078E+02  0.0000000000E+00  0.0000E+00  0.0000E+00
  4.4999998078E+02  0.0000000000E+00  0.0000E+00  0.0000E+00
  4.5099998078E+02  0.0000000000E+00  0.0000E+00  0.0000E+00
  4.5199998078E+02  0.0000000000E+00  0.0000E+00  0.0000E+00
  4.5299998078E+02  0.0000000000E+00  0.0000E+00  0.0000E+00
  4.5399998078E+02  0.0000000000E+00  0.0000E+00  0.0000E+00
  4.5499998078E+02  0.0000000000E+00  0.0000E+00  0.0000E+00
  4.5599998078E+02  0.0000000000E+00  0.0000E+00  0.0000E+00
  4.5699998078E+02  0.0000000000E+00  0.0000E+00  0.0000E+00
  4.5799998078E+02  0.0000000000E+00  0.0000E+00  0.0000E+00
  4.5899998078E+02  0.0000000000E+00  0.0000E+00  0.0000E+00
  4.5999998078E+02  0.0000000000E+00  0.0000E+00  0.0000E+00
  4.6099998078E+02  0.0000000000E+00  0.0000E+00  0.0000E+00
  4.6199998078E+02  0.0000000000E+00  0.0000E+00  0.0000E+00
  4.6299998078E+02  0.0000000000E+00  0.0000E+00  0.0000E+00
  4.6399998078E+02  0.0000000000E+00  0.0000E+00  0.0000E+00
  4.6499998078E+02  0.0000000000E+00  0.0000E+00  0.0000E+00
  4.6599998078E+02  0.0000000000E+00  0.0000E+00  0.0000E+00
  4.6699998078E+02  0.0000000000E+00  0.0000E+00  0.0000E+00
  4.6799998078E+02  0.0000000000E+00  0.0000E+00  0.0000E+00
  4.6899998078E+02  0.0000000000E+00  0.0000E+00  0.0000E+00
  4.6999998078E+02  0.0000000000E+00  0.0000E+00  0.0000E+00
  4.7099998078E+02  0.0000000000E+00  0.0000E+00  0.0000E+00
  4.7199998078E+02  0.0000000000E+00  0.0000E+00  0.0000E+00
  4.7299998078E+02  0.0000000000E+00  0.0000E+00  0.0000E+00
  4.7399998078E+02  0.0000000000E+00  0.0000E+00  0.0000E+00
  4.7499998078E+02  0.0000000000E+00  0.0000E+00  0.0000E+00
  4.7599998078E+02  0.0000000000E+00  0.0000E+00  0.0000E+00
  4.7699998078E+02  0.0000000000E+00  0.0000E+00  0.0000E+00
  4.7799998078E+02  0.0000000000E+00  0.0000E+00  0.0000E+00
  4.7899998078E+02  0.0000000000E+00  0.0000E+00  0.0000E+00
  4.7999998078E+02  0.0000000000E+00  0.0000E+00  0.0000E+00
  4.8099998078E+02  0.0000000000E+00  0.0000E+00  0.0000E+00
  4.8199998078E+02  0.0000000000E+00  0.0000E+00  0.0000E+00
  4.8299998078E+02  0.0000000000E+00  0.0000E+00  0.0000E+00
  4.8399998078E+02  0.0000000000E+00  0.0000E+00  0.0000E+00
  4.8499998078E+02  0.0000000000E+00  0.0000E+00  0.0000E+00
  4.8599998078E+02  0.0000000000E+00  0.0000E+00  0.0000E+00
  4.8699998078E+02  0.0000000000E+00  0.0000E+00  0.0000E+00
  4.8799998078E+02  0.0000000000E+00  0.0000E+00  0.0000E+00
  4.8899998078E+02  0.0000000000E+00  0.0000E+00  0.0000E+00
  4.8999998078E+02  0.0000000000E+00  0.0000E+00  0.0000E+00
  4.9099998078E+02  0.0000000000E+00  0.0000E+00  0.0000E+00
  4.9199998078E+02  0.0000000000E+00  0.0000E+00  0.0000E+00
  4.9299998078E+02  0.0000000000E+00  0.0000E+00  0.0000E+00
  4.9399998078E+02  0.0000000000E+00  0.0000E+00  0.0000E+00
  4.9499998078E+02  0.0000000000E+00  0.0000E+00  0.0000E+00
  4.9599998078E+02  0.0000000000E+00  0.0000E+00  0.0000E+00
  4.9699998078E+02  0.0000000000E+00  0.0000E+00  0.0000E+00
  4.9799998078E+02  0.0000000000E+00  0.0000E+00  0.0000E+00
  4.9899998078E+02  0.0000000000E+00  0.0000E+00  0.0000E+00
  4.9999998078E+02  0.0000000000E+00  0.0000E+00  0.0000E+00
  5.0099998078E+02  0.0000000000E+00  0.0000E+00  0.0000E+00
  5.0199998078E+02  0.0000000000E+00  0.0000E+00  0.0000E+00
  5.0299998078E+02  0.0000000000E+00  0.0000E+00  0.0000E+00
  5.0399998078E+02  0.0000000000E+00  0.0000E+00  0.0000E+00
  5.0499998078E+02  0.0000000000E+00  0.0000E+00  0.0000E+00
  5.0599998078E+02  0.0000000000E+00  0.0000E+00  0.0000E+00
  5.0699998078E+02  0.0000000000E+00  0.0000E+00  0.0000E+00
  5.0799998078E+02  0.0000000000E+00  0.0000E+00  0.0000E+00
  5.0899998078E+02  0.0000000000E+00  0.0000E+00  0.0000E+00
  5.0999998078E+02  0.0000000000E+00  0.0000E+00  0.0000E+00
  5.1099998078E+02  0.0000000000E+00  0.0000E+00  0.0000E+00
  5.1199998078E+02  0.0000000000E+00  0.0000E+00  0.0000E+00
  5.1299998078E+02  0.0000000000E+00  0.0000E+00  0.0000E+00
  5.1399998078E+02  0.0000000000E+00  0.0000E+00  0.0000E+00
  5.1499998078E+02  0.0000000000E+00  0.0000E+00  0.0000E+00
  5.1599998078E+02  0.0000000000E+00  0.0000E+00  0.0000E+00
  5.1699998078E+02  0.0000000000E+00  0.0000E+00  0.0000E+00
  5.1799998078E+02  0.0000000000E+00  0.0000E+00  0.0000E+00
  5.1899998078E+02  0.0000000000E+00  0.0000E+00  0.0000E+00
  5.1999998078E+02  0.0000000000E+00  0.0000E+00  0.0000E+00
  5.2099998078E+02  0.0000000000E+00  0.0000E+00  0.0000E+00
  5.2199998078E+02  0.0000000000E+00  0.0000E+00  0.0000E+00
  5.2299998078E+02  0.0000000000E+00  0.0000E+00  0.0000E+00
