 # Frequency[cm^-1] DOS PDOS
 -1.9219139211E-05  0.0000000000E+00  0.0000E+00  0.0000E+00
  9.9998078086E-01  1.4102180300E-07  7.0511E-08  7.0511E-08
  1.9999807809E+00  5.6408740869E-07  2.8204E-07  2.8204E-07
  2.9999807809E+00  1.2691968171E-06  6.3460E-07  6.3460E-07
  3.9999807809E+00  2.2563500281E-06  1.1282E-06  1.1282E-06
  4.9999807809E+00  3.5255470419E-06  1.7628E-06  1.7628E-06
  5.9999807809E+00  5.0767878584E-06  2.5384E-06  2.5384E-06
  6.9999807809E+00  6.9100724775E-06  3.4550E-06  3.4550E-06
  7.9999807809E+00  9.0254008993E-06  4.5127E-06  4.5127E-06
  8.9999807809E+00  1.1422773124E-05  5.7114E-06  5.7114E-06
  9.9999807809E+00  1.4102189151E-05  7.0511E-06  7.0511E-06
  1.0999980781E+01  1.7063648981E-05  8.5318E-06  8.5318E-06
  1.1999980781E+01  2.0307152614E-05  1.0154E-05  1.0154E-05
  1.2999980781E+01  2.3832700049E-05  1.1916E-05  1.1916E-05
  1.3999980781E+01  2.7640291287E-05  1.3820E-05  1.3820E-05
  1.4999980781E+01  3.1729926328E-05  1.5865E-05  1.5865E-05
  1.5999980781E+01  3.6101605171E-05  1.8051E-05  1.8051E-05
  1.6999980781E+01  4.0755327817E-05  2.0378E-05  2.0378E-05
  1.7999980781E+01  4.5691094266E-05  2.2846E-05  2.2846E-05
  1.8999980781E+01  5.0908904517E-05  2.5454E-05  2.5454E-05
  1.9999980781E+01  5.6408758571E-05  2.8204E-05  2.8204E-05
  2.0999980781E+01  6.2190656428E-05  3.1095E-05  3.1095E-05
  2.1999980781E+01  6.8254598088E-05  3.4127E-05  3.4127E-05
  2.2999980781E+01  7.4600583550E-05  3.7300E-05  3.7300E-05
  2.3999980781E+01  8.1228612815E-05  4.0614E-05  4.0614E-05
  2.4999980781E+01  8.8138685882E-05  4.4069E-05  4.4069E-05
  2.5999980781E+01  9.5330802753E-05  4.7665E-05  4.7665E-05
  2.6999980781E+01  1.0280496343E-04  5.1402E-05  5.1402E-05
  2.7999980781E+01  1.1056116790E-04  5.5281E-05  5.5281E-05
  2.8999980781E+01  1.1859941618E-04  5.9300E-05  5.9300E-05
  2.9999980781E+01  1.2691970826E-04  6.3460E-05  6.3460E-05
  3.0999980781E+01  1.3552204414E-04  6.7761E-05  6.7761E-05
  3.1999980781E+01  1.4440642383E-04  7.2203E-05  7.2203E-05
  3.2999980781E+01  1.5357284732E-04  7.6786E-05  7.6786E-05
  3.3999980781E+01  1.6302131461E-04  8.1511E-05  8.1511E-05
  3.4999980781E+01  1.7275182571E-04  8.6376E-05  8.6376E-05
  3.5999980781E+01  1.8276438060E-04  9.1382E-05  9.1382E-05
  3.6999980781E+01  1.9305897930E-04  9.6529E-05  9.6529E-05
  3.7999980781E+01  2.0363562181E-04  1.0182E-04  1.0182E-04
  3.8999980781E+01  2.1449430811E-04  1.0725E-04  1.0725E-04
  3.9999980781E+01  2.2563503822E-04  1.1282E-04  1.1282E-04
  4.0999980781E+01  2.3705781213E-04  1.1853E-04  1.1853E-04
  4.1999980781E+01  2.4876262984E-04  1.2438E-04  1.2438E-04
  4.2999980781E+01  2.6074949136E-04  1.3037E-04  1.3037E-04
  4.3999980781E+01  2.7301839668E-04  1.3651E-04  1.3651E-04
  4.4999980781E+01  2.8556934580E-04  1.4278E-04  1.4278E-04
  4.5999980781E+01  2.9840233872E-04  1.4920E-04  1.4920E-04
  4.6999980781E+01  3.1151737545E-04  1.5576E-04  1.5576E-04
  4.7999980781E+01  3.2491445598E-04  1.6246E-04  1.6246E-04
  4.8999980781E+01  3.3859358031E-04  1.6930E-04  1.6930E-04
  4.9999980781E+01  4.1785357486E-04  2.0893E-04  2.0893E-04
  5.0999980781E+01  5.4836820630E-04  2.7418E-04  2.7418E-04
  5.1999980781E+01  6.6946628012E-04  3.3473E-04  3.3473E-04
  5.2999980781E+01  7.8114779632E-04  3.9057E-04  3.9057E-04
  5.3999980781E+01  8.8341275491E-04  4.4171E-04  4.4171E-04
  5.4999980781E+01  9.7626115589E-04  4.8813E-04  4.8813E-04
  5.5999980781E+01  1.0596929993E-03  5.2985E-04  5.2985E-04
  5.6999980781E+01  1.1337082850E-03  5.6685E-04  5.6685E-04
  5.7999980781E+01  1.1983070131E-03  5.9915E-04  5.9915E-04
  5.8999980781E+01  1.2534891837E-03  6.2674E-04  6.2674E-04
  5.9999980781E+01  1.2992547966E-03  6.4963E-04  6.4963E-04
  6.0999980781E+01  1.3356038519E-03  6.6780E-04  6.6780E-04
  6.1999980781E+01  1.3625363495E-03  6.8127E-04  6.8127E-04
  6.2999980781E+01  1.3800522896E-03  6.9003E-04  6.9003E-04
  6.3999980781E+01  1.3881516720E-03  6.9408E-04  6.9408E-04
  6.4999980781E+01  1.4266176690E-03  7.1331E-04  7.1331E-04
  6.5999980781E+01  1.4824884600E-03  7.4124E-04  7.4124E-04
  6.6999980781E+01  1.5391555447E-03  7.6958E-04  7.6958E-04
  6.7999980781E+01  1.5966189231E-03  7.9831E-04  7.9831E-04
  6.8999980781E+01  1.6548785952E-03  8.2744E-04  8.2744E-04
  6.9999980781E+01  1.7139345610E-03  8.5697E-04  8.5697E-04
  7.0999980781E+01  1.7737868204E-03  8.8689E-04  8.8689E-04
  7.1999980781E+01  1.8344353736E-03  9.1722E-04  9.1722E-04
  7.2999980781E+01  1.8958802205E-03  9.4794E-04  9.4794E-04
  7.3999980781E+01  1.9606783616E-03  9.8034E-04  9.8034E-04
  7.4999980781E+01  2.0315794969E-03  1.0158E-03  1.0158E-03
  7.5999980781E+01  2.1065632979E-03  1.0533E-03  1.0533E-03
  7.6999980781E+01  2.1856297646E-03  1.0928E-03  1.0928E-03
  7.7999980781E+01  2.2687788969E-03  1.1344E-03  1.1344E-03
  7.8999980781E+01  2.3560106948E-03  1.1780E-03  1.1780E-03
  7.9999980781E+01  2.4473251584E-03  1.2237E-03  1.2237E-03
  8.0999980781E+01  2.5427222877E-03  1.2714E-03  1.2714E-03
  8.1999980781E+01  2.6422020826E-03  1.3211E-03  1.3211E-03
  8.2999980781E+01  2.7457645432E-03  1.3729E-03  1.3729E-03
  8.3999980781E+01  2.8534096694E-03  1.4267E-03  1.4267E-03
  8.4999980781E+01  2.9651374613E-03  1.4826E-03  1.4826E-03
  8.5999980781E+01  3.0826872911E-03  1.5413E-03  1.5413E-03
  8.6999980781E+01  3.2152737106E-03  1.6076E-03  1.6076E-03
  8.7999980781E+01  3.3642454070E-03  1.6821E-03  1.6821E-03
  8.8999980781E+01  3.5296023804E-03  1.7648E-03  1.7648E-03
  8.9999980781E+01  3.7113446307E-03  1.8557E-03  1.8557E-03
  9.0999980781E+01  3.9094721580E-03  1.9547E-03  1.9547E-03
  9.1999980781E+01  4.1239849622E-03  2.0620E-03  2.0620E-03
  9.2999980781E+01  4.3548830433E-03  2.1774E-03  2.1774E-03
  9.3999980781E+01  4.5796118502E-03  2.2898E-03  2.2898E-03
  9.4999980781E+01  4.8083772959E-03  2.4042E-03  2.4042E-03
  9.5999980781E+01  5.0518526994E-03  2.5259E-03  2.5259E-03
  9.6999980781E+01  5.3100380606E-03  2.6550E-03  2.6550E-03
  9.7999980781E+01  5.6192566445E-03  2.8096E-03  2.8096E-03
  9.8999980781E+01  6.3735631069E-03  3.1868E-03  3.1868E-03
  9.9999980781E+01  6.8179819747E-03  3.4090E-03  3.4090E-03
  1.0099998078E+02  6.9525132478E-03  3.4763E-03  3.4763E-03
  1.0199998078E+02  7.2876636743E-03  3.6438E-03  3.6438E-03
  1.0299998078E+02  8.2058172594E-03  4.1029E-03  4.1029E-03
  1.0399998078E+02  9.1530620917E-03  4.5765E-03  4.5765E-03
  1.0499998078E+02  1.0172490151E-02  5.0862E-03  5.0862E-03
  1.0599998078E+02  1.1104364414E-02  5.5522E-03  5.5522E-03
  1.0699998078E+02  1.1948684879E-02  5.9743E-03  5.9743E-03
  1.0799998078E+02  1.2639708818E-02  6.3199E-03  6.3199E-03
  1.0899998078E+02  1.3338084774E-02  6.6690E-03  6.6690E-03
  1.0999998078E+02  1.4037849508E-02  7.0189E-03  7.0189E-03
  1.1099998078E+02  1.4756622136E-02  7.3783E-03  7.3783E-03
  1.1199998078E+02  1.5587612048E-02  7.7938E-03  7.7938E-03
  1.1299998078E+02  1.6542317251E-02  8.2712E-03  8.2712E-03
  1.1399998078E+02  1.7620737747E-02  8.8104E-03  8.8104E-03
  1.1499998078E+02  1.4966540701E-02  7.4833E-03  7.4833E-03
  1.1599998078E+02  1.5160858156E-02  7.5804E-03  7.5804E-03
  1.1699998078E+02  1.5449773348E-02  7.7249E-03  7.7249E-03
  1.1799998078E+02  1.5764163624E-02  7.8821E-03  7.8821E-03
  1.1899998078E+02  1.6078671228E-02  8.0393E-03  8.0393E-03
  1.1999998078E+02  1.6393296160E-02  8.1966E-03  8.1966E-03
  1.2099998078E+02  1.6708038422E-02  8.3540E-03  8.3540E-03
  1.2199998078E+02  1.7022898012E-02  8.5114E-03  8.5114E-03
  1.2299998078E+02  1.7337874930E-02  8.6689E-03  8.6689E-03
  1.2399998078E+02  1.7652969178E-02  8.8265E-03  8.8265E-03
  1.2499998078E+02  1.7969216624E-02  8.9846E-03  8.9846E-03
  1.2599998078E+02  1.8286712926E-02  9.1434E-03  9.1434E-03
  1.2699998078E+02  1.8587054757E-02  9.2935E-03  9.2935E-03
  1.2799998078E+02  1.8889867076E-02  9.4449E-03  9.4449E-03
  1.2899998078E+02  1.9249777541E-02  9.6249E-03  9.6249E-03
  1.2999998078E+02  1.9730860815E-02  9.8654E-03  9.8654E-03
  1.3099998078E+02  2.1658604222E-02  1.0829E-02  1.0829E-02
  1.3199998078E+02  2.2034234445E-02  1.1017E-02  1.1017E-02
  1.3299998078E+02  2.2453251393E-02  1.1227E-02  1.1227E-02
  1.3399998078E+02  2.3001945088E-02  1.1501E-02  1.1501E-02
  1.3499998078E+02  2.4477494909E-02  1.2239E-02  1.2239E-02
  1.3599998078E+02  2.6626172119E-02  1.3313E-02  1.3313E-02
  1.3699998078E+02  2.8205448999E-02  1.4103E-02  1.4103E-02
  1.3799998078E+02  2.8006314008E-02  1.4003E-02  1.4003E-02
  1.3899998078E+02  2.7513230183E-02  1.3757E-02  1.3757E-02
  1.3999998078E+02  2.6696075140E-02  1.3348E-02  1.3348E-02
  1.4099998078E+02  2.6714464540E-02  1.3357E-02  1.3357E-02
  1.4199998078E+02  2.6935021299E-02  1.3468E-02  1.3468E-02
  1.4299998078E+02  2.7178032469E-02  1.3589E-02  1.3589E-02
  1.4399998078E+02  2.7417074464E-02  1.3709E-02  1.3709E-02
  1.4499998078E+02  2.7557654341E-02  1.3779E-02  1.3779E-02
  1.4599998078E+02  2.7576460479E-02  1.3788E-02  1.3788E-02
  1.4699998078E+02  2.7476618273E-02  1.3738E-02  1.3738E-02
  1.4799998078E+02  2.7258127725E-02  1.3629E-02  1.3629E-02
  1.4899998078E+02  2.7007107988E-02  1.3504E-02  1.3504E-02
  1.4999998078E+02  2.6833732968E-02  1.3417E-02  1.3417E-02
  1.5099998078E+02  2.6648396405E-02  1.3324E-02  1.3324E-02
  1.5199998078E+02  2.6449389317E-02  1.3225E-02  1.3225E-02
  1.5299998078E+02  2.6202420464E-02  1.3101E-02  1.3101E-02
  1.5399998078E+02  2.5933924791E-02  1.2967E-02  1.2967E-02
  1.5499998078E+02  2.5643902296E-02  1.2822E-02  1.2822E-02
  1.5599998078E+02  2.5381172959E-02  1.2691E-02  1.2691E-02
  1.5699998078E+02  2.6345673884E-02  1.3173E-02  1.3173E-02
  1.5799998078E+02  2.7994520441E-02  1.3997E-02  1.3997E-02
  1.5899998078E+02  2.6070268330E-02  1.3035E-02  1.3035E-02
  1.5999998078E+02  2.4171081885E-02  1.2086E-02  1.2086E-02
  1.6099998078E+02  2.1548210836E-02  1.0774E-02  1.0774E-02
  1.6199998078E+02  2.0291719223E-02  1.0146E-02  1.0146E-02
  1.6299998078E+02  1.8887905050E-02  9.4440E-03  9.4440E-03
  1.6399998078E+02  1.7746159260E-02  8.8731E-03  8.8731E-03
  1.6499998078E+02  1.6866481854E-02  8.4332E-03  8.4332E-03
  1.6599998078E+02  1.6453256545E-02  8.2266E-03  8.2266E-03
  1.6699998078E+02  1.6343271958E-02  8.1716E-03  8.1716E-03
  1.6799998078E+02  1.6247214345E-02  8.1236E-03  8.1236E-03
  1.6899998078E+02  1.6169263654E-02  8.0846E-03  8.0846E-03
  1.6999998078E+02  1.6081445199E-02  8.0407E-03  8.0407E-03
  1.7099998078E+02  1.5983758981E-02  7.9919E-03  7.9919E-03
  1.7199998078E+02  1.5876204999E-02  7.9381E-03  7.9381E-03
  1.7299998078E+02  1.5758783253E-02  7.8794E-03  7.8794E-03
  1.7399998078E+02  1.5631493743E-02  7.8157E-03  7.8157E-03
  1.7499998078E+02  1.5713250284E-02  7.8566E-03  7.8566E-03
  1.7599998078E+02  1.5648294766E-02  7.8241E-03  7.8241E-03
  1.7699998078E+02  1.5580507680E-02  7.7903E-03  7.7903E-03
  1.7799998078E+02  1.5509889024E-02  7.7549E-03  7.7549E-03
  1.7899998078E+02  1.5436438800E-02  7.7182E-03  7.7182E-03
  1.7999998078E+02  1.5360339022E-02  7.6802E-03  7.6802E-03
  1.8099998078E+02  1.5283751056E-02  7.6419E-03  7.6419E-03
  1.8199998078E+02  1.5207302412E-02  7.6037E-03  7.6037E-03
  1.8299998078E+02  1.5130993089E-02  7.5655E-03  7.5655E-03
  1.8399998078E+02  1.5056024296E-02  7.5280E-03  7.5280E-03
  1.8499998078E+02  1.4984231846E-02  7.4921E-03  7.4921E-03
  1.8599998078E+02  1.4915635414E-02  7.4578E-03  7.4578E-03
  1.8699998078E+02  1.4850235001E-02  7.4251E-03  7.4251E-03
  1.8799998078E+02  1.4788030607E-02  7.3940E-03  7.3940E-03
  1.8899998078E+02  1.4627079089E-02  7.3135E-03  7.3135E-03
  1.8999998078E+02  1.4731826689E-02  7.3659E-03  7.3659E-03
  1.9099998078E+02  1.6058006684E-02  8.0290E-03  8.0290E-03
  1.9199998078E+02  1.7508689985E-02  8.7543E-03  8.7543E-03
  1.9299998078E+02  1.8995779362E-02  9.4979E-03  9.4979E-03
  1.9399998078E+02  2.0854743717E-02  1.0427E-02  1.0427E-02
  1.9499998078E+02  2.3221079478E-02  1.1611E-02  1.1611E-02
  1.9599998078E+02  2.2317602573E-02  1.1159E-02  1.1159E-02
  1.9699998078E+02  1.9177896772E-02  9.5889E-03  9.5889E-03
  1.9799998078E+02  1.6953532560E-02  8.4768E-03  8.4768E-03
  1.9899998078E+02  1.4742142695E-02  7.3711E-03  7.3711E-03
  1.9999998078E+02  1.2543727179E-02  6.2719E-03  6.2719E-03
  2.0099998078E+02  1.0358286010E-02  5.1791E-03  5.1791E-03
  2.0199998078E+02  8.1858191898E-03  4.0929E-03  4.0929E-03
  2.0299998078E+02  6.0263267171E-03  3.0132E-03  3.0132E-03
  2.0399998078E+02  3.8739517702E-03  1.9370E-03  1.9370E-03
  2.0499998078E+02  3.1201350955E-03  1.5601E-03  1.5601E-03
  2.0599998078E+02  2.4954283117E-03  1.2477E-03  1.2477E-03
  2.0699998078E+02  1.9998314189E-03  9.9992E-04  9.9992E-04
  2.0799998078E+02  1.6333444170E-03  8.1667E-04  8.1667E-04
  2.0899998078E+02  1.3959673061E-03  6.9798E-04  6.9798E-04
  2.0999998078E+02  1.2877000862E-03  6.4385E-04  6.4385E-04
  2.1099998078E+02  1.2924762504E-03  6.4624E-04  6.4624E-04
  2.1199998078E+02  1.3137678653E-03  6.5688E-04  6.5688E-04
  2.1299998078E+02  1.3354717226E-03  6.6774E-04  6.6774E-04
  2.1399998078E+02  1.3575878223E-03  6.7879E-04  6.7879E-04
  2.1499998078E+02  1.3801161644E-03  6.9006E-04  6.9006E-04
  2.1599998078E+02  1.4030567488E-03  7.0153E-04  7.0153E-04
  2.1699998078E+02  1.4264095757E-03  7.1320E-04  7.1320E-04
  2.1799998078E+02  1.4501746449E-03  7.2509E-04  7.2509E-04
  2.1899998078E+02  1.4743519565E-03  7.3718E-04  7.3718E-04
  2.1999998078E+02  1.4989415105E-03  7.4947E-04  7.4947E-04
  2.2099998078E+02  1.5239433069E-03  7.6197E-04  7.6197E-04
  2.2199998078E+02  1.5493566794E-03  7.7468E-04  7.7468E-04
  2.2299998078E+02  1.5751284680E-03  7.8756E-04  7.8756E-04
  2.2399998078E+02  1.6012250979E-03  8.0061E-04  8.0061E-04
  2.2499998078E+02  1.6276465690E-03  8.1382E-04  8.1382E-04
  2.2599998078E+02  1.6543928814E-03  8.2720E-04  8.2720E-04
  2.2699998078E+02  1.6814640350E-03  8.4073E-04  8.4073E-04
  2.2799998078E+02  1.7088600298E-03  8.5443E-04  8.5443E-04
  2.2899998078E+02  1.7365808659E-03  8.6829E-04  8.6829E-04
  2.2999998078E+02  1.7646265432E-03  8.8231E-04  8.8231E-04
  2.3099998078E+02  1.7929970617E-03  8.9650E-04  8.9650E-04
  2.3199998078E+02  1.8216924215E-03  9.1085E-04  9.1085E-04
  2.3299998078E+02  1.8507126225E-03  9.2536E-04  9.2536E-04
  2.3399998078E+02  1.8795380850E-03  9.3977E-04  9.3977E-04
  2.3499998078E+02  1.9054301826E-03  9.5272E-04  9.5272E-04
  2.3599998078E+02  1.9280041869E-03  9.6400E-04  9.6400E-04
  2.3699998078E+02  1.9472600978E-03  9.7363E-04  9.7363E-04
  2.3799998078E+02  1.9631979152E-03  9.8160E-04  9.8160E-04
  2.3899998078E+02  1.9758176394E-03  9.8791E-04  9.8791E-04
  2.3999998078E+02  2.0058523273E-03  1.0029E-03  1.0029E-03
  2.4099998078E+02  2.0401921128E-03  1.0201E-03  1.0201E-03
  2.4199998078E+02  2.0748626786E-03  1.0374E-03  1.0374E-03
  2.4299998078E+02  2.1098640246E-03  1.0549E-03  1.0549E-03
  2.4399998078E+02  2.1451961509E-03  1.0726E-03  1.0726E-03
  2.4499998078E+02  2.1808590575E-03  1.0904E-03  1.0904E-03
  2.4599998078E+02  2.2168527443E-03  1.1084E-03  1.1084E-03
  2.4699998078E+02  2.2531772113E-03  1.1266E-03  1.1266E-03
  2.4799998078E+02  2.2898324586E-03  1.1449E-03  1.1449E-03
  2.4899998078E+02  2.3268184861E-03  1.1634E-03  1.1634E-03
  2.4999998078E+02  2.3641352939E-03  1.1821E-03  1.1821E-03
  2.5099998078E+02  2.4017828820E-03  1.2009E-03  1.2009E-03
  2.5199998078E+02  2.4397612503E-03  1.2199E-03  1.2199E-03
  2.5299998078E+02  2.4780703988E-03  1.2390E-03  1.2390E-03
  2.5399998078E+02  2.5167103276E-03  1.2584E-03  1.2584E-03
  2.5499998078E+02  2.5556810367E-03  1.2778E-03  1.2778E-03
  2.5599998078E+02  2.5949825260E-03  1.2975E-03  1.2975E-03
  2.5699998078E+02  2.6346147955E-03  1.3173E-03  1.3173E-03
  2.5799998078E+02  2.6745778453E-03  1.3373E-03  1.3373E-03
  2.5899998078E+02  2.7148716754E-03  1.3574E-03  1.3574E-03
  2.5999998078E+02  2.7554962857E-03  1.3777E-03  1.3777E-03
  2.6099998078E+02  2.7964516763E-03  1.3982E-03  1.3982E-03
  2.6199998078E+02  2.8377378471E-03  1.4189E-03  1.4189E-03
  2.6299998078E+02  2.8793547981E-03  1.4397E-03  1.4397E-03
  2.6399998078E+02  2.9213025294E-03  1.4607E-03  1.4607E-03
  2.6499998078E+02  2.9635810410E-03  1.4818E-03  1.4818E-03
  2.6599998078E+02  3.0061903328E-03  1.5031E-03  1.5031E-03
  2.6699998078E+02  3.0491304049E-03  1.5246E-03  1.5246E-03
  2.6799998078E+02  3.1047338752E-03  1.5524E-03  1.5524E-03
  2.6899998078E+02  3.2389590023E-03  1.6195E-03  1.6195E-03
  2.6999998078E+02  3.3062887506E-03  1.6531E-03  1.6531E-03
  2.7099998078E+02  3.3728781384E-03  1.6864E-03  1.6864E-03
  2.7199998078E+02  3.4390014726E-03  1.7195E-03  1.7195E-03
  2.7299998078E+02  3.5046587531E-03  1.7523E-03  1.7523E-03
  2.7399998078E+02  3.5698499800E-03  1.7849E-03  1.7849E-03
  2.7499998078E+02  3.6345751531E-03  1.8173E-03  1.8173E-03
  2.7599998078E+02  3.6988342726E-03  1.8494E-03  1.8494E-03
  2.7699998078E+02  3.7626273385E-03  1.8813E-03  1.8813E-03
  2.7799998078E+02  3.8259543507E-03  1.9130E-03  1.9130E-03
  2.7899998078E+02  3.8888153092E-03  1.9444E-03  1.9444E-03
  2.7999998078E+02  3.9512102141E-03  1.9756E-03  1.9756E-03
  2.8099998078E+02  4.0131390653E-03  2.0066E-03  2.0066E-03
  2.8199998078E+02  4.0746018628E-03  2.0373E-03  2.0373E-03
  2.8299998078E+02  4.1355986067E-03  2.0678E-03  2.0678E-03
  2.8399998078E+02  4.1961292969E-03  2.0981E-03  2.0981E-03
  2.8499998078E+02  4.2561939335E-03  2.1281E-03  2.1281E-03
  2.8599998078E+02  4.3191763382E-03  2.1596E-03  2.1596E-03
  2.8699998078E+02  4.3885337492E-03  2.1943E-03  2.1943E-03
  2.8799998078E+02  4.4611315879E-03  2.2306E-03  2.2306E-03
  2.8899998078E+02  4.5369698542E-03  2.2685E-03  2.2685E-03
  2.8999998078E+02  4.6160485480E-03  2.3080E-03  2.3080E-03
  2.9099998078E+02  4.6983676694E-03  2.3492E-03  2.3492E-03
  2.9199998078E+02  4.7839272184E-03  2.3920E-03  2.3920E-03
  2.9299998078E+02  4.8727271950E-03  2.4364E-03  2.4364E-03
  2.9399998078E+02  4.9647675991E-03  2.4824E-03  2.4824E-03
  2.9499998078E+02  5.0600484309E-03  2.5300E-03  2.5300E-03
  2.9599998078E+02  5.1585696902E-03  2.5793E-03  2.5793E-03
  2.9699998078E+02  5.2603313771E-03  2.6302E-03  2.6302E-03
  2.9799998078E+02  5.3653334916E-03  2.6827E-03  2.6827E-03
  2.9899998078E+02  5.4735911626E-03  2.7368E-03  2.7368E-03
  2.9999998078E+02  5.5852698995E-03  2.7926E-03  2.7926E-03
  3.0099998078E+02  5.7004151715E-03  2.8502E-03  2.8502E-03
  3.0199998078E+02  5.8190269787E-03  2.9095E-03  2.9095E-03
  3.0299998078E+02  5.9411764182E-03  2.9706E-03  2.9706E-03
  3.0399998078E+02  6.0675044694E-03  3.0338E-03  3.0338E-03
  3.0499998078E+02  6.1977454386E-03  3.0989E-03  3.0989E-03
  3.0599998078E+02  6.3318993258E-03  3.1659E-03  3.1659E-03
  3.0699998078E+02  6.4699661311E-03  3.2350E-03  3.2350E-03
  3.0799998078E+02  6.6127090845E-03  3.3064E-03  3.3064E-03
  3.0899998078E+02  6.7664152381E-03  3.3832E-03  3.3832E-03
  3.0999998078E+02  6.9412836584E-03  3.4706E-03  3.4706E-03
  3.1099998078E+02  7.1461151421E-03  3.5731E-03  3.5731E-03
  3.1199998078E+02  7.3809096893E-03  3.6905E-03  3.6905E-03
  3.1299998078E+02  7.6456204521E-03  3.8228E-03  3.8228E-03
  3.1399998078E+02  7.9390846454E-03  3.9695E-03  3.9695E-03
  3.1499998078E+02  8.2057400277E-03  4.1029E-03  4.1029E-03
  3.1599998078E+02  8.4138191454E-03  4.2069E-03  4.2069E-03
  3.1699998078E+02  8.5633219986E-03  4.2817E-03  4.2817E-03
  3.1799998078E+02  8.8131833065E-03  4.4066E-03  4.4066E-03
  3.1899998078E+02  9.1100921616E-03  4.5550E-03  4.5550E-03
  3.1999998078E+02  9.4232524572E-03  4.7116E-03  4.7116E-03
  3.2099998078E+02  9.7526641932E-03  4.8763E-03  4.8763E-03
  3.2199998078E+02  1.0098327370E-02  5.0492E-03  5.0492E-03
  3.2299998078E+02  1.0460241987E-02  5.2301E-03  5.2301E-03
  3.2399998078E+02  1.0838408044E-02  5.4192E-03  5.4192E-03
  3.2499998078E+02  1.1232825542E-02  5.6164E-03  5.6164E-03
  3.2599998078E+02  1.1643494480E-02  5.8217E-03  5.8217E-03
  3.2699998078E+02  1.2090149478E-02  6.0451E-03  6.0451E-03
  3.2799998078E+02  1.2691550266E-02  6.3458E-03  6.3458E-03
  3.2899998078E+02  1.3316132835E-02  6.6581E-03  6.6581E-03
  3.2999998078E+02  1.3963897185E-02  6.9819E-03  6.9819E-03
  3.3099998078E+02  1.4634843316E-02  7.3174E-03  7.3174E-03
  3.3199998078E+02  1.5328971229E-02  7.6645E-03  7.6645E-03
  3.3299998078E+02  1.6046280922E-02  8.0231E-03  8.0231E-03
  3.3399998078E+02  1.7857261894E-02  8.9286E-03  8.9286E-03
  3.3499998078E+02  1.7333598281E-02  8.6668E-03  8.6668E-03
  3.3599998078E+02  1.7296051272E-02  8.6480E-03  8.6480E-03
  3.3699998078E+02  1.7744620866E-02  8.8723E-03  8.8723E-03
  3.3799998078E+02  1.6684152340E-02  8.3421E-03  8.3421E-03
  3.3899998078E+02  1.5794365403E-02  7.8972E-03  7.8972E-03
  3.3999998078E+02  1.5021918958E-02  7.5110E-03  7.5110E-03
  3.4099998078E+02  1.4366813005E-02  7.1834E-03  7.1834E-03
  3.4199998078E+02  1.3829047543E-02  6.9145E-03  6.9145E-03
  3.4299998078E+02  1.3288586593E-02  6.6443E-03  6.6443E-03
  3.4399998078E+02  1.2521398043E-02  6.2607E-03  6.2607E-03
  3.4499998078E+02  1.1526848314E-02  5.7634E-03  5.7634E-03
  3.4599998078E+02  1.0416234478E-02  5.2081E-03  5.2081E-03
  3.4699998078E+02  9.9555772612E-03  4.9778E-03  4.9778E-03
  3.4799998078E+02  9.5167780556E-03  4.7584E-03  4.7584E-03
  3.4899998078E+02  9.0998368606E-03  4.5499E-03  4.5499E-03
  3.4999998078E+02  8.7047536764E-03  4.3524E-03  4.3524E-03
  3.5099998078E+02  8.3315285028E-03  4.1658E-03  4.1658E-03
  3.5199998078E+02  7.9801613399E-03  3.9901E-03  3.9901E-03
  3.5299998078E+02  7.6506521878E-03  3.8253E-03  3.8253E-03
  3.5399998078E+02  7.3430010464E-03  3.6715E-03  3.6715E-03
  3.5499998078E+02  7.0271987169E-03  3.5136E-03  3.5136E-03
  3.5599998078E+02  6.7048759622E-03  3.3524E-03  3.3524E-03
  3.5699998078E+02  6.3875465202E-03  3.1938E-03  3.1938E-03
  3.5799998078E+02  6.0752103909E-03  3.0376E-03  3.0376E-03
  3.5899998078E+02  5.7678675743E-03  2.8839E-03  2.8839E-03
  3.5999998078E+02  5.4655180704E-03  2.7328E-03  2.7328E-03
  3.6099998078E+02  6.2272936439E-03  3.1136E-03  3.1136E-03
  3.6199998078E+02  4.4578536580E-03  2.2289E-03  2.2289E-03
  3.6299998078E+02  3.8244636649E-03  1.9122E-03  1.9122E-03
  3.6399998078E+02  3.6399186409E-03  1.8200E-03  1.8200E-03
  3.6499998078E+02  3.4559883189E-03  1.7280E-03  1.7280E-03
  3.6599998078E+02  3.2726726987E-03  1.6363E-03  1.6363E-03
  3.6699998078E+02  3.0899717805E-03  1.5450E-03  1.5450E-03
  3.6799998078E+02  2.7304692687E-03  1.3652E-03  1.3652E-03
  3.6899998078E+02  2.3009561153E-03  1.1505E-03  1.1505E-03
  3.6999998078E+02  1.8090934521E-03  9.0455E-04  9.0455E-04
  3.7099998078E+02  1.7636359312E-03  8.8182E-04  8.8182E-04
  3.7199998078E+02  1.7171448016E-03  8.5857E-04  8.5857E-04
  3.7299998078E+02  1.6696200634E-03  8.3481E-04  8.3481E-04
  3.7399998078E+02  1.6210617164E-03  8.1053E-04  8.1053E-04
  3.7499998078E+02  1.5714697607E-03  7.8573E-04  7.8573E-04
  3.7599998078E+02  1.5208441963E-03  7.6042E-04  7.6042E-04
  3.7699998078E+02  1.4691850232E-03  7.3459E-04  7.3459E-04
  3.7799998078E+02  1.6051604207E-03  8.0258E-04  8.0258E-04
  3.7899998078E+02  4.2448387578E-03  2.1224E-03  2.1224E-03
  3.7999998078E+02  5.4249873223E-03  2.7125E-03  2.7125E-03
  3.8099998078E+02  6.0911286731E-03  3.0456E-03  3.0456E-03
  3.8199998078E+02  6.5214458718E-03  3.2607E-03  3.2607E-03
  3.8299998078E+02  6.7298586602E-03  3.3649E-03  3.3649E-03
  3.8399998078E+02  6.9018839831E-03  3.4509E-03  3.4509E-03
  3.8499998078E+02  7.0954925134E-03  3.5477E-03  3.5477E-03
  3.8599998078E+02  7.3106842509E-03  3.6553E-03  3.6553E-03
  3.8699998078E+02  7.5419658179E-03  3.7710E-03  3.7710E-03
  3.8799998078E+02  7.6214957056E-03  3.8107E-03  3.8107E-03
  3.8899998078E+02  7.8815498151E-03  3.9408E-03  3.9408E-03
  3.8999998078E+02  8.1287914985E-03  4.0644E-03  4.0644E-03
  3.9099998078E+02  8.3632207559E-03  4.1816E-03  4.1816E-03
  3.9199998078E+02  8.5848375874E-03  4.2924E-03  4.2924E-03
  3.9299998078E+02  8.7936419928E-03  4.3968E-03  4.3968E-03
  3.9399998078E+02  8.9896339723E-03  4.4948E-03  4.4948E-03
  3.9499998078E+02  9.1728135258E-03  4.5864E-03  4.5864E-03
  3.9599998078E+02  9.3431806533E-03  4.6716E-03  4.6716E-03
  3.9699998078E+02  9.5007353548E-03  4.7504E-03  4.7504E-03
  3.9799998078E+02  9.6454776303E-03  4.8227E-03  4.8227E-03
  3.9899998078E+02  9.7774074798E-03  4.8887E-03  4.8887E-03
  3.9999998078E+02  9.8965249034E-03  4.9483E-03  4.9483E-03
  4.0099998078E+02  1.0002829901E-02  5.0014E-03  5.0014E-03
  4.0199998078E+02  1.0096322473E-02  5.0482E-03  5.0482E-03
  4.0299998078E+02  1.0177002618E-02  5.0885E-03  5.0885E-03
  4.0399998078E+02  1.0247560662E-02  5.1238E-03  5.1238E-03
  4.0499998078E+02  1.0658241813E-02  5.3291E-03  5.3291E-03
  4.0599998078E+02  1.1219994473E-02  5.6100E-03  5.6100E-03
  4.0699998078E+02  1.1674672651E-02  5.8373E-03  5.8373E-03
  4.0799998078E+02  1.2139422610E-02  6.0697E-03  6.0697E-03
  4.0899998078E+02  1.2614244349E-02  6.3071E-03  6.3071E-03
  4.0999998078E+02  1.3099137870E-02  6.5496E-03  6.5496E-03
  4.1099998078E+02  1.3594103172E-02  6.7971E-03  6.7971E-03
  4.1199998078E+02  1.3767082896E-02  6.8835E-03  6.8835E-03
  4.1299998078E+02  1.4799106992E-02  7.3996E-03  7.3996E-03
  4.1399998078E+02  1.6082437548E-02  8.0412E-03  8.0412E-03
  4.1499998078E+02  1.2793492934E-02  6.3967E-03  6.3967E-03
  4.1599998078E+02  1.2283518936E-02  6.1418E-03  6.1418E-03
  4.1699998078E+02  1.1899904260E-02  5.9500E-03  5.9500E-03
  4.1799998078E+02  1.1642648906E-02  5.8213E-03  5.8213E-03
  4.1899998078E+02  1.1460084837E-02  5.7300E-03  5.7300E-03
  4.1999998078E+02  1.1380692427E-02  5.6903E-03  5.6903E-03
  4.2099998078E+02  1.1297251412E-02  5.6486E-03  5.6486E-03
  4.2199998078E+02  1.1209761793E-02  5.6049E-03  5.6049E-03
  4.2299998078E+02  1.1118223570E-02  5.5591E-03  5.5591E-03
  4.2399998078E+02  1.1022636741E-02  5.5113E-03  5.5113E-03
  4.2499998078E+02  1.0923001309E-02  5.4615E-03  5.4615E-03
  4.2599998078E+02  1.0819317271E-02  5.4097E-03  5.4097E-03
  4.2699998078E+02  1.0711584629E-02  5.3558E-03  5.3558E-03
  4.2799998078E+02  1.0599803383E-02  5.2999E-03  5.2999E-03
  4.2899998078E+02  1.0483973532E-02  5.2420E-03  5.2420E-03
  4.2999998078E+02  1.0364095077E-02  5.1820E-03  5.1820E-03
  4.3099998078E+02  1.0240168016E-02  5.1201E-03  5.1201E-03
  4.3199998078E+02  1.0112192352E-02  5.0561E-03  5.0561E-03
  4.3299998078E+02  9.9801680827E-03  4.9901E-03  4.9901E-03
  4.3399998078E+02  9.8440952089E-03  4.9220E-03  4.9220E-03
  4.3499998078E+02  9.7111044101E-03  4.8556E-03  4.8556E-03
  4.3599998078E+02  9.6237644477E-03  4.8119E-03  4.8119E-03
  4.3699998078E+02  9.4801380331E-03  4.7401E-03  4.7401E-03
  4.3799998078E+02  9.2802251662E-03  4.6401E-03  4.6401E-03
  4.3899998078E+02  9.0240258472E-03  4.5120E-03  4.5120E-03
  4.3999998078E+02  8.7317563147E-03  4.3659E-03  4.3659E-03
  4.4099998078E+02  8.5690459076E-03  4.2845E-03  4.2845E-03
  4.4199998078E+02  8.4357875688E-03  4.2179E-03  4.2179E-03
  4.4299998078E+02  8.3214932857E-03  4.1607E-03  4.1607E-03
  4.4399998078E+02  8.2573809598E-03  4.1287E-03  4.1287E-03
  4.4499998078E+02  8.2433221486E-03  4.1217E-03  4.1217E-03
  4.4599998078E+02  8.2793168522E-03  4.1397E-03  4.1397E-03
  4.4699998078E+02  8.3653650704E-03  4.1827E-03  4.1827E-03
  4.4799998078E+02  8.5014668033E-03  4.2507E-03  4.2507E-03
  4.4899998078E+02  8.4989029664E-03  4.2495E-03  4.2495E-03
  4.4999998078E+02  8.4622275563E-03  4.2311E-03  4.2311E-03
  4.5099998078E+02  8.1114390651E-03  4.0557E-03  4.0557E-03
  4.5199998078E+02  7.3918872923E-03  3.6959E-03  3.6959E-03
  4.5299998078E+02  7.2822482673E-03  3.6411E-03  3.6411E-03
  4.5399998078E+02  7.1734200972E-03  3.5867E-03  3.5867E-03
  4.5499998078E+02  7.0654027822E-03  3.5327E-03  3.5327E-03
  4.5599998078E+02  6.9581963222E-03  3.4791E-03  3.4791E-03
  4.5699998078E+02  6.8518007173E-03  3.4259E-03  3.4259E-03
  4.5799998078E+02  6.7462159674E-03  3.3731E-03  3.3731E-03
  4.5899998078E+02  6.6414420724E-03  3.3207E-03  3.3207E-03
  4.5999998078E+02  6.5374790326E-03  3.2687E-03  3.2687E-03
  4.6099998078E+02  6.4343268477E-03  3.2172E-03  3.2172E-03
  4.6199998078E+02  6.3319855179E-03  3.1660E-03  3.1660E-03
  4.6299998078E+02  6.2304550430E-03  3.1152E-03  3.1152E-03
  4.6399998078E+02  6.1297354233E-03  3.0649E-03  3.0649E-03
  4.6499998078E+02  6.0298266585E-03  3.0149E-03  3.0149E-03
  4.6599998078E+02  5.9307287488E-03  2.9654E-03  2.9654E-03
  4.6699998078E+02  5.8324416940E-03  2.9162E-03  2.9162E-03
  4.6799998078E+02  5.7349654943E-03  2.8675E-03  2.8675E-03
  4.6899998078E+02  5.6383001497E-03  2.8192E-03  2.8192E-03
  4.6999998078E+02  5.5424456600E-03  2.7712E-03  2.7712E-03
  4.7099998078E+02  5.4482705621E-03  2.7241E-03  2.7241E-03
  4.7199998078E+02  5.3647852917E-03  2.6824E-03  2.6824E-03
  4.7299998078E+02  2.2993858689E-02  1.1497E-02  1.1497E-02
  4.7399998078E+02  3.3882614594E-02  1.6941E-02  1.6941E-02
  4.7499998078E+02  4.7638055394E-02  2.3819E-02  2.3819E-02
  4.7599998078E+02  5.7517197043E-02  2.8759E-02  2.8759E-02
  4.7699998078E+02  7.0759166247E-02  3.5380E-02  3.5380E-02
  4.7799998078E+02  8.0840190817E-02  4.0420E-02  4.0420E-02
  4.7899998078E+02  6.5565434351E-02  3.2783E-02  3.2783E-02
  4.7999998078E+02  6.3143021657E-02  3.1572E-02  3.1572E-02
  4.8099998078E+02  6.1492574198E-02  3.0746E-02  3.0746E-02
  4.8199998078E+02  5.8876214640E-02  2.9438E-02  2.9438E-02
  4.8299998078E+02  5.7160231768E-02  2.8580E-02  2.8580E-02
  4.8399998078E+02  6.1894677082E-02  3.0947E-02  3.0947E-02
  4.8499998078E+02  6.5890542448E-02  3.2945E-02  3.2945E-02
  4.8599998078E+02  6.6126283130E-02  3.3063E-02  3.3063E-02
  4.8699998078E+02  6.5833325830E-02  3.2917E-02  3.2917E-02
  4.8799998078E+02  6.5304191486E-02  3.2652E-02  3.2652E-02
  4.8899998078E+02  6.5390450258E-02  3.2695E-02  3.2695E-02
  4.8999998078E+02  6.5751588904E-02  3.2876E-02  3.2876E-02
  4.9099998078E+02  6.6757369410E-02  3.3379E-02  3.3379E-02
  4.9199998078E+02  6.7795931740E-02  3.3898E-02  3.3898E-02
  4.9299998078E+02  7.1363402448E-02  3.5682E-02  3.5682E-02
  4.9399998078E+02  7.5067985674E-02  3.7534E-02  3.7534E-02
  4.9499998078E+02  8.3044718212E-02  4.1522E-02  4.1522E-02
  4.9599998078E+02  8.5691997001E-02  4.2846E-02  4.2846E-02
  4.9699998078E+02  9.0222690974E-02  4.5111E-02  4.5111E-02
  4.9799998078E+02  8.8169868124E-02  4.4085E-02  4.4085E-02
  4.9899998078E+02  9.0476339979E-02  4.5238E-02  4.5238E-02
  4.9999998078E+02  6.9294827152E-02  3.4647E-02  3.4647E-02
  5.0099998078E+02  4.3882575905E-02  2.1941E-02  2.1941E-02
  5.0199998078E+02  2.6265385611E-02  1.3133E-02  1.3133E-02
  5.0299998078E+02  2.4081776012E-02  1.2041E-02  1.2041E-02
  5.0399998078E+02  2.1989389196E-02  1.0995E-02  1.0995E-02
  5.0499998078E+02  2.0017546633E-02  1.0009E-02  1.0009E-02
  5.0599998078E+02  1.8166248321E-02  9.0831E-03  9.0831E-03
  5.0699998078E+02  1.6436601316E-02  8.2183E-03  8.2183E-03
  5.0799998078E+02  1.4880644794E-02  7.4403E-03  7.4403E-03
  5.0899998078E+02  1.3681211300E-02  6.8406E-03  6.8406E-03
  5.0999998078E+02  1.2902478642E-02  6.4512E-03  6.4512E-03
  5.1099998078E+02  1.3048268868E-02  6.5241E-03  6.5241E-03
  5.1199998078E+02  1.0303015527E-02  5.1515E-03  5.1515E-03
  5.1299998078E+02  9.2912611906E-03  4.6456E-03  4.6456E-03
  5.1399998078E+02  8.5607171742E-03  4.2804E-03  4.2804E-03
  5.1499998078E+02  8.0513065352E-03  4.0257E-03  4.0257E-03
  5.1599998078E+02  7.1447373215E-03  3.5724E-03  3.5724E-03
  5.1699998078E+02  5.8410095332E-03  2.9205E-03  2.9205E-03
  5.1799998078E+02  4.2296883593E-03  2.1148E-03  2.1148E-03
  5.1899998078E+02  4.0746249374E-03  2.0373E-03  2.0373E-03
  5.1999998078E+02  1.6320791606E-03  8.1604E-04  8.1604E-04
  5.2099998078E+02  5.7898405365E-04  2.8949E-04  2.8949E-04
  5.2199998078E+02  1.3966717927E-04  6.9834E-05  6.9834E-05
  5.2299998078E+02  0.0000000000E+00  0.0000E+00  0.0000E+00
