 # Frequency[cm^-1] DOS PDOS
 -1.9219139211E-05  0.0000000000E+00  0.0000E+00  0.0000E+00
  9.9998078086E-01  2.1053572295E-06  1.0527E-06  1.0527E-06
  1.9999807809E+00  8.4214317981E-06  4.2107E-06  4.2107E-06
  2.9999807809E+00  1.8948223706E-05  9.4741E-06  9.4741E-06
  3.9999807809E+00  3.3685732952E-05  1.6843E-05  1.6843E-05
  4.9999807809E+00  5.2633959538E-05  2.6317E-05  2.6317E-05
  5.9999807809E+00  7.5792903463E-05  3.7896E-05  3.7896E-05
  6.9999807809E+00  1.0316256473E-04  5.1581E-05  5.1581E-05
  7.9999807809E+00  1.3474294333E-04  6.7371E-05  6.7371E-05
  8.9999807809E+00  1.7053403927E-04  8.5267E-05  8.5267E-05
  9.9999807809E+00  2.1053585255E-04  1.0527E-04  1.0527E-04
  1.0999980781E+01  2.5474838317E-04  1.2737E-04  1.2737E-04
  1.1999980781E+01  3.0317163113E-04  1.5159E-04  1.5159E-04
  1.2999980781E+01  3.5580559643E-04  1.7790E-04  1.7790E-04
  1.3999980781E+01  4.1265027907E-04  2.0633E-04  2.0633E-04
  1.4999980781E+01  4.7370567904E-04  2.3685E-04  2.3685E-04
  1.5999980781E+01  5.3897179636E-04  2.6949E-04  2.6949E-04
  1.6999980781E+01  6.0844863101E-04  3.0422E-04  3.0422E-04
  1.7999980781E+01  6.8213618300E-04  3.4107E-04  3.4107E-04
  1.8999980781E+01  7.6003445234E-04  3.8002E-04  3.8002E-04
  1.9999980781E+01  8.4214343901E-04  4.2107E-04  4.2107E-04
  2.0999980781E+01  9.2846314302E-04  4.6423E-04  4.6423E-04
  2.1999980781E+01  1.0189935644E-03  5.0950E-04  5.0950E-04
  2.2999980781E+01  1.1137347031E-03  5.5687E-04  5.5687E-04
  2.3999980781E+01  1.2126865591E-03  6.0634E-04  6.0634E-04
  2.4999980781E+01  1.3158491324E-03  6.5792E-04  6.5792E-04
  2.5999980781E+01  1.4232224232E-03  7.1161E-04  7.1161E-04
  2.6999980781E+01  1.5348064312E-03  7.6740E-04  7.6740E-04
  2.7999980781E+01  1.6506011566E-03  8.2530E-04  8.2530E-04
  2.8999980781E+01  1.7706065993E-03  8.8530E-04  8.8530E-04
  2.9999980781E+01  1.8948227594E-03  9.4741E-04  9.4741E-04
  3.0999980781E+01  2.0232496368E-03  1.0116E-03  1.0116E-03
  3.1999980781E+01  2.1558872315E-03  1.0779E-03  1.0779E-03
  3.2999980781E+01  2.2927355436E-03  1.1464E-03  1.1464E-03
  3.3999980781E+01  2.4337945730E-03  1.2169E-03  1.2169E-03
  3.4999980781E+01  2.5790643198E-03  1.2895E-03  1.2895E-03
  3.5999980781E+01  2.7285447839E-03  1.3643E-03  1.3643E-03
  3.6999980781E+01  2.8822359653E-03  1.4411E-03  1.4411E-03
  3.7999980781E+01  3.0401378641E-03  1.5201E-03  1.5201E-03
  3.8999980781E+01  3.2022504802E-03  1.6011E-03  1.6011E-03
  3.9999980781E+01  3.3685738136E-03  1.6843E-03  1.6843E-03
  4.0999980781E+01  3.5391078644E-03  1.7696E-03  1.7696E-03
  4.1999980781E+01  3.7138526326E-03  1.8569E-03  1.8569E-03
  4.2999980781E+01  3.8928081180E-03  1.9464E-03  1.9464E-03
  4.3999980781E+01  4.0759743208E-03  2.0380E-03  2.0380E-03
  4.4999980781E+01  4.2633512410E-03  2.1317E-03  2.1317E-03
  4.5999980781E+01  4.4549388785E-03  2.2275E-03  2.2275E-03
  4.6999980781E+01  4.6507372333E-03  2.3254E-03  2.3254E-03
  4.7999980781E+01  4.8507463055E-03  2.4254E-03  2.4254E-03
  4.8999980781E+01  5.0549660950E-03  2.5275E-03  2.5275E-03
  4.9999980781E+01  5.2633966018E-03  2.6317E-03  2.6317E-03
  5.0999980781E+01  5.4760378260E-03  2.7380E-03  2.7380E-03
  5.1999980781E+01  5.6928897675E-03  2.8464E-03  2.8464E-03
  5.2999980781E+01  5.9139524264E-03  2.9570E-03  2.9570E-03
  5.3999980781E+01  6.1392258026E-03  3.0696E-03  3.0696E-03
  5.4999980781E+01  6.3687098961E-03  3.1844E-03  3.1844E-03
  5.5999980781E+01  6.6024047070E-03  3.3012E-03  3.3012E-03
  5.6999980781E+01  6.8403102352E-03  3.4202E-03  3.4202E-03
  5.7999980781E+01  7.0824264807E-03  3.5412E-03  3.5412E-03
  5.8999980781E+01  7.3287534436E-03  3.6644E-03  3.6644E-03
  5.9999980781E+01  7.5792911239E-03  3.7896E-03  3.7897E-03
  6.0999980781E+01  7.8340395214E-03  3.9170E-03  3.9170E-03
  6.1999980781E+01  8.0929986363E-03  4.0465E-03  4.0465E-03
  6.2999980781E+01  8.3561684686E-03  4.1781E-03  4.1781E-03
  6.3999980781E+01  8.6235490182E-03  4.3118E-03  4.3118E-03
  6.4999980781E+01  8.8951402851E-03  4.4476E-03  4.4476E-03
  6.5999980781E+01  9.1709422694E-03  4.5855E-03  4.5855E-03
  6.6999980781E+01  9.4509549710E-03  4.7255E-03  4.7255E-03
  6.7999980781E+01  9.7351783899E-03  4.8676E-03  4.8676E-03
  6.8999980781E+01  1.0023612526E-02  5.0118E-03  5.0118E-03
  6.9999980781E+01  1.0316257380E-02  5.1581E-03  5.1581E-03
  7.0999980781E+01  1.0613112951E-02  5.3065E-03  5.3066E-03
  7.1999980781E+01  1.0914179239E-02  5.4571E-03  5.4571E-03
  7.2999980781E+01  1.1219456245E-02  5.6097E-03  5.6097E-03
  7.3999980781E+01  1.1528943968E-02  5.7645E-03  5.7645E-03
  7.4999980781E+01  1.1842642408E-02  5.9213E-03  5.9213E-03
  7.5999980781E+01  1.2160551566E-02  6.0803E-03  6.0803E-03
  7.6999980781E+01  1.2482671441E-02  6.2413E-03  6.2413E-03
  7.7999980781E+01  1.2809002033E-02  6.4045E-03  6.4045E-03
  7.8999980781E+01  1.3139543343E-02  6.5698E-03  6.5698E-03
  7.9999980781E+01  1.3474295370E-02  6.7371E-03  6.7372E-03
  8.0999980781E+01  1.3813258114E-02  6.9066E-03  6.9066E-03
  8.1999980781E+01  1.4156431576E-02  7.0782E-03  7.0782E-03
  8.2999980781E+01  1.4503815755E-02  7.2519E-03  7.2519E-03
  8.3999980781E+01  1.4855410651E-02  7.4277E-03  7.4277E-03
  8.4999980781E+01  1.5211216265E-02  7.6056E-03  7.6056E-03
  8.5999980781E+01  1.5571232596E-02  7.7856E-03  7.7856E-03
  8.6999980781E+01  1.5935459644E-02  7.9677E-03  7.9677E-03
  8.7999980781E+01  1.6303897410E-02  8.1519E-03  8.1520E-03
  8.8999980781E+01  1.6676545893E-02  8.3383E-03  8.3383E-03
  8.9999980781E+01  1.7053405094E-02  8.5267E-03  8.5267E-03
  9.0999980781E+01  1.7434475011E-02  8.7172E-03  8.7173E-03
  9.1999980781E+01  1.7819755646E-02  8.9099E-03  8.9099E-03
  9.2999980781E+01  1.8209246999E-02  9.1046E-03  9.1046E-03
  9.3999980781E+01  1.8602949069E-02  9.3015E-03  9.3015E-03
  9.4999980781E+01  1.9000861856E-02  9.5004E-03  9.5005E-03
  9.5999980781E+01  1.9402985360E-02  9.7015E-03  9.7015E-03
  9.6999980781E+01  1.9809319582E-02  9.9046E-03  9.9047E-03
  9.7999980781E+01  2.0219864521E-02  1.0110E-02  1.0110E-02
  9.8999980781E+01  2.0634620177E-02  1.0317E-02  1.0317E-02
  9.9999980781E+01  2.1053586551E-02  1.0527E-02  1.0527E-02
  1.0099998078E+02  2.1476763642E-02  1.0738E-02  1.0738E-02
  1.0199998078E+02  2.1904151451E-02  1.0952E-02  1.0952E-02
  1.0299998078E+02  2.2335749977E-02  1.1168E-02  1.1168E-02
  1.0399998078E+02  2.4761274594E-02  1.2381E-02  1.2381E-02
  1.0499998078E+02  2.9220464713E-02  1.4610E-02  1.4610E-02
  1.0599998078E+02  3.3324132727E-02  1.6662E-02  1.6662E-02
  1.0699998078E+02  3.7072278635E-02  1.8536E-02  1.8536E-02
  1.0799998078E+02  4.0464902437E-02  2.0232E-02  2.0232E-02
  1.0899998078E+02  4.3502004132E-02  2.1751E-02  2.1751E-02
  1.0999998078E+02  4.6183583721E-02  2.3092E-02  2.3092E-02
  1.1099998078E+02  4.8509641205E-02  2.4255E-02  2.4255E-02
  1.1199998078E+02  5.0480176582E-02  2.5240E-02  2.5240E-02
  1.1299998078E+02  5.2095189853E-02  2.6048E-02  2.6048E-02
  1.1399998078E+02  5.3354681018E-02  2.6677E-02  2.6677E-02
  1.1499998078E+02  5.4258650077E-02  2.7129E-02  2.7129E-02
  1.1599998078E+02  5.4807097029E-02  2.7404E-02  2.7404E-02
  1.1699998078E+02  5.5000021876E-02  2.7500E-02  2.7500E-02
  1.1799998078E+02  5.4837424616E-02  2.7419E-02  2.7419E-02
  1.1899998078E+02  5.4319305251E-02  2.7160E-02  2.7160E-02
  1.1999998078E+02  5.3445663779E-02  2.6723E-02  2.6723E-02
  1.2099998078E+02  5.2216500201E-02  2.6108E-02  2.6108E-02
  1.2199998078E+02  5.0631814517E-02  2.5316E-02  2.5316E-02
  1.2299998078E+02  4.8691606727E-02  2.4346E-02  2.4346E-02
  1.2399998078E+02  4.6395876831E-02  2.3198E-02  2.3198E-02
  1.2499998078E+02  4.3744624829E-02  2.1872E-02  2.1872E-02
  1.2599998078E+02  4.0737850720E-02  2.0369E-02  2.0369E-02
  1.2699998078E+02  3.7375554506E-02  1.8688E-02  1.8688E-02
  1.2799998078E+02  3.3657736185E-02  1.6829E-02  1.6829E-02
  1.2899998078E+02  2.9584395758E-02  1.4792E-02  1.4792E-02
  1.2999998078E+02  2.5155533225E-02  1.2578E-02  1.2578E-02
  1.3099998078E+02  2.0371148586E-02  1.0186E-02  1.0186E-02
  1.3199998078E+02  1.5231241841E-02  7.6156E-03  7.6157E-03
  1.3299998078E+02  9.7358129900E-03  4.8678E-03  4.8680E-03
  1.3399998078E+02  3.8848620327E-03  1.9424E-03  1.9425E-03
  1.3499998078E+02  4.6488364513E-04  2.3238E-04  2.3250E-04
  1.3599998078E+02  4.7179631833E-04  2.3583E-04  2.3596E-04
  1.3699998078E+02  4.7876000756E-04  2.3932E-04  2.3944E-04
  1.3799998078E+02  4.8577471283E-04  2.4282E-04  2.4295E-04
  1.3899998078E+02  4.9284043415E-04  2.4635E-04  2.4649E-04
  1.3999998078E+02  4.9995717149E-04  2.4991E-04  2.5005E-04
  1.4099998078E+02  5.0712492488E-04  2.5349E-04  2.5363E-04
  1.4199998078E+02  5.1434369431E-04  2.5710E-04  2.5724E-04
  1.4299998078E+02  5.2161347978E-04  2.6073E-04  2.6088E-04
  1.4399998078E+02  5.2893428128E-04  2.6439E-04  2.6454E-04
  1.4499998078E+02  5.3630609882E-04  2.6808E-04  2.6823E-04
  1.4599998078E+02  5.4372893241E-04  2.7179E-04  2.7194E-04
  1.4699998078E+02  5.5120278203E-04  2.7552E-04  2.7568E-04
  1.4799998078E+02  5.5872764769E-04  2.7928E-04  2.7945E-04
  1.4899998078E+02  5.6630352939E-04  2.8307E-04  2.8324E-04
  1.4999998078E+02  5.7393042712E-04  2.8688E-04  2.8705E-04
  1.5099998078E+02  5.8160834090E-04  2.9072E-04  2.9089E-04
  1.5199998078E+02  5.8933727072E-04  2.9458E-04  2.9476E-04
  1.5299998078E+02  5.9711721657E-04  2.9847E-04  2.9865E-04
  1.5399998078E+02  6.0494817846E-04  3.0238E-04  3.0257E-04
  1.5499998078E+02  6.1283015639E-04  3.0632E-04  3.0651E-04
  1.5599998078E+02  6.2076315037E-04  3.1029E-04  3.1048E-04
  1.5699998078E+02  6.2874716037E-04  3.1428E-04  3.1447E-04
  1.5799998078E+02  6.3678218642E-04  3.1829E-04  3.1849E-04
  1.5899998078E+02  6.4486822851E-04  3.2233E-04  3.2254E-04
  1.5999998078E+02  6.5300528663E-04  3.2640E-04  3.2661E-04
  1.6099998078E+02  6.6119336080E-04  3.3049E-04  3.3070E-04
  1.6199998078E+02  6.6943245100E-04  3.3461E-04  3.3482E-04
  1.6299998078E+02  6.7772255724E-04  3.3875E-04  3.3897E-04
  1.6399998078E+02  6.8606367952E-04  3.4292E-04  3.4314E-04
  1.6499998078E+02  6.9445581784E-04  3.4711E-04  3.4734E-04
  1.6599998078E+02  7.0289897220E-04  3.5133E-04  3.5156E-04
  1.6699998078E+02  7.1139314260E-04  3.5558E-04  3.5581E-04
  1.6799998078E+02  7.1993832904E-04  3.5985E-04  3.6009E-04
  1.6899998078E+02  7.2853453151E-04  3.6415E-04  3.6439E-04
  1.6999998078E+02  7.3718175002E-04  3.6847E-04  3.6871E-04
  1.7099998078E+02  7.4587998458E-04  3.7281E-04  3.7307E-04
  1.7199998078E+02  7.5462923517E-04  3.7719E-04  3.7744E-04
  1.7299998078E+02  7.6342950180E-04  3.8158E-04  3.8185E-04
  1.7399998078E+02  7.7228078446E-04  3.8601E-04  3.8627E-04
  1.7499998078E+02  7.8118308317E-04  3.9046E-04  3.9073E-04
  1.7599998078E+02  7.9013639792E-04  3.9493E-04  3.9521E-04
  1.7699998078E+02  7.9914072870E-04  3.9943E-04  3.9971E-04
  1.7799998078E+02  8.0819607553E-04  4.0396E-04  4.0424E-04
  1.7899998078E+02  8.1730243839E-04  4.0851E-04  4.0880E-04
  1.7999998078E+02  8.2645981729E-04  4.1308E-04  4.1338E-04
  1.8099998078E+02  8.3566821223E-04  4.1768E-04  4.1798E-04
  1.8199998078E+02  8.4492762321E-04  4.2231E-04  4.2262E-04
  1.8299998078E+02  8.5423805023E-04  4.2696E-04  4.2727E-04
  1.8399998078E+02  8.6359949328E-04  4.3164E-04  4.3196E-04
  1.8499998078E+02  8.7301195238E-04  4.3635E-04  4.3667E-04
  1.8599998078E+02  8.8247542751E-04  4.4108E-04  4.4140E-04
  1.8699998078E+02  8.9198991869E-04  4.4583E-04  4.4616E-04
  1.8799998078E+02  9.0155542590E-04  4.5061E-04  4.5095E-04
  1.8899998078E+02  9.1117194915E-04  4.5542E-04  4.5576E-04
  1.8999998078E+02  9.2083948844E-04  4.6025E-04  4.6059E-04
  1.9099998078E+02  9.3055804377E-04  4.6510E-04  4.6545E-04
  1.9199998078E+02  9.4032761513E-04  4.6999E-04  4.7034E-04
  1.9299998078E+02  9.5014820254E-04  4.7489E-04  4.7526E-04
  1.9399998078E+02  9.6001980598E-04  4.7983E-04  4.8019E-04
  1.9499998078E+02  9.6994242547E-04  4.8478E-04  4.8516E-04
  1.9599998078E+02  9.7991606099E-04  4.8977E-04  4.9015E-04
  1.9699998078E+02  9.8994071255E-04  4.9478E-04  4.9516E-04
  1.9799998078E+02  1.0000163801E-03  4.9981E-04  5.0020E-04
  1.9899998078E+02  1.0101430638E-03  5.0487E-04  5.0527E-04
  1.9999998078E+02  1.0203207635E-03  5.0996E-04  5.1036E-04
  2.0099998078E+02  1.0305494792E-03  5.1507E-04  5.1548E-04
  2.0199998078E+02  1.0408292109E-03  5.2021E-04  5.2062E-04
  2.0299998078E+02  1.0511599587E-03  5.2537E-04  5.2579E-04
  2.0399998078E+02  1.0615417226E-03  5.3056E-04  5.3098E-04
  2.0499998078E+02  1.0719745024E-03  5.3577E-04  5.3620E-04
  2.0599998078E+02  1.0824582983E-03  5.4101E-04  5.4145E-04
  2.0699998078E+02  1.0929931103E-03  5.4627E-04  5.4672E-04
  2.0799998078E+02  1.1035789383E-03  5.5156E-04  5.5202E-04
  2.0899998078E+02  1.1142157823E-03  5.5688E-04  5.5734E-04
  2.0999998078E+02  1.1249036424E-03  5.6222E-04  5.6269E-04
  2.1099998078E+02  1.1356425185E-03  5.6758E-04  5.6806E-04
  2.1199998078E+02  1.1464324106E-03  5.7298E-04  5.7346E-04
  2.1299998078E+02  1.1572733188E-03  5.7839E-04  5.7888E-04
  2.1399998078E+02  1.1681652430E-03  5.8384E-04  5.8433E-04
  2.1499998078E+02  1.1791081833E-03  5.8930E-04  5.8980E-04
  2.1599998078E+02  1.1901021396E-03  5.9480E-04  5.9530E-04
  2.1699998078E+02  1.2011471119E-03  6.0032E-04  6.0083E-04
  2.1799998078E+02  1.2122431003E-03  6.0586E-04  6.0638E-04
  2.1899998078E+02  1.2233901047E-03  6.1143E-04  6.1196E-04
  2.1999998078E+02  1.2345881252E-03  6.1703E-04  6.1756E-04
  2.2099998078E+02  1.2458371616E-03  6.2265E-04  6.2319E-04
  2.2199998078E+02  1.2571372142E-03  6.2829E-04  6.2884E-04
  2.2299998078E+02  1.2684882827E-03  6.3396E-04  6.3452E-04
  2.2399998078E+02  1.2798903674E-03  6.3966E-04  6.4023E-04
  2.2499998078E+02  1.2913434680E-03  6.4538E-04  6.4596E-04
  2.2599998078E+02  1.3028475847E-03  6.5113E-04  6.5171E-04
  2.2699998078E+02  1.3144027174E-03  6.5691E-04  6.5750E-04
  2.2799998078E+02  1.3260088662E-03  6.6271E-04  6.6330E-04
  2.2899998078E+02  1.3376660310E-03  6.6853E-04  6.6914E-04
  2.2999998078E+02  1.3493742118E-03  6.7438E-04  6.7499E-04
  2.3099998078E+02  1.3611334087E-03  6.8026E-04  6.8088E-04
  2.3199998078E+02  1.3729436216E-03  6.8616E-04  6.8679E-04
  2.3299998078E+02  1.3848048506E-03  6.9208E-04  6.9272E-04
  2.3399998078E+02  1.3967170956E-03  6.9804E-04  6.9868E-04
  2.3499998078E+02  1.4086803566E-03  7.0401E-04  7.0467E-04
  2.3599998078E+02  1.4206946337E-03  7.1002E-04  7.1068E-04
  2.3699998078E+02  1.4327599268E-03  7.1604E-04  7.1672E-04
  2.3799998078E+02  1.4448762359E-03  7.2210E-04  7.2278E-04
  2.3899998078E+02  1.4570435611E-03  7.2818E-04  7.2887E-04
  2.3999998078E+02  1.4692619024E-03  7.3428E-04  7.3498E-04
  2.4099998078E+02  1.4815312596E-03  7.4041E-04  7.4112E-04
  2.4199998078E+02  1.4938516329E-03  7.4657E-04  7.4728E-04
  2.4299998078E+02  1.5062230223E-03  7.5275E-04  7.5347E-04
  2.4399998078E+02  1.5186454277E-03  7.5896E-04  7.5969E-04
  2.4499998078E+02  1.5311188491E-03  7.6519E-04  7.6593E-04
  2.4599998078E+02  1.5436432866E-03  7.7145E-04  7.7220E-04
  2.4699998078E+02  1.5562187401E-03  7.7773E-04  7.7849E-04
  2.4799998078E+02  1.5688452096E-03  7.8404E-04  7.8481E-04
  2.4899998078E+02  1.5815226952E-03  7.9037E-04  7.9115E-04
  2.4999998078E+02  1.5942511968E-03  7.9673E-04  7.9752E-04
  2.5099998078E+02  1.6070307144E-03  8.0312E-04  8.0391E-04
  2.5199998078E+02  1.6198612481E-03  8.0953E-04  8.1033E-04
  2.5299998078E+02  1.6327427979E-03  8.1596E-04  8.1678E-04
  2.5399998078E+02  1.6456753636E-03  8.2242E-04  8.2325E-04
  2.5499998078E+02  1.6586589455E-03  8.2891E-04  8.2975E-04
  2.5599998078E+02  1.6716935433E-03  8.3542E-04  8.3627E-04
  2.5699998078E+02  1.6847791572E-03  8.4196E-04  8.4282E-04
  2.5799998078E+02  1.6979157871E-03  8.4853E-04  8.4939E-04
  2.5899998078E+02  1.7111034331E-03  8.5511E-04  8.5599E-04
  2.5999998078E+02  1.7243420951E-03  8.6173E-04  8.6261E-04
  2.6099998078E+02  1.7376317731E-03  8.6837E-04  8.6926E-04
  2.6199998078E+02  1.7509724672E-03  8.7503E-04  8.7594E-04
  2.6299998078E+02  1.7643641773E-03  8.8172E-04  8.8264E-04
  2.6399998078E+02  1.7778069035E-03  8.8844E-04  8.8937E-04
  2.6499998078E+02  1.7913006457E-03  8.9518E-04  8.9612E-04
  2.6599998078E+02  1.8048454039E-03  9.0195E-04  9.0290E-04
  2.6699998078E+02  1.8184411782E-03  9.0874E-04  9.0970E-04
  2.6799998078E+02  1.8320879685E-03  9.1556E-04  9.1653E-04
  2.6899998078E+02  1.8457857749E-03  9.2240E-04  9.2338E-04
  2.6999998078E+02  1.8595345973E-03  9.2927E-04  9.3026E-04
  2.7099998078E+02  1.8733344357E-03  9.3617E-04  9.3717E-04
  2.7199998078E+02  1.8871852902E-03  9.4309E-04  9.4410E-04
  2.7299998078E+02  1.9010871607E-03  9.5003E-04  9.5106E-04
  2.7399998078E+02  1.9150400472E-03  9.5700E-04  9.5804E-04
  2.7499998078E+02  1.9290439498E-03  9.6400E-04  9.6505E-04
  2.7599998078E+02  1.9430988684E-03  9.7102E-04  9.7208E-04
  2.7699998078E+02  1.9572048031E-03  9.7807E-04  9.7914E-04
  2.7799998078E+02  1.9713617538E-03  9.8514E-04  9.8622E-04
  2.7899998078E+02  1.9855697206E-03  9.9224E-04  9.9333E-04
  2.7999998078E+02  1.9998287033E-03  9.9936E-04  1.0005E-03
  2.8099998078E+02  2.0141387022E-03  1.0065E-03  1.0076E-03
  2.8199998078E+02  2.0284997170E-03  1.0137E-03  1.0148E-03
  2.8299998078E+02  2.0429117479E-03  1.0209E-03  1.0220E-03
  2.8399998078E+02  2.0573747948E-03  1.0281E-03  1.0293E-03
  2.8499998078E+02  2.0718888578E-03  1.0354E-03  1.0365E-03
  2.8599998078E+02  2.0864539368E-03  1.0426E-03  1.0438E-03
  2.8699998078E+02  2.1010700319E-03  1.0499E-03  1.0511E-03
  2.8799998078E+02  2.1157371430E-03  1.0573E-03  1.0585E-03
  2.8899998078E+02  2.1304552701E-03  1.0646E-03  1.0658E-03
  2.8999998078E+02  2.1452244133E-03  1.0720E-03  1.0732E-03
  2.9099998078E+02  2.1600445725E-03  1.0794E-03  1.0806E-03
  2.9199998078E+02  2.1749157477E-03  1.0868E-03  1.0881E-03
  2.9299998078E+02  2.1898379390E-03  1.0943E-03  1.0956E-03
  2.9399998078E+02  2.2048111463E-03  1.1018E-03  1.1030E-03
  2.9499998078E+02  2.2198353697E-03  1.1093E-03  1.1106E-03
  2.9599998078E+02  2.2349106091E-03  1.1168E-03  1.1181E-03
  2.9699998078E+02  2.2500368645E-03  1.1244E-03  1.1257E-03
  2.9799998078E+02  2.2652141360E-03  1.1319E-03  1.1333E-03
  2.9899998078E+02  2.2804424235E-03  1.1395E-03  1.1409E-03
  2.9999998078E+02  2.2957217271E-03  1.1472E-03  1.1485E-03
  3.0099998078E+02  2.3110520467E-03  1.1548E-03  1.1562E-03
  3.0199998078E+02  2.3264333823E-03  1.1625E-03  1.1639E-03
  3.0299998078E+02  2.3418657340E-03  1.1702E-03  1.1716E-03
  3.0399998078E+02  2.3573491017E-03  1.1780E-03  1.1794E-03
  3.0499998078E+02  2.3728834855E-03  1.1857E-03  1.1872E-03
  3.0599998078E+02  2.3884688852E-03  1.1935E-03  1.1950E-03
  3.0699998078E+02  2.4041053011E-03  1.2013E-03  1.2028E-03
  3.0799998078E+02  2.4197927329E-03  1.2092E-03  1.2106E-03
  3.0899998078E+02  2.4355311808E-03  1.2170E-03  1.2185E-03
  3.0999998078E+02  2.4513206448E-03  1.2249E-03  1.2264E-03
  3.1099998078E+02  2.4671611248E-03  1.2328E-03  1.2343E-03
  3.1199998078E+02  2.4830526208E-03  1.2408E-03  1.2423E-03
  3.1299998078E+02  2.4989951329E-03  1.2487E-03  1.2503E-03
  3.1399998078E+02  2.5149886610E-03  1.2567E-03  1.2583E-03
  3.1499998078E+02  2.5310332051E-03  1.2647E-03  1.2663E-03
  3.1599998078E+02  2.5471287653E-03  1.2728E-03  1.2744E-03
  3.1699998078E+02  2.5632753415E-03  1.2808E-03  1.2824E-03
  3.1799998078E+02  2.5794729337E-03  1.2889E-03  1.2905E-03
  3.1899998078E+02  2.5957215420E-03  1.2970E-03  1.2987E-03
  3.1999998078E+02  2.6120211664E-03  1.3052E-03  1.3068E-03
  3.2099998078E+02  2.6283718067E-03  1.3134E-03  1.3150E-03
  3.2199998078E+02  2.6447734632E-03  1.3215E-03  1.3232E-03
  3.2299998078E+02  2.6612261356E-03  1.3298E-03  1.3315E-03
  3.2399998078E+02  2.6777298241E-03  1.3380E-03  1.3397E-03
  3.2499998078E+02  2.6942845286E-03  1.3463E-03  1.3480E-03
  3.2599998078E+02  2.7108902492E-03  1.3546E-03  1.3563E-03
  3.2699998078E+02  2.7275469858E-03  1.3629E-03  1.3647E-03
  3.2799998078E+02  2.7442547384E-03  1.3712E-03  1.3730E-03
  3.2899998078E+02  2.7610135071E-03  1.3796E-03  1.3814E-03
  3.2999998078E+02  2.7778232918E-03  1.3880E-03  1.3898E-03
  3.3099998078E+02  2.7946840926E-03  1.3964E-03  1.3983E-03
  3.3199998078E+02  2.8115959094E-03  1.4049E-03  1.4067E-03
  3.3299998078E+02  2.8285587422E-03  1.4133E-03  1.4152E-03
  3.3399998078E+02  2.8455725911E-03  1.4218E-03  1.4237E-03
  3.3499998078E+02  2.8626374560E-03  1.4304E-03  1.4323E-03
  3.3599998078E+02  2.8797533370E-03  1.4389E-03  1.4408E-03
  3.3699998078E+02  2.8969202340E-03  1.4475E-03  1.4494E-03
  3.3799998078E+02  2.9141381470E-03  1.4561E-03  1.4580E-03
  3.3899998078E+02  2.9314070761E-03  1.4647E-03  1.4667E-03
  3.3999998078E+02  2.9487270212E-03  1.4734E-03  1.4754E-03
  3.4099998078E+02  2.9660979823E-03  1.4821E-03  1.4840E-03
  3.4199998078E+02  2.9835199595E-03  1.4908E-03  1.4928E-03
  3.4299998078E+02  3.0009929527E-03  1.4995E-03  1.5015E-03
  3.4399998078E+02  3.0185169620E-03  1.5082E-03  1.5103E-03
  3.4499998078E+02  3.0360919873E-03  1.5170E-03  1.5191E-03
  3.4599998078E+02  3.0537180286E-03  1.5258E-03  1.5279E-03
  3.4699998078E+02  3.0713950860E-03  1.5346E-03  1.5367E-03
  3.4799998078E+02  3.0891231594E-03  1.5435E-03  1.5456E-03
  3.4899998078E+02  3.1069022489E-03  1.5524E-03  1.5545E-03
  3.4999998078E+02  3.1247323544E-03  1.5613E-03  1.5634E-03
  3.5099998078E+02  3.1426134759E-03  1.5702E-03  1.5724E-03
  3.5199998078E+02  3.1605456135E-03  1.5792E-03  1.5814E-03
  3.5299998078E+02  3.1785287671E-03  1.5882E-03  1.5904E-03
  3.5399998078E+02  3.1965629368E-03  1.5972E-03  1.5994E-03
  3.5499998078E+02  3.2146481224E-03  1.6062E-03  1.6085E-03
  3.5599998078E+02  3.2327843242E-03  1.6153E-03  1.6175E-03
  3.5699998078E+02  3.2509715419E-03  1.6243E-03  1.6266E-03
  3.5799998078E+02  3.2692097757E-03  1.6334E-03  1.6358E-03
  3.5899998078E+02  3.2874990256E-03  1.6426E-03  1.6449E-03
  3.5999998078E+02  3.3058392915E-03  1.6517E-03  1.6541E-03
  3.6099998078E+02  3.3242305734E-03  1.6609E-03  1.6633E-03
  3.6199998078E+02  3.3426728714E-03  1.6701E-03  1.6725E-03
  3.6299998078E+02  3.3611661854E-03  1.6794E-03  1.6818E-03
  3.6399998078E+02  3.3797105154E-03  1.6886E-03  1.6911E-03
  3.6499998078E+02  3.3983058615E-03  1.6979E-03  1.7004E-03
  3.6599998078E+02  3.4169522236E-03  1.7072E-03  1.7097E-03
  3.6699998078E+02  3.4356496018E-03  1.7166E-03  1.7191E-03
  3.6799998078E+02  3.4543979959E-03  1.7259E-03  1.7285E-03
  3.6899998078E+02  3.4731974062E-03  1.7353E-03  1.7379E-03
  3.6999998078E+02  3.4920478325E-03  1.7447E-03  1.7473E-03
  3.7099998078E+02  3.5109492748E-03  1.7542E-03  1.7568E-03
  3.7199998078E+02  3.5299017331E-03  1.7637E-03  1.7662E-03
  3.7299998078E+02  3.5489052075E-03  1.7731E-03  1.7758E-03
  3.7399998078E+02  3.5679596979E-03  1.7827E-03  1.7853E-03
  3.7499998078E+02  3.5870652044E-03  1.7922E-03  1.7949E-03
  3.7599998078E+02  3.8546742220E-03  1.9260E-03  1.9287E-03
  3.7699998078E+02  5.4547886639E-03  2.7260E-03  2.7288E-03
  3.7799998078E+02  6.9685701680E-03  3.4827E-03  3.4859E-03
  3.7899998078E+02  8.3960187342E-03  4.1962E-03  4.1999E-03
  3.7999998078E+02  9.7371343627E-03  4.8664E-03  4.8708E-03
  3.8099998078E+02  1.0991917053E-02  5.4933E-03  5.4986E-03
  3.8199998078E+02  1.2160366806E-02  6.0771E-03  6.0833E-03
  3.8299998078E+02  1.3242483621E-02  6.6176E-03  6.6249E-03
  3.8399998078E+02  1.4238267498E-02  7.1149E-03  7.1234E-03
  3.8499998078E+02  1.5147718438E-02  7.5690E-03  7.5787E-03
  3.8599998078E+02  1.5970836439E-02  7.9799E-03  7.9909E-03
  3.8699998078E+02  1.6707621503E-02  8.3476E-03  8.3600E-03
  3.8799998078E+02  1.7358073629E-02  8.6721E-03  8.6859E-03
  3.8899998078E+02  1.7922192817E-02  8.9535E-03  8.9687E-03
  3.8999998078E+02  1.8399979067E-02  9.1917E-03  9.2083E-03
  3.9099998078E+02  1.8791432379E-02  9.3867E-03  9.4047E-03
  3.9199998078E+02  1.9096552754E-02  9.5386E-03  9.5580E-03
  3.9299998078E+02  1.9315340191E-02  9.6473E-03  9.6680E-03
  3.9399998078E+02  1.9447794690E-02  9.7129E-03  9.7349E-03
  3.9499998078E+02  1.9493916251E-02  9.7354E-03  9.7585E-03
  3.9599998078E+02  1.9453704874E-02  9.7147E-03  9.7390E-03
  3.9699998078E+02  1.9327160559E-02  9.6510E-03  9.6762E-03
  3.9799998078E+02  1.9114283307E-02  9.5441E-03  9.5702E-03
  3.9899998078E+02  1.8815073117E-02  9.3941E-03  9.4209E-03
  3.9999998078E+02  1.8429529989E-02  9.2011E-03  9.2284E-03
  4.0099998078E+02  1.7957653923E-02  8.9650E-03  8.9927E-03
  4.0199998078E+02  1.7399444919E-02  8.6858E-03  8.7137E-03
  4.0299998078E+02  1.6754902978E-02  8.3635E-03  8.3914E-03
  4.0399998078E+02  1.6024028099E-02  7.9982E-03  8.0258E-03
  4.0499998078E+02  1.5206820281E-02  7.5899E-03  7.6170E-03
  4.0599998078E+02  1.4303279527E-02  7.1385E-03  7.1648E-03
  4.0699998078E+02  1.3313405834E-02  6.6440E-03  6.6694E-03
  4.0799998078E+02  1.2237199203E-02  6.1066E-03  6.1306E-03
  4.0899998078E+02  1.1074659635E-02  5.5261E-03  5.5485E-03
  4.0999998078E+02  9.8257871286E-03  4.9027E-03  4.9231E-03
  4.1099998078E+02  8.4905816845E-03  4.2362E-03  4.2544E-03
  4.1199998078E+02  7.0690433027E-03  3.5267E-03  3.5423E-03
  4.1299998078E+02  5.5611719830E-03  2.7743E-03  2.7869E-03
  4.1399998078E+02  3.9669677255E-03  1.9789E-03  1.9881E-03
  4.1499998078E+02  2.2864305301E-03  1.1405E-03  1.1459E-03
  4.1599998078E+02  5.1956039699E-04  2.5914E-04  2.6042E-04
  4.1699998078E+02  2.4723878817E-02  1.2390E-02  1.2334E-02
  4.1799998078E+02  5.2433379265E-02  2.6269E-02  2.6164E-02
  4.1899998078E+02  7.2125523426E-02  3.6125E-02  3.6001E-02
  4.1999998078E+02  8.3800311299E-02  4.1961E-02  4.1839E-02
  4.2099998078E+02  8.7457742884E-02  4.3781E-02  4.3677E-02
  4.2199998078E+02  8.3097818182E-02  4.1587E-02  4.1510E-02
  4.2299998078E+02  7.0720537192E-02  3.5384E-02  3.5336E-02
  4.2399998078E+02  5.0325899914E-02  2.5175E-02  2.5151E-02
  4.2499998078E+02  2.1913906349E-02  1.0963E-02  1.0951E-02
  4.2599998078E+02  1.3841570927E-02  6.9260E-03  6.9156E-03
  4.2699998078E+02  1.3557547484E-02  6.7838E-03  6.7738E-03
  4.2799998078E+02  1.3276468351E-02  6.6431E-03  6.6334E-03
  4.2899998078E+02  1.2998333527E-02  6.5039E-03  6.4945E-03
  4.2999998078E+02  1.2723143012E-02  6.3661E-03  6.3570E-03
  4.3099998078E+02  1.2450896807E-02  6.2299E-03  6.2210E-03
  4.3199998078E+02  1.2181594912E-02  6.0951E-03  6.0865E-03
  4.3299998078E+02  1.1915237326E-02  5.9617E-03  5.9535E-03
  4.3399998078E+02  1.1651824049E-02  5.8299E-03  5.8219E-03
  4.3499998078E+02  1.1391355082E-02  5.6995E-03  5.6918E-03
  4.3599998078E+02  1.1133830424E-02  5.5706E-03  5.5632E-03
  4.3699998078E+02  1.0879250076E-02  5.4432E-03  5.4360E-03
  4.3799998078E+02  1.0627614037E-02  5.3173E-03  5.3103E-03
  4.3899998078E+02  1.0378922308E-02  5.1928E-03  5.1861E-03
  4.3999998078E+02  1.0133174888E-02  5.0698E-03  5.0633E-03
  4.4099998078E+02  9.8903717773E-03  4.9483E-03  4.9421E-03
  4.4199998078E+02  9.6505129763E-03  4.8283E-03  4.8222E-03
  4.4299998078E+02  9.4135984848E-03  4.7097E-03  4.7039E-03
  4.4399998078E+02  9.1796283027E-03  4.5926E-03  4.5870E-03
  4.4499998078E+02  8.9486024300E-03  4.4770E-03  4.4716E-03
  4.4599998078E+02  8.7205208668E-03  4.3628E-03  4.3577E-03
  4.4699998078E+02  8.4953836130E-03  4.2502E-03  4.2452E-03
  4.4799998078E+02  8.2731906687E-03  4.1390E-03  4.1342E-03
  4.4899998078E+02  8.0539420339E-03  4.0293E-03  4.0247E-03
  4.4999998078E+02  7.8376377085E-03  3.9210E-03  3.9166E-03
  4.5099998078E+02  7.6242776925E-03  3.8143E-03  3.8100E-03
  4.5199998078E+02  7.4138619860E-03  3.7090E-03  3.7049E-03
  4.5299998078E+02  7.2063905890E-03  3.6051E-03  3.6013E-03
  4.5399998078E+02  7.0018635014E-03  3.5028E-03  3.4991E-03
  4.5499998078E+02  6.8002807232E-03  3.4019E-03  3.3984E-03
  4.5599998078E+02  6.6016422545E-03  3.3025E-03  3.2991E-03
  4.5699998078E+02  6.4059480953E-03  3.2046E-03  3.2013E-03
  4.5799998078E+02  6.2131982455E-03  3.1082E-03  3.1050E-03
  4.5899998078E+02  6.0233927052E-03  3.0132E-03  3.0102E-03
  4.5999998078E+02  5.8365314743E-03  2.9197E-03  2.9168E-03
  4.6099998078E+02  5.6526145528E-03  2.8277E-03  2.8250E-03
  4.6199998078E+02  5.4716419408E-03  2.7371E-03  2.7345E-03
  4.6299998078E+02  5.2936136383E-03  2.6480E-03  2.6456E-03
  4.6399998078E+02  5.1185296452E-03  2.5604E-03  2.5581E-03
  4.6499998078E+02  4.9463899616E-03  2.4743E-03  2.4721E-03
  4.6599998078E+02  4.7771945874E-03  2.3896E-03  2.3875E-03
  4.6699998078E+02  4.6109435226E-03  2.3065E-03  2.3045E-03
  4.6799998078E+02  4.4476367674E-03  2.2248E-03  2.2229E-03
  4.6899998078E+02  4.2872743215E-03  2.1445E-03  2.1427E-03
  4.6999998078E+02  4.1298561851E-03  2.0658E-03  2.0641E-03
  4.7099998078E+02  3.9753823582E-03  1.9885E-03  1.9869E-03
  4.7199998078E+02  3.8238528407E-03  1.9127E-03  1.9112E-03
  4.7299998078E+02  6.2520348014E-03  3.1267E-03  3.1253E-03
  4.7399998078E+02  1.3742332935E-02  6.8718E-03  6.8705E-03
  4.7499998078E+02  2.0811680725E-02  1.0406E-02  1.0405E-02
  4.7599998078E+02  2.7460078170E-02  1.3731E-02  1.3729E-02
  4.7699998078E+02  3.3687525272E-02  1.6844E-02  1.6843E-02
  4.7799998078E+02  3.9494022029E-02  1.9748E-02  1.9746E-02
  4.7899998078E+02  4.4879568443E-02  2.2440E-02  2.2439E-02
  4.7999998078E+02  4.9844164512E-02  2.4923E-02  2.4922E-02
  4.8099998078E+02  5.4387810238E-02  2.7194E-02  2.7193E-02
  4.8199998078E+02  5.8510505620E-02  2.9256E-02  2.9255E-02
  4.8299998078E+02  6.2212250657E-02  3.1106E-02  3.1106E-02
  4.8399998078E+02  6.5493045351E-02  3.2747E-02  3.2746E-02
  4.8499998078E+02  6.8352889700E-02  3.4177E-02  3.4176E-02
  4.8599998078E+02  7.0791783706E-02  3.5396E-02  3.5396E-02
  4.8699998078E+02  7.2809727367E-02  3.6405E-02  3.6405E-02
  4.8799998078E+02  7.4406720684E-02  3.7204E-02  3.7203E-02
  4.8899998078E+02  7.5582763658E-02  3.7792E-02  3.7791E-02
  4.8999998078E+02  7.6337856287E-02  3.8169E-02  3.8169E-02
  4.9099998078E+02  7.6671998573E-02  3.8336E-02  3.8336E-02
  4.9199998078E+02  7.6585190514E-02  3.8293E-02  3.8292E-02
  4.9299998078E+02  7.6077432111E-02  3.8039E-02  3.8039E-02
  4.9399998078E+02  7.5148723365E-02  3.7574E-02  3.7574E-02
  4.9499998078E+02  7.3799064274E-02  3.6900E-02  3.6899E-02
  4.9599998078E+02  7.2028454839E-02  3.6014E-02  3.6014E-02
  4.9699998078E+02  6.9836895061E-02  3.4919E-02  3.4918E-02
  4.9799998078E+02  6.7224384938E-02  3.3612E-02  3.3612E-02
  4.9899998078E+02  6.4190924471E-02  3.2096E-02  3.2095E-02
  4.9999998078E+02  6.0736513661E-02  3.0368E-02  3.0368E-02
  5.0099998078E+02  5.5687179471E-02  2.7844E-02  2.7844E-02
  5.0199998078E+02  5.0732112228E-02  2.5366E-02  2.5366E-02
  5.0299998078E+02  4.6007886715E-02  2.3004E-02  2.3004E-02
  5.0399998078E+02  4.1514502932E-02  2.0757E-02  2.0757E-02
  5.0499998078E+02  3.7251960878E-02  1.8626E-02  1.8626E-02
  5.0599998078E+02  3.3220260554E-02  1.6610E-02  1.6610E-02
  5.0699998078E+02  2.9419401959E-02  1.4710E-02  1.4710E-02
  5.0799998078E+02  2.5849385094E-02  1.2925E-02  1.2925E-02
  5.0899998078E+02  2.2510209959E-02  1.1255E-02  1.1255E-02
  5.0999998078E+02  1.9401876553E-02  9.7010E-03  9.7009E-03
  5.1099998078E+02  1.6524384876E-02  8.2622E-03  8.2622E-03
  5.1199998078E+02  1.3877734929E-02  6.9389E-03  6.9389E-03
  5.1299998078E+02  1.1461926712E-02  5.7310E-03  5.7310E-03
  5.1399998078E+02  9.2769602239E-03  4.6385E-03  4.6385E-03
  5.1499998078E+02  7.3228354656E-03  3.6614E-03  3.6614E-03
  5.1599998078E+02  5.5995524369E-03  2.7998E-03  2.7998E-03
  5.1699998078E+02  4.1071111376E-03  2.0536E-03  2.0536E-03
  5.1799998078E+02  2.8455115680E-03  1.4228E-03  1.4228E-03
  5.1899998078E+02  1.8147537278E-03  9.0738E-04  9.0738E-04
  5.1999998078E+02  1.0148376172E-03  5.0742E-04  5.0742E-04
  5.2099998078E+02  4.4576323620E-04  2.2288E-04  2.2288E-04
  5.2199998078E+02  1.0753058470E-04  5.3765E-05  5.3765E-05
  5.2299998078E+02  0.0000000000E+00  0.0000E+00  0.0000E+00
