 # Frequency[cm^-1] DOS PDOS
 -1.9219139211E-05  0.0000000000E+00  0.0000E+00  0.0000E+00
  9.9998078086E-01  1.5523546039E-07  7.7618E-08  7.7618E-08
  1.9999807809E+00  6.2094205149E-07  3.1047E-07  3.1047E-07
  2.9999807809E+00  1.3971197733E-06  6.9856E-07  6.9856E-07
  3.9999807809E+00  2.4837686258E-06  1.2419E-06  1.2419E-06
  4.9999807809E+00  3.8808886090E-06  1.9404E-06  1.9404E-06
  5.9999807809E+00  5.5884797229E-06  2.7942E-06  2.7942E-06
  6.9999807809E+00  7.6065419676E-06  3.8033E-06  3.8033E-06
  7.9999807809E+00  9.9350753429E-06  4.9675E-06  4.9675E-06
  8.9999807809E+00  1.2574079849E-05  6.2870E-06  6.2870E-06
  9.9999807809E+00  1.5523555486E-05  7.7618E-06  7.7618E-06
  1.0999980781E+01  1.8783502253E-05  9.3918E-06  9.3918E-06
  1.1999980781E+01  2.2353920151E-05  1.1177E-05  1.1177E-05
  1.2999980781E+01  2.6234809180E-05  1.3117E-05  1.3117E-05
  1.3999980781E+01  3.0426169340E-05  1.5213E-05  1.5213E-05
  1.4999980781E+01  3.4928000630E-05  1.7464E-05  1.7464E-05
  1.5999980781E+01  3.9740303051E-05  1.9870E-05  1.9870E-05
  1.6999980781E+01  4.4863076603E-05  2.2432E-05  2.2432E-05
  1.7999980781E+01  5.0296321285E-05  2.5148E-05  2.5148E-05
  1.8999980781E+01  5.6040037098E-05  2.8020E-05  2.8020E-05
  1.9999980781E+01  6.2094224042E-05  3.1047E-05  3.1047E-05
  2.0999980781E+01  6.8458882116E-05  3.4229E-05  3.4229E-05
  2.1999980781E+01  7.5134011322E-05  3.7567E-05  3.7567E-05
  2.2999980781E+01  8.2119611658E-05  4.1060E-05  4.1060E-05
  2.3999980781E+01  8.9415683124E-05  4.4708E-05  4.4708E-05
  2.4999980781E+01  9.7022225722E-05  4.8511E-05  4.8511E-05
  2.5999980781E+01  1.0493923945E-04  5.2470E-05  5.2470E-05
  2.6999980781E+01  1.1316672431E-04  5.6583E-05  5.6583E-05
  2.7999980781E+01  1.2170468030E-04  6.0852E-05  6.0852E-05
  2.8999980781E+01  1.3055310742E-04  6.5277E-05  6.5277E-05
  2.9999980781E+01  1.3971200567E-04  6.9856E-05  6.9856E-05
  3.0999980781E+01  1.4918137505E-04  7.4591E-05  7.4591E-05
  3.1999980781E+01  1.5896121556E-04  7.9481E-05  7.9481E-05
  3.2999980781E+01  1.6905152721E-04  8.4526E-05  8.4526E-05
  3.3999980781E+01  1.7945230998E-04  8.9726E-05  8.9726E-05
  3.4999980781E+01  1.9016356388E-04  9.5082E-05  9.5082E-05
  3.5999980781E+01  2.0118528892E-04  1.0059E-04  1.0059E-04
  3.6999980781E+01  2.1251748508E-04  1.0626E-04  1.0626E-04
  3.7999980781E+01  2.2416015238E-04  1.1208E-04  1.1208E-04
  3.8999980781E+01  2.3611329081E-04  1.1806E-04  1.1806E-04
  3.9999980781E+01  2.4837690037E-04  1.2419E-04  1.2419E-04
  4.0999980781E+01  2.6095098105E-04  1.3048E-04  1.3048E-04
  4.1999980781E+01  2.7383553287E-04  1.3692E-04  1.3692E-04
  4.2999980781E+01  2.8703055582E-04  1.4352E-04  1.4352E-04
  4.3999980781E+01  3.0053604991E-04  1.5027E-04  1.5027E-04
  4.4999980781E+01  3.1435201512E-04  1.5718E-04  1.5718E-04
  4.5999980781E+01  3.2847845146E-04  1.6424E-04  1.6424E-04
  4.6999980781E+01  3.4291535893E-04  1.7146E-04  1.7146E-04
  4.7999980781E+01  3.5766273754E-04  1.7883E-04  1.7883E-04
  4.8999980781E+01  3.7272058727E-04  1.8636E-04  1.8636E-04
  4.9999980781E+01  3.8808890813E-04  1.9404E-04  1.9404E-04
  5.0999980781E+01  4.0376770013E-04  2.0188E-04  2.0188E-04
  5.1999980781E+01  4.1975696326E-04  2.0988E-04  2.0988E-04
  5.2999980781E+01  4.3605669751E-04  2.1803E-04  2.1803E-04
  5.3999980781E+01  4.5266690290E-04  2.2633E-04  2.2633E-04
  5.4999980781E+01  4.6958757942E-04  2.3479E-04  2.3479E-04
  5.5999980781E+01  4.8681872707E-04  2.4341E-04  2.4341E-04
  5.6999980781E+01  5.0436034585E-04  2.5218E-04  2.5218E-04
  5.7999980781E+01  5.2221243576E-04  2.6111E-04  2.6111E-04
  5.8999980781E+01  5.4037499680E-04  2.7019E-04  2.7019E-04
  5.9999980781E+01  5.5884802897E-04  2.7942E-04  2.7942E-04
  6.0999980781E+01  5.7763153228E-04  2.8882E-04  2.8882E-04
  6.1999980781E+01  6.5773883666E-04  3.2887E-04  3.2887E-04
  6.2999980781E+01  8.3937308504E-04  4.1969E-04  4.1969E-04
  6.3999980781E+01  1.0133389714E-03  5.0667E-04  5.0667E-04
  6.4999980781E+01  1.1796364956E-03  5.8982E-04  5.8982E-04
  6.5999980781E+01  1.3382656578E-03  6.6913E-04  6.6913E-04
  6.6999980781E+01  1.4892264579E-03  7.4461E-04  7.4461E-04
  6.7999980781E+01  1.6325188959E-03  8.1626E-04  8.1626E-04
  6.8999980781E+01  1.7681429719E-03  8.8407E-04  8.8407E-04
  6.9999980781E+01  1.8960986858E-03  9.4805E-04  9.4805E-04
  7.0999980781E+01  2.0163860377E-03  1.0082E-03  1.0082E-03
  7.1999980781E+01  2.1290050275E-03  1.0645E-03  1.0645E-03
  7.2999980781E+01  2.2339556552E-03  1.1170E-03  1.1170E-03
  7.3999980781E+01  2.3312379208E-03  1.1656E-03  1.1656E-03
  7.4999980781E+01  2.4208518244E-03  1.2104E-03  1.2104E-03
  7.5999980781E+01  2.5027973660E-03  1.2514E-03  1.2514E-03
  7.6999980781E+01  2.5770745454E-03  1.2885E-03  1.2885E-03
  7.7999980781E+01  2.6436833628E-03  1.3218E-03  1.3218E-03
  7.8999980781E+01  2.7026238181E-03  1.3513E-03  1.3513E-03
  7.9999980781E+01  2.7538959114E-03  1.3769E-03  1.3769E-03
  8.0999980781E+01  2.8044440129E-03  1.4022E-03  1.4022E-03
  8.1999980781E+01  2.9039008840E-03  1.4520E-03  1.4520E-03
  8.2999980781E+01  3.0052474800E-03  1.5026E-03  1.5026E-03
  8.3999980781E+01  3.1084838009E-03  1.5542E-03  1.5542E-03
  8.4999980781E+01  3.2136098467E-03  1.6068E-03  1.6068E-03
  8.5999980781E+01  3.3206256173E-03  1.6603E-03  1.6603E-03
  8.6999980781E+01  3.4295311129E-03  1.7148E-03  1.7148E-03
  8.7999980781E+01  3.5403263333E-03  1.7702E-03  1.7702E-03
  8.8999980781E+01  3.6530112787E-03  1.8265E-03  1.8265E-03
  8.9999980781E+01  3.7675859489E-03  1.8838E-03  1.8838E-03
  9.0999980781E+01  3.9026406443E-03  1.9513E-03  1.9513E-03
  9.1999980781E+01  4.0681788159E-03  2.0341E-03  2.0341E-03
  9.2999980781E+01  4.2555815546E-03  2.1278E-03  2.1278E-03
  9.3999980781E+01  4.4648488603E-03  2.2324E-03  2.2324E-03
  9.4999980781E+01  4.6959807330E-03  2.3480E-03  2.3480E-03
  9.5999980781E+01  4.9489771727E-03  2.4745E-03  2.4745E-03
  9.6999980781E+01  5.2239714611E-03  2.6120E-03  2.6120E-03
  9.7999980781E+01  5.5267129680E-03  2.7634E-03  2.7634E-03
  9.8999980781E+01  5.8602628142E-03  2.9301E-03  2.9301E-03
  9.9999980781E+01  6.2246209995E-03  3.1123E-03  3.1123E-03
  1.0099998078E+02  6.6197875240E-03  3.3099E-03  3.3099E-03
  1.0199998078E+02  7.0457623877E-03  3.5229E-03  3.5229E-03
  1.0299998078E+02  7.5025455906E-03  3.7513E-03  3.7513E-03
  1.0399998078E+02  8.0856411287E-03  4.0428E-03  4.0428E-03
  1.0499998078E+02  8.8131122752E-03  4.4066E-03  4.4066E-03
  1.0599998078E+02  9.5398985943E-03  4.7699E-03  4.7699E-03
  1.0699998078E+02  1.0266000086E-02  5.1330E-03  5.1330E-03
  1.0799998078E+02  1.0991416750E-02  5.4957E-03  5.4957E-03
  1.0899998078E+02  1.1680361787E-02  5.8402E-03  5.8402E-03
  1.0999998078E+02  1.2229060136E-02  6.1145E-03  6.1145E-03
  1.1099998078E+02  1.2796625570E-02  6.3983E-03  6.3983E-03
  1.1199998078E+02  1.3383058088E-02  6.6915E-03  6.6915E-03
  1.1299998078E+02  1.3988357692E-02  6.9942E-03  6.9942E-03
  1.1399998078E+02  1.4612524381E-02  7.3063E-03  7.3063E-03
  1.1499998078E+02  1.5598253002E-02  7.7991E-03  7.7991E-03
  1.1599998078E+02  1.6916308685E-02  8.4582E-03  8.4582E-03
  1.1699998078E+02  1.7663425615E-02  8.8317E-03  8.8317E-03
  1.1799998078E+02  1.8032993014E-02  9.0165E-03  9.0165E-03
  1.1899998078E+02  1.8512552449E-02  9.2563E-03  9.2563E-03
  1.1999998078E+02  1.9092484388E-02  9.5462E-03  9.5462E-03
  1.2099998078E+02  1.6272171997E-02  8.1361E-03  8.1361E-03
  1.2199998078E+02  1.6514544961E-02  8.2573E-03  8.2573E-03
  1.2299998078E+02  1.6753281872E-02  8.3766E-03  8.3766E-03
  1.2399998078E+02  1.6988382731E-02  8.4942E-03  8.4942E-03
  1.2499998078E+02  1.7219847536E-02  8.6099E-03  8.6099E-03
  1.2599998078E+02  1.7902259939E-02  8.9511E-03  8.9511E-03
  1.2699998078E+02  1.9392062313E-02  9.6960E-03  9.6960E-03
  1.2799998078E+02  2.0398160846E-02  1.0199E-02  1.0199E-02
  1.2899998078E+02  2.0920555538E-02  1.0460E-02  1.0460E-02
  1.2999998078E+02  1.9984879843E-02  9.9924E-03  9.9924E-03
  1.3099998078E+02  1.9591573755E-02  9.7958E-03  9.7958E-03
  1.3199998078E+02  1.9895436102E-02  9.9477E-03  9.9477E-03
  1.3299998078E+02  2.0284143490E-02  1.0142E-02  1.0142E-02
  1.3399998078E+02  2.0757695919E-02  1.0379E-02  1.0379E-02
  1.3499998078E+02  2.1760867142E-02  1.0880E-02  1.0880E-02
  1.3599998078E+02  2.5625069482E-02  1.2813E-02  1.2813E-02
  1.3699998078E+02  2.6273262770E-02  1.3137E-02  1.3137E-02
  1.3799998078E+02  2.6828408781E-02  1.3414E-02  1.3414E-02
  1.3899998078E+02  2.7348897115E-02  1.3674E-02  1.3674E-02
  1.3999998078E+02  2.7653407271E-02  1.3827E-02  1.3827E-02
  1.4099998078E+02  2.7741939246E-02  1.3871E-02  1.3871E-02
  1.4199998078E+02  2.7492569154E-02  1.3746E-02  1.3746E-02
  1.4299998078E+02  2.9206274060E-02  1.4603E-02  1.4603E-02
  1.4399998078E+02  2.8848115763E-02  1.4424E-02  1.4424E-02
  1.4499998078E+02  2.8439641060E-02  1.4220E-02  1.4220E-02
  1.4599998078E+02  2.7980849951E-02  1.3990E-02  1.3990E-02
  1.4699998078E+02  2.7471742436E-02  1.3736E-02  1.3736E-02
  1.4799998078E+02  2.6970613809E-02  1.3485E-02  1.3485E-02
  1.4899998078E+02  2.6599303638E-02  1.3300E-02  1.3300E-02
  1.4999998078E+02  2.6222357052E-02  1.3111E-02  1.3111E-02
  1.5099998078E+02  2.5839774052E-02  1.2920E-02  1.2920E-02
  1.5199998078E+02  2.6441731525E-02  1.3221E-02  1.3221E-02
  1.5299998078E+02  3.3830479438E-02  1.6915E-02  1.6915E-02
  1.5399998078E+02  2.9116002556E-02  1.4558E-02  1.4558E-02
  1.5499998078E+02  2.6633135746E-02  1.3317E-02  1.3317E-02
  1.5599998078E+02  2.4696806906E-02  1.2348E-02  1.2348E-02
  1.5699998078E+02  2.4480942908E-02  1.2240E-02  1.2240E-02
  1.5799998078E+02  2.4273211652E-02  1.2137E-02  1.2137E-02
  1.5899998078E+02  2.4073613138E-02  1.2037E-02  1.2037E-02
  1.5999998078E+02  2.3882147366E-02  1.1941E-02  1.1941E-02
  1.6099998078E+02  2.3698814337E-02  1.1849E-02  1.1849E-02
  1.6199998078E+02  2.3523614049E-02  1.1762E-02  1.1762E-02
  1.6299998078E+02  2.3356546504E-02  1.1678E-02  1.1678E-02
  1.6399998078E+02  2.3197611700E-02  1.1599E-02  1.1599E-02
  1.6499998078E+02  2.3046809639E-02  1.1523E-02  1.1523E-02
  1.6599998078E+02  2.3169680624E-02  1.1585E-02  1.1585E-02
  1.6699998078E+02  2.3734742383E-02  1.1867E-02  1.1867E-02
  1.6799998078E+02  2.4076134909E-02  1.2038E-02  1.2038E-02
  1.6899998078E+02  2.3897222467E-02  1.1949E-02  1.1949E-02
  1.6999998078E+02  2.4428390350E-02  1.2214E-02  1.2214E-02
  1.7099998078E+02  2.0573938731E-02  1.0287E-02  1.0287E-02
  1.7199998078E+02  1.8975612067E-02  9.4878E-03  9.4878E-03
  1.7299998078E+02  1.8188798331E-02  9.0944E-03  9.0944E-03
  1.7399998078E+02  1.7188533993E-02  8.5943E-03  8.5943E-03
  1.7499998078E+02  1.5974819054E-02  7.9874E-03  7.9874E-03
  1.7599998078E+02  1.4540789807E-02  7.2704E-03  7.2704E-03
  1.7699998078E+02  1.4567592877E-02  7.2838E-03  7.2838E-03
  1.7799998078E+02  1.4586635825E-02  7.2933E-03  7.2933E-03
  1.7899998078E+02  1.4597918652E-02  7.2990E-03  7.2990E-03
  1.7999998078E+02  1.4601441357E-02  7.3007E-03  7.3007E-03
  1.8099998078E+02  1.4597203942E-02  7.2986E-03  7.2986E-03
  1.8199998078E+02  1.4585206406E-02  7.2926E-03  7.2926E-03
  1.8299998078E+02  1.4565448749E-02  7.2827E-03  7.2827E-03
  1.8399998078E+02  1.4537930970E-02  7.2690E-03  7.2690E-03
  1.8499998078E+02  1.4502653071E-02  7.2513E-03  7.2513E-03
  1.8599998078E+02  1.4459615050E-02  7.2298E-03  7.2298E-03
  1.8699998078E+02  1.4408816908E-02  7.2044E-03  7.2044E-03
  1.8799998078E+02  1.4350258645E-02  7.1751E-03  7.1751E-03
  1.8899998078E+02  1.4283940262E-02  7.1420E-03  7.1420E-03
  1.8999998078E+02  1.4209861757E-02  7.1049E-03  7.1049E-03
  1.9099998078E+02  1.4774970092E-02  7.3875E-03  7.3875E-03
  1.9199998078E+02  1.4605455654E-02  7.3027E-03  7.3027E-03
  1.9299998078E+02  1.4367568392E-02  7.1838E-03  7.1838E-03
  1.9399998078E+02  1.4061308305E-02  7.0307E-03  7.0307E-03
  1.9499998078E+02  1.3686675394E-02  6.8433E-03  6.8433E-03
  1.9599998078E+02  1.3243669657E-02  6.6218E-03  6.6218E-03
  1.9699998078E+02  1.2732291096E-02  6.3661E-03  6.3661E-03
  1.9799998078E+02  1.2152539710E-02  6.0763E-03  6.0763E-03
  1.9899998078E+02  1.1509934392E-02  5.7550E-03  5.7550E-03
  1.9999998078E+02  1.0801686355E-02  5.4008E-03  5.4008E-03
  2.0099998078E+02  1.0024910276E-02  5.0125E-03  5.0125E-03
  2.0199998078E+02  9.1796061531E-03  4.5898E-03  4.5898E-03
  2.0299998078E+02  8.2657739876E-03  4.1329E-03  4.1329E-03
  2.0399998078E+02  7.9030618433E-03  3.9515E-03  3.9515E-03
  2.0499998078E+02  1.1772037304E-03  5.8860E-04  5.8860E-04
  2.0599998078E+02  1.1982835497E-03  5.9914E-04  5.9914E-04
  2.0699998078E+02  1.2192803976E-03  6.0964E-04  6.0964E-04
  2.0799998078E+02  1.2401942742E-03  6.2010E-04  6.2010E-04
  2.0899998078E+02  1.2610251794E-03  6.3051E-04  6.3051E-04
  2.0999998078E+02  1.2817731132E-03  6.4089E-04  6.4089E-04
  2.1099998078E+02  1.3024380757E-03  6.5122E-04  6.5122E-04
  2.1199998078E+02  1.3230200668E-03  6.6151E-04  6.6151E-04
  2.1299998078E+02  1.3435190865E-03  6.7176E-04  6.7176E-04
  2.1399998078E+02  1.3639351349E-03  6.8197E-04  6.8197E-04
  2.1499998078E+02  1.3842682119E-03  6.9213E-04  6.9213E-04
  2.1599998078E+02  1.4045183175E-03  7.0226E-04  7.0226E-04
  2.1699998078E+02  1.4246854518E-03  7.1234E-04  7.1234E-04
  2.1799998078E+02  1.4447696147E-03  7.2238E-04  7.2238E-04
  2.1899998078E+02  1.4647708062E-03  7.3239E-04  7.3239E-04
  2.1999998078E+02  1.4846890264E-03  7.4234E-04  7.4234E-04
  2.2099998078E+02  1.5045242752E-03  7.5226E-04  7.5226E-04
  2.2199998078E+02  1.5242765526E-03  7.6214E-04  7.6214E-04
  2.2299998078E+02  1.5439458587E-03  7.7197E-04  7.7197E-04
  2.2399998078E+02  1.5635321933E-03  7.8177E-04  7.8177E-04
  2.2499998078E+02  1.5830355567E-03  7.9152E-04  7.9152E-04
  2.2599998078E+02  1.6024559486E-03  8.0123E-04  8.0123E-04
  2.2699998078E+02  1.6217933692E-03  8.1090E-04  8.1090E-04
  2.2799998078E+02  1.6410478184E-03  8.2052E-04  8.2052E-04
  2.2899998078E+02  1.6602192963E-03  8.3011E-04  8.3011E-04
  2.2999998078E+02  1.6793078028E-03  8.3965E-04  8.3965E-04
  2.3099998078E+02  1.6983133379E-03  8.4916E-04  8.4916E-04
  2.3199998078E+02  1.7178098842E-03  8.5890E-04  8.5890E-04
  2.3299998078E+02  1.7445876156E-03  8.7229E-04  8.7229E-04
  2.3399998078E+02  1.7721077688E-03  8.8605E-04  8.8605E-04
  2.3499998078E+02  1.8003703439E-03  9.0019E-04  9.0019E-04
  2.3599998078E+02  1.8293753408E-03  9.1469E-04  9.1469E-04
  2.3699998078E+02  1.8591227597E-03  9.2956E-04  9.2956E-04
  2.3799998078E+02  1.8896126005E-03  9.4481E-04  9.4481E-04
  2.3899998078E+02  1.9208448631E-03  9.6042E-04  9.6042E-04
  2.3999998078E+02  1.9528195477E-03  9.7641E-04  9.7641E-04
  2.4099998078E+02  1.9855366541E-03  9.9277E-04  9.9277E-04
  2.4199998078E+02  2.0189961824E-03  1.0095E-03  1.0095E-03
  2.4299998078E+02  2.0531981326E-03  1.0266E-03  1.0266E-03
  2.4399998078E+02  2.0881425047E-03  1.0441E-03  1.0441E-03
  2.4499998078E+02  2.1238292987E-03  1.0619E-03  1.0619E-03
  2.4599998078E+02  2.1602585146E-03  1.0801E-03  1.0801E-03
  2.4699998078E+02  2.1974301524E-03  1.0987E-03  1.0987E-03
  2.4799998078E+02  2.2353442120E-03  1.1177E-03  1.1177E-03
  2.4899998078E+02  2.2740006936E-03  1.1370E-03  1.1370E-03
  2.4999998078E+02  2.3133995970E-03  1.1567E-03  1.1567E-03
  2.5099998078E+02  2.3535409223E-03  1.1768E-03  1.1768E-03
  2.5199998078E+02  2.3944246695E-03  1.1972E-03  1.1972E-03
  2.5299998078E+02  2.4360508386E-03  1.2180E-03  1.2180E-03
  2.5399998078E+02  2.4784194296E-03  1.2392E-03  1.2392E-03
  2.5499998078E+02  2.5215304425E-03  1.2608E-03  1.2608E-03
  2.5599998078E+02  2.5653838772E-03  1.2827E-03  1.2827E-03
  2.5699998078E+02  2.6099797339E-03  1.3050E-03  1.3050E-03
  2.5799998078E+02  2.6553180124E-03  1.3277E-03  1.3277E-03
  2.5899998078E+02  2.7013987128E-03  1.3507E-03  1.3507E-03
  2.5999998078E+02  2.7482218352E-03  1.3741E-03  1.3741E-03
  2.6099998078E+02  2.7957873794E-03  1.3979E-03  1.3979E-03
  2.6199998078E+02  2.8440953455E-03  1.4220E-03  1.4220E-03
  2.6299998078E+02  2.8931457334E-03  1.4466E-03  1.4466E-03
  2.6399998078E+02  2.9435296016E-03  1.4718E-03  1.4718E-03
  2.6499998078E+02  2.9960069712E-03  1.4980E-03  1.4980E-03
  2.6599998078E+02  3.0505807579E-03  1.5253E-03  1.5253E-03
  2.6699998078E+02  3.1072509615E-03  1.5536E-03  1.5536E-03
  2.6799998078E+02  3.1660175822E-03  1.5830E-03  1.5830E-03
  2.6899998078E+02  3.2268806199E-03  1.6134E-03  1.6134E-03
  2.6999998078E+02  3.2898400746E-03  1.6449E-03  1.6449E-03
  2.7099998078E+02  3.3548959464E-03  1.6774E-03  1.6774E-03
  2.7199998078E+02  3.4220482351E-03  1.7110E-03  1.7110E-03
  2.7299998078E+02  3.4912969409E-03  1.7456E-03  1.7456E-03
  2.7399998078E+02  3.5626420637E-03  1.7813E-03  1.7813E-03
  2.7499998078E+02  3.6360836035E-03  1.8180E-03  1.8180E-03
  2.7599998078E+02  3.7090484717E-03  1.8545E-03  1.8545E-03
  2.7699998078E+02  3.7782192433E-03  1.8891E-03  1.8891E-03
  2.7799998078E+02  3.8453144451E-03  1.9227E-03  1.9227E-03
  2.7899998078E+02  3.9103340770E-03  1.9552E-03  1.9552E-03
  2.7999998078E+02  3.9732781390E-03  1.9866E-03  1.9866E-03
  2.8099998078E+02  4.0341466312E-03  2.0171E-03  2.0171E-03
  2.8199998078E+02  4.0929395535E-03  2.0465E-03  2.0465E-03
  2.8299998078E+02  4.1496569059E-03  2.0748E-03  2.0748E-03
  2.8399998078E+02  4.2042986885E-03  2.1021E-03  2.1021E-03
  2.8499998078E+02  4.2568649012E-03  2.1284E-03  2.1284E-03
  2.8599998078E+02  4.3073555441E-03  2.1537E-03  2.1537E-03
  2.8699998078E+02  4.3639506054E-03  2.1820E-03  2.1820E-03
  2.8799998078E+02  4.4571501806E-03  2.2286E-03  2.2286E-03
  2.8899998078E+02  4.5528772091E-03  2.2764E-03  2.2764E-03
  2.8999998078E+02  4.6511316908E-03  2.3256E-03  2.3256E-03
  2.9099998078E+02  4.7519136259E-03  2.3760E-03  2.3760E-03
  2.9199998078E+02  4.8552230143E-03  2.4276E-03  2.4276E-03
  2.9299998078E+02  4.9610598559E-03  2.4805E-03  2.4805E-03
  2.9399998078E+02  5.0694241509E-03  2.5347E-03  2.5347E-03
  2.9499998078E+02  5.1803158991E-03  2.5902E-03  2.5902E-03
  2.9599998078E+02  5.2937351007E-03  2.6469E-03  2.6469E-03
  2.9699998078E+02  5.4096817555E-03  2.7048E-03  2.7048E-03
  2.9799998078E+02  5.5281558636E-03  2.7641E-03  2.7641E-03
  2.9899998078E+02  5.6491574251E-03  2.8246E-03  2.8246E-03
  2.9999998078E+02  5.7726864398E-03  2.8863E-03  2.8863E-03
  3.0099998078E+02  5.8987429078E-03  2.9494E-03  2.9494E-03
  3.0199998078E+02  6.0273268292E-03  3.0137E-03  3.0137E-03
  3.0299998078E+02  6.1584382038E-03  3.0792E-03  3.0792E-03
  3.0399998078E+02  6.2920770317E-03  3.1460E-03  3.1460E-03
  3.0499998078E+02  6.4282433129E-03  3.2141E-03  3.2141E-03
  3.0599998078E+02  6.5669370475E-03  3.2835E-03  3.2835E-03
  3.0699998078E+02  6.7081582353E-03  3.3541E-03  3.3541E-03
  3.0799998078E+02  6.8519068764E-03  3.4260E-03  3.4260E-03
  3.0899998078E+02  6.9981829708E-03  3.4991E-03  3.4991E-03
  3.0999998078E+02  7.1469865185E-03  3.5735E-03  3.5735E-03
  3.1099998078E+02  7.2983175195E-03  3.6492E-03  3.6492E-03
  3.1199998078E+02  7.4603680124E-03  3.7302E-03  3.7302E-03
  3.1299998078E+02  7.7274098032E-03  3.8637E-03  3.8637E-03
  3.1399998078E+02  8.1262482784E-03  4.0631E-03  4.0631E-03
  3.1499998078E+02  8.6568834381E-03  4.3284E-03  4.3284E-03
  3.1599998078E+02  9.3738040664E-03  4.6869E-03  4.6869E-03
  3.1699998078E+02  1.0101261020E-02  5.0506E-03  5.0506E-03
  3.1799998078E+02  1.0829649602E-02  5.4148E-03  5.4148E-03
  3.1899998078E+02  1.1558969815E-02  5.7795E-03  5.7795E-03
  3.1999998078E+02  1.2240328910E-02  6.1202E-03  6.1202E-03
  3.2099998078E+02  1.2814048920E-02  6.4070E-03  6.4070E-03
  3.2199998078E+02  1.3283060881E-02  6.6415E-03  6.6415E-03
  3.2299998078E+02  1.3647364795E-02  6.8237E-03  6.8237E-03
  3.2399998078E+02  1.2920428605E-02  6.4602E-03  6.4602E-03
  3.2499998078E+02  1.3067970724E-02  6.5340E-03  6.5340E-03
  3.2599998078E+02  1.3207567677E-02  6.6038E-03  6.6038E-03
  3.2699998078E+02  1.3339219465E-02  6.6696E-03  6.6696E-03
  3.2799998078E+02  1.3462926087E-02  6.7315E-03  6.7315E-03
  3.2899998078E+02  1.3578687544E-02  6.7893E-03  6.7893E-03
  3.2999998078E+02  1.3686503834E-02  6.8433E-03  6.8433E-03
  3.3099998078E+02  1.3786374959E-02  6.8932E-03  6.8932E-03
  3.3199998078E+02  1.3878300918E-02  6.9392E-03  6.9392E-03
  3.3299998078E+02  1.3962281711E-02  6.9811E-03  6.9811E-03
  3.3399998078E+02  1.4038317338E-02  7.0192E-03  7.0192E-03
  3.3499998078E+02  1.4106407800E-02  7.0532E-03  7.0532E-03
  3.3599998078E+02  1.4166553095E-02  7.0833E-03  7.0833E-03
  3.3699998078E+02  1.4218753225E-02  7.1094E-03  7.1094E-03
  3.3799998078E+02  1.4263008190E-02  7.1315E-03  7.1315E-03
  3.3899998078E+02  1.4299317988E-02  7.1497E-03  7.1497E-03
  3.3999998078E+02  1.4327682621E-02  7.1638E-03  7.1638E-03
  3.4099998078E+02  1.4352905689E-02  7.1765E-03  7.1765E-03
  3.4199998078E+02  1.4365599499E-02  7.1828E-03  7.1828E-03
  3.4299998078E+02  1.4344887340E-02  7.1724E-03  7.1724E-03
  3.4399998078E+02  1.4290769211E-02  7.1454E-03  7.1454E-03
  3.4499998078E+02  1.4203245113E-02  7.1016E-03  7.1016E-03
  3.4599998078E+02  1.4082315045E-02  7.0412E-03  7.0412E-03
  3.4699998078E+02  1.3927979007E-02  6.9640E-03  6.9640E-03
  3.4799998078E+02  1.3740237000E-02  6.8701E-03  6.8701E-03
  3.4899998078E+02  1.3519089023E-02  6.7595E-03  6.7595E-03
  3.4999998078E+02  1.3264535077E-02  6.6323E-03  6.6323E-03
  3.5099998078E+02  1.4118055417E-02  7.0590E-03  7.0590E-03
  3.5199998078E+02  6.9544473622E-03  3.4772E-03  3.4772E-03
  3.5299998078E+02  5.5508796566E-03  2.7754E-03  2.7754E-03
  3.5399998078E+02  5.1614961983E-03  2.5807E-03  2.5807E-03
  3.5499998078E+02  3.8449601892E-03  1.9225E-03  1.9225E-03
  3.5599998078E+02  3.4010973341E-03  1.7005E-03  1.7005E-03
  3.5699998078E+02  3.3140354027E-03  1.6570E-03  1.6570E-03
  3.5799998078E+02  3.2268699938E-03  1.6134E-03  1.6134E-03
  3.5899998078E+02  3.1396011076E-03  1.5698E-03  1.5698E-03
  3.5999998078E+02  3.0522287440E-03  1.5261E-03  1.5261E-03
  3.6099998078E+02  2.9647529029E-03  1.4824E-03  1.4824E-03
  3.6199998078E+02  2.8771735845E-03  1.4386E-03  1.4386E-03
  3.6299998078E+02  2.7894907886E-03  1.3947E-03  1.3947E-03
  3.6399998078E+02  2.7017045153E-03  1.3509E-03  1.3509E-03
  3.6499998078E+02  2.6138147646E-03  1.3069E-03  1.3069E-03
  3.6599998078E+02  2.5258215365E-03  1.2629E-03  1.2629E-03
  3.6699998078E+02  2.4377248310E-03  1.2189E-03  1.2189E-03
  3.6799998078E+02  2.3495246480E-03  1.1748E-03  1.1748E-03
  3.6899998078E+02  2.2612209877E-03  1.1306E-03  1.1306E-03
  3.6999998078E+02  2.1728138499E-03  1.0864E-03  1.0864E-03
  3.7099998078E+02  2.0843032347E-03  1.0422E-03  1.0422E-03
  3.7199998078E+02  1.9956891421E-03  9.9784E-04  9.9784E-04
  3.7299998078E+02  1.9069715721E-03  9.5349E-04  9.5349E-04
  3.7399998078E+02  1.8181505247E-03  9.0908E-04  9.0908E-04
  3.7499998078E+02  2.4071866397E-03  1.2036E-03  1.2036E-03
  3.7599998078E+02  2.6034890447E-03  1.3017E-03  1.3017E-03
  3.7699998078E+02  2.7974334215E-03  1.3987E-03  1.3987E-03
  3.7799998078E+02  2.9889325123E-03  1.4945E-03  1.4945E-03
  3.7899998078E+02  3.1842021938E-03  1.5921E-03  1.5921E-03
  3.7999998078E+02  3.3832424662E-03  1.6916E-03  1.6916E-03
  3.8099998078E+02  3.5860533293E-03  1.7930E-03  1.7930E-03
  3.8199998078E+02  3.7926347833E-03  1.8963E-03  1.8963E-03
  3.8299998078E+02  4.0029868280E-03  2.0015E-03  2.0015E-03
  3.8399998078E+02  4.2171094635E-03  2.1086E-03  2.1086E-03
  3.8499998078E+02  4.4350026898E-03  2.2175E-03  2.2175E-03
  3.8599998078E+02  4.6566665069E-03  2.3283E-03  2.3283E-03
  3.8699998078E+02  4.8821009149E-03  2.4411E-03  2.4411E-03
  3.8799998078E+02  5.1113059135E-03  2.5557E-03  2.5557E-03
  3.8899998078E+02  5.3442815030E-03  2.6721E-03  2.6721E-03
  3.8999998078E+02  5.5810276833E-03  2.7905E-03  2.7905E-03
  3.9099998078E+02  5.8215444544E-03  2.9108E-03  2.9108E-03
  3.9199998078E+02  6.0658318163E-03  3.0329E-03  3.0329E-03
  3.9299998078E+02  6.3138897689E-03  3.1569E-03  3.1569E-03
  3.9399998078E+02  6.5657183124E-03  3.2829E-03  3.2829E-03
  3.9499998078E+02  6.8213174466E-03  3.4107E-03  3.4107E-03
  3.9599998078E+02  7.0806871717E-03  3.5403E-03  3.5403E-03
  3.9699998078E+02  7.3442383140E-03  3.6721E-03  3.6721E-03
  3.9799998078E+02  7.6666171703E-03  3.8333E-03  3.8333E-03
  3.9899998078E+02  9.1561368151E-03  4.5781E-03  4.5781E-03
  3.9999998078E+02  1.0692319285E-02  5.3462E-03  5.3462E-03
  4.0099998078E+02  1.1877406626E-02  5.9387E-03  5.9387E-03
  4.0199998078E+02  1.2949013558E-02  6.4745E-03  6.4745E-03
  4.0299998078E+02  1.3907140081E-02  6.9536E-03  6.9536E-03
  4.0399998078E+02  1.4751786195E-02  7.3759E-03  7.3759E-03
  4.0499998078E+02  1.5482951900E-02  7.7415E-03  7.7415E-03
  4.0599998078E+02  1.6235732773E-02  8.1179E-03  8.1179E-03
  4.0699998078E+02  1.7306140126E-02  8.6531E-03  8.6531E-03
  4.0799998078E+02  1.8704645061E-02  9.3523E-03  9.3523E-03
  4.0899998078E+02  1.7914565203E-02  8.9573E-03  8.9573E-03
  4.0999998078E+02  1.6093715204E-02  8.0469E-03  8.0469E-03
  4.1099998078E+02  1.4428044699E-02  7.2140E-03  7.2140E-03
  4.1199998078E+02  1.2917553687E-02  6.4588E-03  6.4588E-03
  4.1299998078E+02  1.2212843950E-02  6.1064E-03  6.1064E-03
  4.1399998078E+02  1.2155134082E-02  6.0776E-03  6.0776E-03
  4.1499998078E+02  1.1813386472E-02  5.9067E-03  5.9067E-03
  4.1599998078E+02  1.1754339684E-02  5.8772E-03  5.8772E-03
  4.1699998078E+02  1.1692457714E-02  5.8462E-03  5.8462E-03
  4.1799998078E+02  1.1627740560E-02  5.8139E-03  5.8139E-03
  4.1899998078E+02  1.1560188224E-02  5.7801E-03  5.7801E-03
  4.1999998078E+02  1.1489800705E-02  5.7449E-03  5.7449E-03
  4.2099998078E+02  1.1416578003E-02  5.7083E-03  5.7083E-03
  4.2199998078E+02  1.1340520118E-02  5.6703E-03  5.6703E-03
  4.2299998078E+02  1.1261627050E-02  5.6308E-03  5.6308E-03
  4.2399998078E+02  1.1179898799E-02  5.5899E-03  5.5899E-03
  4.2499998078E+02  1.1095335365E-02  5.5477E-03  5.5477E-03
  4.2599998078E+02  1.1007936748E-02  5.5040E-03  5.5040E-03
  4.2699998078E+02  1.0917702949E-02  5.4589E-03  5.4589E-03
  4.2799998078E+02  1.0824633966E-02  5.4123E-03  5.4123E-03
  4.2899998078E+02  1.0728729801E-02  5.3644E-03  5.3644E-03
  4.2999998078E+02  1.0629990452E-02  5.3150E-03  5.3150E-03
  4.3099998078E+02  1.0528415921E-02  5.2642E-03  5.2642E-03
  4.3199998078E+02  1.0424006207E-02  5.2120E-03  5.2120E-03
  4.3299998078E+02  1.0316761309E-02  5.1584E-03  5.1584E-03
  4.3399998078E+02  1.0206681229E-02  5.1033E-03  5.1033E-03
  4.3499998078E+02  1.0093765966E-02  5.0469E-03  5.0469E-03
  4.3599998078E+02  9.9780155204E-03  4.9890E-03  4.9890E-03
  4.3699998078E+02  9.8594298916E-03  4.9297E-03  4.9297E-03
  4.3799998078E+02  9.7380090798E-03  4.8690E-03  4.8690E-03
  4.3899998078E+02  9.6137530851E-03  4.8069E-03  4.8069E-03
  4.3999998078E+02  9.5349664661E-03  4.7675E-03  4.7675E-03
  4.4099998078E+02  9.5246517854E-03  4.7623E-03  4.7623E-03
  4.4199998078E+02  9.4444308026E-03  4.7222E-03  4.7222E-03
  4.4299998078E+02  9.2943035177E-03  4.6472E-03  4.6472E-03
  4.4399998078E+02  9.0742699306E-03  4.5371E-03  4.5371E-03
  4.4499998078E+02  8.7843300415E-03  4.3922E-03  4.3922E-03
  4.4599998078E+02  8.5064066586E-03  4.2532E-03  4.2532E-03
  4.4699998078E+02  8.3640626153E-03  4.1820E-03  4.1820E-03
  4.4799998078E+02  8.2576781940E-03  4.1288E-03  4.1288E-03
  4.4899998078E+02  8.2045478432E-03  4.1023E-03  4.1023E-03
  4.4999998078E+02  8.5749013590E-03  4.2875E-03  4.2875E-03
  4.5099998078E+02  9.4717129988E-03  4.7359E-03  4.7359E-03
  4.5199998078E+02  9.4049461174E-03  4.7025E-03  4.7025E-03
  4.5299998078E+02  9.2275426180E-03  4.6138E-03  4.6138E-03
  4.5399998078E+02  9.0236524468E-03  4.5118E-03  4.5118E-03
  4.5499998078E+02  7.0681598294E-03  3.5341E-03  3.5341E-03
  4.5599998078E+02  6.9516451843E-03  3.4758E-03  3.4758E-03
  4.5699998078E+02  6.8362159459E-03  3.4181E-03  3.4181E-03
  4.5799998078E+02  6.7218721144E-03  3.3609E-03  3.3609E-03
  4.5899998078E+02  6.6086136896E-03  3.3043E-03  3.3043E-03
  4.5999998078E+02  6.4964406716E-03  3.2482E-03  3.2482E-03
  4.6099998078E+02  6.3853530605E-03  3.1927E-03  3.1927E-03
  4.6199998078E+02  6.2753508561E-03  3.1377E-03  3.1377E-03
  4.6299998078E+02  6.1664340585E-03  3.0832E-03  3.0832E-03
  4.6399998078E+02  6.0586026677E-03  3.0293E-03  3.0293E-03
  4.6499998078E+02  5.9518566837E-03  2.9759E-03  2.9759E-03
  4.6599998078E+02  5.8461961065E-03  2.9231E-03  2.9231E-03
  4.6699998078E+02  5.7416209361E-03  2.8708E-03  2.8708E-03
  4.6799998078E+02  5.6381311725E-03  2.8191E-03  2.8191E-03
  4.6899998078E+02  5.5357268157E-03  2.7679E-03  2.7679E-03
  4.6999998078E+02  5.4344078657E-03  2.7172E-03  2.7172E-03
  4.7099998078E+02  5.3341743224E-03  2.6671E-03  2.6671E-03
  4.7199998078E+02  5.2350261860E-03  2.6175E-03  2.6175E-03
  4.7299998078E+02  1.7230354611E-02  8.6152E-03  8.6152E-03
  4.7399998078E+02  2.5663465911E-02  1.2832E-02  1.2832E-02
  4.7499998078E+02  3.5226734372E-02  1.7613E-02  1.7613E-02
  4.7599998078E+02  7.5406017780E-02  3.7703E-02  3.7703E-02
  4.7699998078E+02  6.8862678018E-02  3.4431E-02  3.4431E-02
  4.7799998078E+02  6.4562450191E-02  3.2281E-02  3.2281E-02
  4.7899998078E+02  6.1725239206E-02  3.0863E-02  3.0863E-02
  4.7999998078E+02  5.9065839681E-02  2.9533E-02  2.9533E-02
  4.8099998078E+02  6.4347656218E-02  3.2174E-02  3.2174E-02
  4.8199998078E+02  6.3202650956E-02  3.1601E-02  3.1601E-02
  4.8299998078E+02  5.9277835936E-02  2.9639E-02  2.9639E-02
  4.8399998078E+02  6.1079082023E-02  3.0540E-02  3.0540E-02
  4.8499998078E+02  6.2711823644E-02  3.1356E-02  3.1356E-02
  4.8599998078E+02  6.4503193195E-02  3.2252E-02  3.2252E-02
  4.8699998078E+02  6.6662524871E-02  3.3331E-02  3.3331E-02
  4.8799998078E+02  7.1633354277E-02  3.5817E-02  3.5817E-02
  4.8899998078E+02  7.4153799753E-02  3.7077E-02  3.7077E-02
  4.8999998078E+02  7.6716805579E-02  3.8358E-02  3.8358E-02
  4.9099998078E+02  9.8017388746E-02  4.9009E-02  4.9009E-02
  4.9199998078E+02  8.8483531417E-02  4.4242E-02  4.4242E-02
  4.9299998078E+02  8.7281252794E-02  4.3641E-02  4.3641E-02
  4.9399998078E+02  8.3559207600E-02  4.1780E-02  4.1780E-02
  4.9499998078E+02  8.1682815198E-02  4.0841E-02  4.0841E-02
  4.9599998078E+02  7.9306372882E-02  3.9653E-02  3.9653E-02
  4.9699998078E+02  7.6581212958E-02  3.8291E-02  3.8291E-02
  4.9799998078E+02  7.8454856176E-02  3.9227E-02  3.9227E-02
  4.9899998078E+02  7.9615055915E-02  3.9808E-02  3.9808E-02
  4.9999998078E+02  6.0224980839E-02  3.0112E-02  3.0112E-02
  5.0099998078E+02  4.0658571895E-02  2.0329E-02  2.0329E-02
  5.0199998078E+02  3.3995440861E-02  1.6998E-02  1.6998E-02
  5.0299998078E+02  2.8329021016E-02  1.4165E-02  1.4165E-02
  5.0399998078E+02  2.4576941173E-02  1.2288E-02  1.2288E-02
  5.0499998078E+02  2.0249725573E-02  1.0125E-02  1.0125E-02
  5.0599998078E+02  1.6365540560E-02  8.1828E-03  8.1828E-03
  5.0699998078E+02  1.5136607719E-02  7.5683E-03  7.5683E-03
  5.0799998078E+02  1.4026011692E-02  7.0130E-03  7.0130E-03
  5.0899998078E+02  1.3333042955E-02  6.6665E-03  6.6665E-03
  5.0999998078E+02  1.2472177515E-02  6.2361E-03  6.2361E-03
  5.1099998078E+02  1.1443415372E-02  5.7217E-03  5.7217E-03
  5.1199998078E+02  1.0246756526E-02  5.1234E-03  5.1234E-03
  5.1299998078E+02  8.8822009765E-03  4.4411E-03  4.4411E-03
  5.1399998078E+02  7.3497487243E-03  3.6749E-03  3.6749E-03
  5.1499998078E+02  5.9575951360E-03  2.9788E-03  2.9788E-03
  5.1599998078E+02  6.6509476761E-03  3.3255E-03  3.3255E-03
  5.1699998078E+02  4.9523537825E-03  2.4762E-03  2.4762E-03
  5.1799998078E+02  1.8811448309E-03  9.4057E-04  9.4057E-04
  5.1899998078E+02  1.1997191060E-03  5.9986E-04  5.9986E-04
  5.1999998078E+02  6.7090099348E-04  3.3545E-04  3.3545E-04
  5.2099998078E+02  2.9469049328E-04  1.4735E-04  1.4735E-04
  5.2199998078E+02  7.1087605426E-05  3.5544E-05  3.5544E-05
  5.2299998078E+02  0.0000000000E+00  0.0000E+00  0.0000E+00
